YEAR  MO  DA  HR    LAT     LON Rn2200010
2014  12  29  12 -20.65  -48.05  0.17E-11
2014  12  29  12 -20.60  -48.05  0.13E-10
2014  12  29  12 -20.55  -48.05  0.20E-10
2014  12  29  12 -20.50  -48.05  0.41E-10
2014  12  29  12 -20.45  -48.05  0.47E-10
2014  12  29  12 -20.40  -48.05  0.37E-10
2014  12  29  12 -20.75  -48.00  0.74E-11
2014  12  29  12 -20.70  -48.00  0.11E-10
2014  12  29  12 -20.65  -48.00  0.25E-10
2014  12  29  12 -20.60  -48.00  0.28E-10
2014  12  29  12 -20.55  -48.00  0.48E-10
2014  12  29  12 -20.50  -48.00  0.58E-10
2014  12  29  12 -20.45  -48.00  0.78E-10
2014  12  29  12 -20.40  -48.00  0.12E-09
2014  12  29  12 -20.35  -48.00  0.25E-09
2014  12  29  12 -20.30  -48.00  0.28E-09
2014  12  29  12 -20.25  -48.00  0.75E-10
2014  12  29  12 -20.85  -47.95  0.32E-11
2014  12  29  12 -20.80  -47.95  0.91E-11
2014  12  29  12 -20.75  -47.95  0.12E-10
2014  12  29  12 -20.70  -47.95  0.17E-10
2014  12  29  12 -20.65  -47.95  0.16E-10
2014  12  29  12 -20.60  -47.95  0.22E-10
2014  12  29  12 -20.55  -47.95  0.22E-10
2014  12  29  12 -20.50  -47.95  0.26E-10
2014  12  29  12 -20.45  -47.95  0.45E-10
2014  12  29  12 -20.40  -47.95  0.59E-10
2014  12  29  12 -20.35  -47.95  0.62E-10
2014  12  29  12 -20.30  -47.95  0.11E-09
2014  12  29  12 -20.25  -47.95  0.38E-09
2014  12  29  12 -20.20  -47.95  0.52E-09
2014  12  29  12 -20.15  -47.95  0.53E-09
2014  12  29  12 -20.10  -47.95  0.96E-10
2014  12  29  12 -20.90  -47.90  0.37E-11
2014  12  29  12 -20.85  -47.90  0.96E-11
2014  12  29  12 -20.80  -47.90  0.92E-11
2014  12  29  12 -20.75  -47.90  0.13E-10
2014  12  29  12 -20.70  -47.90  0.13E-10
2014  12  29  12 -20.65  -47.90  0.14E-10
2014  12  29  12 -20.60  -47.90  0.84E-11
2014  12  29  12 -20.55  -47.90  0.23E-10
2014  12  29  12 -20.50  -47.90  0.30E-10
2014  12  29  12 -20.45  -47.90  0.24E-10
2014  12  29  12 -20.40  -47.90  0.34E-10
2014  12  29  12 -20.35  -47.90  0.39E-10
2014  12  29  12 -20.30  -47.90  0.59E-10
2014  12  29  12 -20.25  -47.90  0.68E-10
2014  12  29  12 -20.20  -47.90  0.10E-09
2014  12  29  12 -20.15  -47.90  0.26E-09
2014  12  29  12 -20.10  -47.90  0.83E-09
2014  12  29  12 -20.05  -47.90  0.11E-08
2014  12  29  12 -20.00  -47.90  0.68E-09
2014  12  29  12 -20.95  -47.85  0.15E-11
2014  12  29  12 -20.90  -47.85  0.22E-11
2014  12  29  12 -20.85  -47.85  0.44E-11
2014  12  29  12 -20.80  -47.85  0.82E-11
2014  12  29  12 -20.75  -47.85  0.12E-10
2014  12  29  12 -20.70  -47.85  0.13E-10
2014  12  29  12 -20.65  -47.85  0.18E-10
2014  12  29  12 -20.60  -47.85  0.22E-10
2014  12  29  12 -20.55  -47.85  0.19E-10
2014  12  29  12 -20.50  -47.85  0.13E-10
2014  12  29  12 -20.45  -47.85  0.19E-10
2014  12  29  12 -20.40  -47.85  0.30E-10
2014  12  29  12 -20.35  -47.85  0.26E-10
2014  12  29  12 -20.30  -47.85  0.27E-10
2014  12  29  12 -20.25  -47.85  0.30E-10
2014  12  29  12 -20.20  -47.85  0.50E-10
2014  12  29  12 -20.15  -47.85  0.66E-10
2014  12  29  12 -20.10  -47.85  0.13E-09
2014  12  29  12 -20.05  -47.85  0.28E-09
2014  12  29  12 -20.00  -47.85  0.26E-09
2014  12  29  12 -20.85  -47.80  0.15E-11
2014  12  29  12 -20.80  -47.80  0.15E-11
2014  12  29  12 -20.75  -47.80  0.22E-11
2014  12  29  12 -20.70  -47.80  0.67E-11
2014  12  29  12 -20.65  -47.80  0.12E-10
2014  12  29  12 -20.60  -47.80  0.13E-10
2014  12  29  12 -20.55  -47.80  0.79E-11
2014  12  29  12 -20.50  -47.80  0.91E-11
2014  12  29  12 -20.45  -47.80  0.13E-10
2014  12  29  12 -20.40  -47.80  0.12E-10
2014  12  29  12 -20.35  -47.80  0.11E-10
2014  12  29  12 -20.30  -47.80  0.11E-10
2014  12  29  12 -20.25  -47.80  0.25E-10
2014  12  29  12 -20.20  -47.80  0.33E-10
2014  12  29  12 -20.15  -47.80  0.38E-10
2014  12  29  12 -20.10  -47.80  0.28E-10
2014  12  29  12 -20.70  -47.75  0.15E-11
2014  12  29  12 -20.65  -47.75  0.15E-11
2014  12  29  12 -20.60  -47.75  0.53E-11
2014  12  29  12 -20.55  -47.75  0.38E-11
2014  12  29  12 -20.50  -47.75  0.46E-11
2014  12  29  12 -20.45  -47.75  0.70E-11
2014  12  29  12 -20.40  -47.75  0.79E-11
2014  12  29  12 -20.35  -47.75  0.10E-10
2014  12  29  12 -20.30  -47.75  0.18E-10
2014  12  29  12 -20.25  -47.75  0.82E-11
2014  12  29  12 -20.20  -47.75  0.59E-11
2014  12  29  12 -20.55  -47.70  0.76E-12
2014  12  29  12 -20.50  -47.70  0.15E-11
2014  12  29  12 -20.45  -47.70  0.39E-11
2014  12  29  12 -20.40  -47.70  0.33E-11
2014  12  29  12 -20.35  -47.70  0.41E-11
2014  12  30   0 -20.60  -48.10  0.86E-12
2014  12  30   0 -20.90  -48.05  0.12E-11
2014  12  30   0 -20.85  -48.05  0.77E-11
2014  12  30   0 -20.80  -48.05  0.25E-10
2014  12  30   0 -20.75  -48.05  0.33E-10
2014  12  30   0 -20.70  -48.05  0.45E-10
2014  12  30   0 -20.65  -48.05  0.60E-10
2014  12  30   0 -20.60  -48.05  0.51E-10
2014  12  30   0 -20.55  -48.05  0.51E-10
2014  12  30   0 -20.50  -48.05  0.49E-10
2014  12  30   0 -20.45  -48.05  0.45E-10
2014  12  30   0 -20.40  -48.05  0.38E-10
2014  12  30   0 -21.00  -48.00  0.12E-11
2014  12  30   0 -20.95  -48.00  0.10E-10
2014  12  30   0 -20.90  -48.00  0.31E-10
2014  12  30   0 -20.85  -48.00  0.37E-10
2014  12  30   0 -20.80  -48.00  0.28E-10
2014  12  30   0 -20.75  -48.00  0.25E-10
2014  12  30   0 -20.70  -48.00  0.24E-10
2014  12  30   0 -20.65  -48.00  0.10E-10
2014  12  30   0 -20.60  -48.00  0.11E-10
2014  12  30   0 -20.55  -48.00  0.19E-10
2014  12  30   0 -20.50  -48.00  0.26E-10
2014  12  30   0 -20.45  -48.00  0.34E-10
2014  12  30   0 -20.40  -48.00  0.38E-10
2014  12  30   0 -20.35  -48.00  0.52E-10
2014  12  30   0 -20.30  -48.00  0.65E-10
2014  12  30   0 -20.25  -48.00  0.34E-10
2014  12  30   0 -21.05  -47.95  0.11E-10
2014  12  30   0 -21.00  -47.95  0.32E-10
2014  12  30   0 -20.95  -47.95  0.41E-10
2014  12  30   0 -20.90  -47.95  0.18E-10
2014  12  30   0 -20.85  -47.95  0.13E-10
2014  12  30   0 -20.80  -47.95  0.80E-11
2014  12  30   0 -20.75  -47.95  0.86E-11
2014  12  30   0 -20.70  -47.95  0.62E-11
2014  12  30   0 -20.65  -47.95  0.83E-11
2014  12  30   0 -20.60  -47.95  0.76E-11
2014  12  30   0 -20.55  -47.95  0.13E-10
2014  12  30   0 -20.50  -47.95  0.12E-10
2014  12  30   0 -20.45  -47.95  0.77E-11
2014  12  30   0 -20.40  -47.95  0.10E-10
2014  12  30   0 -20.35  -47.95  0.12E-10
2014  12  30   0 -20.30  -47.95  0.36E-10
2014  12  30   0 -20.25  -47.95  0.21E-10
2014  12  30   0 -20.20  -47.95  0.59E-10
2014  12  30   0 -20.15  -47.95  0.70E-10
2014  12  30   0 -20.10  -47.95  0.32E-10
2014  12  30   0 -21.15  -47.90  0.11E-11
2014  12  30   0 -21.10  -47.90  0.61E-11
2014  12  30   0 -21.05  -47.90  0.27E-10
2014  12  30   0 -21.00  -47.90  0.15E-10
2014  12  30   0 -20.95  -47.90  0.95E-11
2014  12  30   0 -20.90  -47.90  0.10E-10
2014  12  30   0 -20.85  -47.90  0.83E-11
2014  12  30   0 -20.80  -47.90  0.88E-11
2014  12  30   0 -20.75  -47.90  0.78E-11
2014  12  30   0 -20.70  -47.90  0.66E-11
2014  12  30   0 -20.65  -47.90  0.14E-10
2014  12  30   0 -20.60  -47.90  0.11E-10
2014  12  30   0 -20.55  -47.90  0.11E-10
2014  12  30   0 -20.50  -47.90  0.17E-10
2014  12  30   0 -20.45  -47.90  0.29E-10
2014  12  30   0 -20.40  -47.90  0.12E-10
2014  12  30   0 -20.35  -47.90  0.14E-10
2014  12  30   0 -20.30  -47.90  0.65E-11
2014  12  30   0 -20.25  -47.90  0.22E-10
2014  12  30   0 -20.20  -47.90  0.27E-10
2014  12  30   0 -20.15  -47.90  0.15E-10
2014  12  30   0 -20.10  -47.90  0.70E-10
2014  12  30   0 -20.05  -47.90  0.20E-09
2014  12  30   0 -20.00  -47.90  0.26E-09
2014  12  30   0 -21.15  -47.85  0.21E-11
2014  12  30   0 -21.10  -47.85  0.16E-10
2014  12  30   0 -21.05  -47.85  0.11E-10
2014  12  30   0 -21.00  -47.85  0.97E-11
2014  12  30   0 -20.95  -47.85  0.79E-11
2014  12  30   0 -20.90  -47.85  0.11E-10
2014  12  30   0 -20.85  -47.85  0.95E-11
2014  12  30   0 -20.80  -47.85  0.71E-11
2014  12  30   0 -20.75  -47.85  0.19E-10
2014  12  30   0 -20.70  -47.85  0.49E-11
2014  12  30   0 -20.65  -47.85  0.14E-10
2014  12  30   0 -20.60  -47.85  0.12E-10
2014  12  30   0 -20.55  -47.85  0.88E-11
2014  12  30   0 -20.50  -47.85  0.71E-11
2014  12  30   0 -20.45  -47.85  0.11E-10
2014  12  30   0 -20.40  -47.85  0.13E-10
2014  12  30   0 -20.35  -47.85  0.13E-10
2014  12  30   0 -20.30  -47.85  0.91E-11
2014  12  30   0 -20.25  -47.85  0.66E-11
2014  12  30   0 -20.20  -47.85  0.21E-10
2014  12  30   0 -20.15  -47.85  0.41E-10
2014  12  30   0 -20.10  -47.85  0.75E-10
2014  12  30   0 -20.05  -47.85  0.18E-09
2014  12  30   0 -20.00  -47.85  0.10E-08
2014  12  30   0 -19.95  -47.85  0.50E-10
2014  12  30   0 -21.15  -47.80  0.54E-11
2014  12  30   0 -21.10  -47.80  0.25E-11
2014  12  30   0 -21.05  -47.80  0.17E-10
2014  12  30   0 -21.00  -47.80  0.10E-10
2014  12  30   0 -20.95  -47.80  0.73E-11
2014  12  30   0 -20.90  -47.80  0.21E-10
2014  12  30   0 -20.85  -47.80  0.25E-10
2014  12  30   0 -20.80  -47.80  0.17E-10
2014  12  30   0 -20.75  -47.80  0.14E-10
2014  12  30   0 -20.70  -47.80  0.17E-10
2014  12  30   0 -20.65  -47.80  0.16E-10
2014  12  30   0 -20.60  -47.80  0.91E-11
2014  12  30   0 -20.55  -47.80  0.99E-11
2014  12  30   0 -20.50  -47.80  0.84E-11
2014  12  30   0 -20.45  -47.80  0.13E-10
2014  12  30   0 -20.40  -47.80  0.68E-11
2014  12  30   0 -20.35  -47.80  0.15E-10
2014  12  30   0 -20.30  -47.80  0.86E-11
2014  12  30   0 -20.25  -47.80  0.10E-10
2014  12  30   0 -20.20  -47.80  0.24E-10
2014  12  30   0 -20.15  -47.80  0.40E-10
2014  12  30   0 -20.10  -47.80  0.32E-10
2014  12  30   0 -20.05  -47.80  0.67E-10
2014  12  30   0 -20.00  -47.80  0.35E-09
2014  12  30   0 -19.95  -47.80  0.11E-09
2014  12  30   0 -21.20  -47.75  0.14E-11
2014  12  30   0 -21.15  -47.75  0.82E-11
2014  12  30   0 -21.10  -47.75  0.11E-10
2014  12  30   0 -21.05  -47.75  0.19E-10
2014  12  30   0 -21.00  -47.75  0.28E-10
2014  12  30   0 -20.95  -47.75  0.26E-10
2014  12  30   0 -20.90  -47.75  0.38E-10
2014  12  30   0 -20.85  -47.75  0.31E-10
2014  12  30   0 -20.80  -47.75  0.29E-10
2014  12  30   0 -20.75  -47.75  0.25E-10
2014  12  30   0 -20.70  -47.75  0.26E-10
2014  12  30   0 -20.65  -47.75  0.25E-10
2014  12  30   0 -20.60  -47.75  0.27E-10
2014  12  30   0 -20.55  -47.75  0.82E-11
2014  12  30   0 -20.50  -47.75  0.11E-10
2014  12  30   0 -20.45  -47.75  0.12E-10
2014  12  30   0 -20.40  -47.75  0.59E-11
2014  12  30   0 -20.35  -47.75  0.12E-10
2014  12  30   0 -20.30  -47.75  0.81E-11
2014  12  30   0 -20.25  -47.75  0.95E-11
2014  12  30   0 -20.20  -47.75  0.17E-10
2014  12  30   0 -20.15  -47.75  0.32E-10
2014  12  30   0 -20.10  -47.75  0.27E-10
2014  12  30   0 -20.05  -47.75  0.52E-10
2014  12  30   0 -20.00  -47.75  0.14E-09
2014  12  30   0 -19.95  -47.75  0.14E-09
2014  12  30   0 -21.25  -47.70  0.24E-11
2014  12  30   0 -21.20  -47.70  0.12E-10
2014  12  30   0 -21.15  -47.70  0.13E-10
2014  12  30   0 -21.10  -47.70  0.21E-10
2014  12  30   0 -21.05  -47.70  0.25E-10
2014  12  30   0 -21.00  -47.70  0.99E-11
2014  12  30   0 -20.95  -47.70  0.10E-10
2014  12  30   0 -20.90  -47.70  0.50E-11
2014  12  30   0 -20.85  -47.70  0.87E-11
2014  12  30   0 -20.80  -47.70  0.48E-11
2014  12  30   0 -20.75  -47.70  0.16E-10
2014  12  30   0 -20.70  -47.70  0.26E-10
2014  12  30   0 -20.65  -47.70  0.32E-10
2014  12  30   0 -20.60  -47.70  0.12E-10
2014  12  30   0 -20.55  -47.70  0.20E-10
2014  12  30   0 -20.50  -47.70  0.99E-11
2014  12  30   0 -20.45  -47.70  0.92E-11
2014  12  30   0 -20.40  -47.70  0.12E-10
2014  12  30   0 -20.35  -47.70  0.15E-10
2014  12  30   0 -20.30  -47.70  0.77E-11
2014  12  30   0 -20.25  -47.70  0.19E-10
2014  12  30   0 -20.20  -47.70  0.24E-10
2014  12  30   0 -20.15  -47.70  0.21E-10
2014  12  30   0 -20.10  -47.70  0.27E-10
2014  12  30   0 -20.05  -47.70  0.37E-10
2014  12  30   0 -20.00  -47.70  0.12E-09
2014  12  30   0 -19.95  -47.70  0.11E-09
2014  12  30   0 -21.35  -47.65  0.67E-12
2014  12  30   0 -21.30  -47.65  0.34E-11
2014  12  30   0 -21.25  -47.65  0.37E-11
2014  12  30   0 -21.20  -47.65  0.69E-11
2014  12  30   0 -21.15  -47.65  0.19E-10
2014  12  30   0 -21.10  -47.65  0.14E-10
2014  12  30   0 -21.05  -47.65  0.65E-11
2014  12  30   0 -21.00  -47.65  0.21E-11
2014  12  30   0 -20.95  -47.65  0.11E-11
2014  12  30   0 -20.70  -47.65  0.81E-12
2014  12  30   0 -20.65  -47.65  0.11E-10
2014  12  30   0 -20.60  -47.65  0.28E-10
2014  12  30   0 -20.55  -47.65  0.32E-10
2014  12  30   0 -20.50  -47.65  0.22E-10
2014  12  30   0 -20.45  -47.65  0.15E-10
2014  12  30   0 -20.40  -47.65  0.11E-10
2014  12  30   0 -20.35  -47.65  0.18E-10
2014  12  30   0 -20.30  -47.65  0.14E-10
2014  12  30   0 -20.25  -47.65  0.13E-10
2014  12  30   0 -20.20  -47.65  0.14E-10
2014  12  30   0 -20.15  -47.65  0.17E-10
2014  12  30   0 -20.10  -47.65  0.31E-10
2014  12  30   0 -20.05  -47.65  0.33E-10
2014  12  30   0 -20.00  -47.65  0.70E-10
2014  12  30   0 -19.95  -47.65  0.11E-09
2014  12  30   0 -21.35  -47.60  0.67E-12
2014  12  30   0 -21.30  -47.60  0.13E-11
2014  12  30   0 -21.25  -47.60  0.21E-11
2014  12  30   0 -21.20  -47.60  0.72E-11
2014  12  30   0 -21.15  -47.60  0.41E-11
2014  12  30   0 -21.10  -47.60  0.27E-11
2014  12  30   0 -20.65  -47.60  0.82E-12
2014  12  30   0 -20.60  -47.60  0.45E-11
2014  12  30   0 -20.55  -47.60  0.86E-11
2014  12  30   0 -20.50  -47.60  0.19E-10
2014  12  30   0 -20.45  -47.60  0.22E-10
2014  12  30   0 -20.40  -47.60  0.28E-10
2014  12  30   0 -20.35  -47.60  0.17E-10
2014  12  30   0 -20.30  -47.60  0.12E-10
2014  12  30   0 -20.25  -47.60  0.14E-10
2014  12  30   0 -20.20  -47.60  0.16E-10
2014  12  30   0 -20.15  -47.60  0.20E-10
2014  12  30   0 -20.10  -47.60  0.20E-10
2014  12  30   0 -20.05  -47.60  0.26E-10
2014  12  30   0 -20.00  -47.60  0.78E-10
2014  12  30   0 -19.95  -47.60  0.67E-10
2014  12  30   0 -21.30  -47.55  0.67E-12
2014  12  30   0 -21.20  -47.55  0.10E-11
2014  12  30   0 -20.60  -47.55  0.82E-12
2014  12  30   0 -20.55  -47.55  0.16E-11
2014  12  30   0 -20.50  -47.55  0.78E-11
2014  12  30   0 -20.45  -47.55  0.11E-10
2014  12  30   0 -20.40  -47.55  0.15E-10
2014  12  30   0 -20.35  -47.55  0.28E-10
2014  12  30   0 -20.30  -47.55  0.28E-10
2014  12  30   0 -20.25  -47.55  0.12E-10
2014  12  30   0 -20.20  -47.55  0.12E-10
2014  12  30   0 -20.15  -47.55  0.16E-10
2014  12  30   0 -20.10  -47.55  0.18E-10
2014  12  30   0 -20.05  -47.55  0.32E-10
2014  12  30   0 -20.00  -47.55  0.14E-09
2014  12  30   0 -20.45  -47.50  0.17E-11
2014  12  30   0 -20.40  -47.50  0.75E-11
2014  12  30   0 -20.35  -47.50  0.12E-10
2014  12  30   0 -20.30  -47.50  0.21E-10
2014  12  30   0 -20.25  -47.50  0.23E-10
2014  12  30   0 -20.20  -47.50  0.22E-10
2014  12  30   0 -20.15  -47.50  0.21E-10
2014  12  30   0 -20.10  -47.50  0.50E-10
2014  12  30   0 -20.05  -47.50  0.61E-10
2014  12  30   0 -20.00  -47.50  0.58E-10
2014  12  30   0 -20.35  -47.45  0.34E-11
2014  12  30   0 -20.30  -47.45  0.15E-10
2014  12  30   0 -20.25  -47.45  0.40E-10
2014  12  30   0 -20.20  -47.45  0.50E-10
2014  12  30   0 -20.15  -47.45  0.36E-10
2014  12  30   0 -20.10  -47.45  0.25E-10
2014  12  30   0 -20.05  -47.45  0.14E-10
2014  12  30   0 -20.20  -47.40  0.84E-12
2014  12  30   0 -20.15  -47.40  0.13E-11
