YEAR  MO  DA  HR    LAT     LON Rn2200100
1951   2   9  12 -20.55  -48.30  0.15E-12
1951   2   9  12 -20.50  -48.30  0.15E-12
1951   2   9  12 -20.65  -48.25  0.51E-13
1951   2   9  12 -20.60  -48.25  0.22E-11
1951   2   9  12 -20.55  -48.25  0.25E-10
1951   2   9  12 -20.50  -48.25  0.41E-10
1951   2   9  12 -20.45  -48.25  0.25E-12
1951   2   9  12 -20.75  -48.20  0.10E-12
1951   2   9  12 -20.70  -48.20  0.30E-12
1951   2   9  12 -20.65  -48.20  0.22E-11
1951   2   9  12 -20.60  -48.20  0.97E-11
1951   2   9  12 -20.55  -48.20  0.73E-10
1951   2   9  12 -20.50  -48.20  0.24E-09
1951   2   9  12 -20.45  -48.20  0.43E-10
1951   2   9  12 -20.80  -48.15  0.10E-12
1951   2   9  12 -20.75  -48.15  0.61E-12
1951   2   9  12 -20.70  -48.15  0.17E-11
1951   2   9  12 -20.65  -48.15  0.59E-11
1951   2   9  12 -20.60  -48.15  0.16E-10
1951   2   9  12 -20.55  -48.15  0.40E-10
1951   2   9  12 -20.50  -48.15  0.16E-09
1951   2   9  12 -20.45  -48.15  0.26E-09
1951   2   9  12 -20.40  -48.15  0.10E-10
1951   2   9  12 -20.80  -48.10  0.20E-12
1951   2   9  12 -20.75  -48.10  0.76E-12
1951   2   9  12 -20.70  -48.10  0.15E-11
1951   2   9  12 -20.65  -48.10  0.49E-11
1951   2   9  12 -20.60  -48.10  0.11E-10
1951   2   9  12 -20.55  -48.10  0.19E-10
1951   2   9  12 -20.50  -48.10  0.59E-10
1951   2   9  12 -20.45  -48.10  0.24E-09
1951   2   9  12 -20.40  -48.10  0.20E-09
1951   2   9  12 -20.35  -48.10  0.25E-11
1951   2   9  12 -20.85  -48.05  0.20E-12
1951   2   9  12 -20.80  -48.05  0.11E-11
1951   2   9  12 -20.75  -48.05  0.82E-12
1951   2   9  12 -20.70  -48.05  0.11E-11
1951   2   9  12 -20.65  -48.05  0.20E-11
1951   2   9  12 -20.60  -48.05  0.51E-11
1951   2   9  12 -20.55  -48.05  0.75E-11
1951   2   9  12 -20.50  -48.05  0.18E-10
1951   2   9  12 -20.45  -48.05  0.69E-10
1951   2   9  12 -20.40  -48.05  0.27E-09
1951   2   9  12 -20.35  -48.05  0.16E-09
1951   2   9  12 -20.30  -48.05  0.55E-12
1951   2   9  12 -20.95  -48.00  0.51E-13
1951   2   9  12 -20.90  -48.00  0.15E-12
1951   2   9  12 -20.85  -48.00  0.25E-12
1951   2   9  12 -20.80  -48.00  0.66E-12
1951   2   9  12 -20.75  -48.00  0.36E-12
1951   2   9  12 -20.70  -48.00  0.82E-12
1951   2   9  12 -20.65  -48.00  0.91E-12
1951   2   9  12 -20.60  -48.00  0.17E-11
1951   2   9  12 -20.55  -48.00  0.28E-11
1951   2   9  12 -20.50  -48.00  0.35E-11
1951   2   9  12 -20.45  -48.00  0.12E-10
1951   2   9  12 -20.40  -48.00  0.41E-10
1951   2   9  12 -20.35  -48.00  0.28E-09
1951   2   9  12 -20.30  -48.00  0.18E-09
1951   2   9  12 -20.25  -48.00  0.14E-11
1951   2   9  12 -21.00  -47.95  0.30E-12
1951   2   9  12 -20.95  -47.95  0.51E-13
1951   2   9  12 -20.90  -47.95  0.26E-12
1951   2   9  12 -20.85  -47.95  0.10E-12
1951   2   9  12 -20.80  -47.95  0.26E-12
1951   2   9  12 -20.75  -47.95  0.51E-13
1951   2   9  12 -20.70  -47.95  0.52E-13
1951   2   9  12 -20.65  -47.95  0.52E-13
1951   2   9  12 -20.60  -47.95  0.20E-12
1951   2   9  12 -20.55  -47.95  0.65E-13
1951   2   9  12 -20.50  -47.95  0.46E-12
1951   2   9  12 -20.45  -47.95  0.46E-12
1951   2   9  12 -20.40  -47.95  0.75E-12
1951   2   9  12 -20.35  -47.95  0.11E-10
1951   2   9  12 -20.30  -47.95  0.16E-09
1951   2   9  12 -20.25  -47.95  0.28E-09
1951   2   9  12 -20.20  -47.95  0.17E-09
1951   2   9  12 -20.15  -47.95  0.27E-12
1951   2   9  12 -21.00  -47.90  0.10E-12
1951   2   9  12 -20.25  -47.90  0.21E-11
1951   2   9  12 -20.20  -47.90  0.12E-09
1951   2   9  12 -20.15  -47.90  0.31E-09
1951   2   9  12 -20.10  -47.90  0.36E-09
1951   2   9  12 -20.05  -47.90  0.32E-09
1951   2   9  12 -20.00  -47.90  0.28E-09
1951   2  10   0 -20.70  -48.35  0.14E-11
1951   2  10   0 -20.65  -48.35  0.58E-11
1951   2  10   0 -20.60  -48.35  0.10E-10
1951   2  10   0 -20.55  -48.35  0.13E-11
1951   2  10   0 -20.80  -48.30  0.14E-11
1951   2  10   0 -20.75  -48.30  0.39E-11
1951   2  10   0 -20.70  -48.30  0.26E-10
1951   2  10   0 -20.65  -48.30  0.13E-09
1951   2  10   0 -20.60  -48.30  0.26E-09
1951   2  10   0 -20.55  -48.30  0.14E-09
1951   2  10   0 -20.50  -48.30  0.30E-11
1951   2  10   0 -21.05  -48.25  0.29E-12
1951   2  10   0 -21.00  -48.25  0.47E-12
1951   2  10   0 -20.85  -48.25  0.25E-11
1951   2  10   0 -20.80  -48.25  0.59E-11
1951   2  10   0 -20.75  -48.25  0.21E-10
1951   2  10   0 -20.70  -48.25  0.11E-09
1951   2  10   0 -20.65  -48.25  0.31E-09
1951   2  10   0 -20.60  -48.25  0.35E-09
1951   2  10   0 -20.55  -48.25  0.33E-09
1951   2  10   0 -20.50  -48.25  0.89E-10
1951   2  10   0 -21.05  -48.20  0.59E-13
1951   2  10   0 -21.00  -48.20  0.79E-12
1951   2  10   0 -20.95  -48.20  0.60E-12
1951   2  10   0 -20.90  -48.20  0.33E-11
1951   2  10   0 -20.85  -48.20  0.97E-11
1951   2  10   0 -20.80  -48.20  0.22E-10
1951   2  10   0 -20.75  -48.20  0.61E-10
1951   2  10   0 -20.70  -48.20  0.20E-09
1951   2  10   0 -20.65  -48.20  0.20E-09
1951   2  10   0 -20.60  -48.20  0.51E-10
1951   2  10   0 -20.55  -48.20  0.51E-10
1951   2  10   0 -20.50  -48.20  0.35E-10
1951   2  10   0 -21.00  -48.15  0.11E-11
1951   2  10   0 -20.95  -48.15  0.26E-11
1951   2  10   0 -20.90  -48.15  0.78E-11
1951   2  10   0 -20.85  -48.15  0.33E-10
1951   2  10   0 -20.80  -48.15  0.16E-09
1951   2  10   0 -20.75  -48.15  0.18E-09
1951   2  10   0 -20.70  -48.15  0.22E-09
1951   2  10   0 -20.65  -48.15  0.53E-10
1951   2  10   0 -20.60  -48.15  0.29E-11
1951   2  10   0 -20.55  -48.15  0.61E-12
1951   2  10   0 -21.10  -48.10  0.12E-11
1951   2  10   0 -21.05  -48.10  0.31E-12
1951   2  10   0 -21.00  -48.10  0.32E-11
1951   2  10   0 -20.95  -48.10  0.70E-11
1951   2  10   0 -20.90  -48.10  0.11E-10
1951   2  10   0 -20.85  -48.10  0.59E-10
1951   2  10   0 -20.80  -48.10  0.30E-09
1951   2  10   0 -20.75  -48.10  0.32E-09
1951   2  10   0 -20.70  -48.10  0.13E-09
1951   2  10   0 -20.65  -48.10  0.46E-11
1951   2  10   0 -20.60  -48.10  0.10E-12
1951   2  10   0 -21.10  -48.05  0.87E-12
1951   2  10   0 -21.05  -48.05  0.30E-11
1951   2  10   0 -21.00  -48.05  0.85E-11
1951   2  10   0 -20.95  -48.05  0.57E-11
1951   2  10   0 -20.90  -48.05  0.15E-10
1951   2  10   0 -20.85  -48.05  0.32E-10
1951   2  10   0 -20.80  -48.05  0.12E-09
1951   2  10   0 -20.75  -48.05  0.12E-09
1951   2  10   0 -20.70  -48.05  0.14E-10
1951   2  10   0 -21.20  -48.00  0.12E-12
1951   2  10   0 -21.15  -48.00  0.80E-12
1951   2  10   0 -21.10  -48.00  0.11E-11
1951   2  10   0 -21.05  -48.00  0.10E-10
1951   2  10   0 -21.00  -48.00  0.89E-11
1951   2  10   0 -20.95  -48.00  0.80E-11
1951   2  10   0 -20.90  -48.00  0.92E-11
1951   2  10   0 -20.85  -48.00  0.62E-11
1951   2  10   0 -20.80  -48.00  0.64E-11
1951   2  10   0 -20.75  -48.00  0.42E-11
1951   2  10   0 -21.20  -47.95  0.18E-11
1951   2  10   0 -21.15  -47.95  0.27E-11
1951   2  10   0 -21.10  -47.95  0.49E-11
1951   2  10   0 -21.05  -47.95  0.51E-11
1951   2  10   0 -21.00  -47.95  0.50E-11
1951   2  10   0 -20.95  -47.95  0.82E-11
1951   2  10   0 -20.90  -47.95  0.32E-11
1951   2  10   0 -20.85  -47.95  0.22E-11
1951   2  10   0 -20.80  -47.95  0.58E-13
1951   2  10   0 -21.25  -47.90  0.49E-12
1951   2  10   0 -21.20  -47.90  0.23E-11
1951   2  10   0 -21.15  -47.90  0.51E-11
1951   2  10   0 -21.10  -47.90  0.50E-11
1951   2  10   0 -21.05  -47.90  0.42E-11
1951   2  10   0 -21.00  -47.90  0.25E-11
1951   2  10   0 -20.95  -47.90  0.50E-12
1951   2  10   0 -20.90  -47.90  0.12E-11
1951   2  10   0 -20.85  -47.90  0.19E-12
1951   2  10   0 -21.35  -47.85  0.12E-12
1951   2  10   0 -21.30  -47.85  0.12E-12
1951   2  10   0 -21.25  -47.85  0.88E-12
1951   2  10   0 -21.20  -47.85  0.49E-11
1951   2  10   0 -21.15  -47.85  0.86E-11
1951   2  10   0 -21.10  -47.85  0.34E-11
1951   2  10   0 -21.05  -47.85  0.58E-13
1951   2  10   0 -21.00  -47.85  0.17E-11
1951   2  10   0 -21.40  -47.80  0.20E-12
1951   2  10   0 -21.35  -47.80  0.84E-12
1951   2  10   0 -21.30  -47.80  0.17E-12
1951   2  10   0 -21.25  -47.80  0.77E-12
1951   2  10   0 -21.20  -47.80  0.38E-11
1951   2  10   0 -21.15  -47.80  0.44E-11
1951   2  10   0 -21.10  -47.80  0.28E-11
1951   2  10   0 -21.00  -47.80  0.47E-12
1951   2  10   0 -20.95  -47.80  0.19E-12
1951   2  10   0 -21.50  -47.75  0.22E-12
1951   2  10   0 -21.40  -47.75  0.48E-13
1951   2  10   0 -21.35  -47.75  0.18E-12
1951   2  10   0 -21.30  -47.75  0.12E-12
1951   2  10   0 -21.25  -47.75  0.93E-12
1951   2  10   0 -21.20  -47.75  0.13E-11
1951   2  10   0 -21.15  -47.75  0.15E-11
1951   2  10   0 -21.10  -47.75  0.22E-11
1951   2  10   0 -21.05  -47.75  0.85E-12
1951   2  10   0 -21.00  -47.75  0.58E-12
1951   2  10   0 -20.95  -47.75  0.19E-12
1951   2  10   0 -21.35  -47.70  0.32E-12
1951   2  10   0 -21.30  -47.70  0.30E-12
1951   2  10   0 -21.25  -47.70  0.76E-12
1951   2  10   0 -21.20  -47.70  0.74E-12
1951   2  10   0 -21.15  -47.70  0.47E-12
1951   2  10   0 -21.10  -47.70  0.90E-12
1951   2  10   0 -21.40  -47.65  0.18E-12
1951   2  10   0 -21.35  -47.65  0.12E-12
1951   2  10   0 -21.20  -47.65  0.32E-12
1951   2  10   0 -21.15  -47.65  0.59E-13
1951   2  10   0 -21.45  -47.60  0.67E-12
1951   2  10   0 -21.40  -47.60  0.39E-12
1951   2  10   0 -21.35  -47.60  0.47E-12
1951   2  10   0 -21.45  -47.55  0.44E-12
1951   2  10   0 -21.40  -47.55  0.58E-12
1951   2  10   0 -21.05  -47.55  0.12E-12
1951   2  10   0 -21.35  -47.50  0.82E-12
1951   2  10   0 -21.25  -47.50  0.17E-12
1951   2  10   0 -21.15  -47.50  0.47E-12
1951   2  10   0 -21.35  -47.45  0.12E-12
1951   2  10   0 -21.30  -47.45  0.74E-12
1951   2  10   0 -21.25  -47.45  0.70E-12
1951   2  10   0 -21.15  -47.45  0.23E-12
1951   2  10   0 -21.45  -47.40  0.12E-12
1951   2  10   0 -21.40  -47.40  0.64E-12
1951   2  10   0 -21.30  -47.40  0.12E-12
1951   2  10   0 -21.25  -47.40  0.23E-12
1951   2  10   0 -21.55  -47.35  0.59E-13
1951   2  10   0 -21.50  -47.35  0.15E-11
1951   2  10   0 -21.45  -47.35  0.20E-11
1951   2  10   0 -21.40  -47.35  0.58E-12
1951   2  10   0 -21.35  -47.35  0.12E-12
1951   2  10   0 -21.55  -47.30  0.77E-12
1951   2  10   0 -21.50  -47.30  0.11E-11
1951   2  10   0 -21.45  -47.30  0.77E-12
1951   2  10   0 -21.40  -47.30  0.46E-12
1951   2  10   0 -21.35  -47.30  0.18E-12
1951   2  10   0 -21.65  -47.25  0.48E-13
1951   2  10   0 -21.60  -47.25  0.43E-12
1951   2  10   0 -21.55  -47.25  0.35E-12
1951   2  10   0 -21.50  -47.25  0.65E-12
1951   2  10   0 -21.45  -47.25  0.35E-12
1951   2  10   0 -21.40  -47.25  0.23E-12
1951   2  10   0 -21.50  -47.20  0.29E-12
1951   2  10   0 -21.45  -47.20  0.12E-12
1951   2  10   0 -21.55  -47.15  0.59E-13
1951   2  10   0 -21.50  -47.15  0.12E-12
1951   2  10   0 -21.40  -47.10  0.29E-12
