YEAR  MO  DA  HR    LAT     LON Rn2200100
1951   4  10  12 -19.75  -49.75  0.20E-12
1951   4  10  12 -19.70  -49.75  0.55E-12
1951   4  10  12 -19.75  -49.70  0.66E-12
1951   4  10  12 -19.70  -49.70  0.66E-11
1951   4  10  12 -19.75  -49.65  0.47E-11
1951   4  10  12 -19.70  -49.65  0.41E-10
1951   4  10  12 -19.65  -49.65  0.45E-11
1951   4  10  12 -19.75  -49.60  0.12E-10
1951   4  10  12 -19.70  -49.60  0.12E-09
1951   4  10  12 -19.65  -49.60  0.57E-11
1951   4  10  12 -19.75  -49.55  0.21E-10
1951   4  10  12 -19.70  -49.55  0.18E-09
1951   4  10  12 -19.65  -49.55  0.76E-12
1951   4  10  12 -19.75  -49.50  0.31E-10
1951   4  10  12 -19.70  -49.50  0.18E-09
1951   4  10  12 -19.75  -49.45  0.52E-10
1951   4  10  12 -19.70  -49.45  0.16E-09
1951   4  10  12 -19.75  -49.40  0.78E-10
1951   4  10  12 -19.70  -49.40  0.13E-09
1951   4  10  12 -19.75  -49.35  0.11E-09
1951   4  10  12 -19.70  -49.35  0.96E-10
1951   4  10  12 -19.80  -49.30  0.13E-12
1951   4  10  12 -19.75  -49.30  0.14E-09
1951   4  10  12 -19.70  -49.30  0.61E-10
1951   4  10  12 -19.80  -49.25  0.60E-12
1951   4  10  12 -19.75  -49.25  0.17E-09
1951   4  10  12 -19.70  -49.25  0.34E-10
1951   4  10  12 -19.80  -49.20  0.13E-11
1951   4  10  12 -19.75  -49.20  0.20E-09
1951   4  10  12 -19.70  -49.20  0.13E-10
1951   4  10  12 -19.80  -49.15  0.31E-11
1951   4  10  12 -19.75  -49.15  0.21E-09
1951   4  10  12 -19.70  -49.15  0.11E-11
1951   4  10  12 -19.80  -49.10  0.65E-11
1951   4  10  12 -19.75  -49.10  0.20E-09
1951   4  10  12 -19.80  -49.05  0.15E-10
1951   4  10  12 -19.75  -49.05  0.20E-09
1951   4  10  12 -19.80  -49.00  0.31E-10
1951   4  10  12 -19.75  -49.00  0.17E-09
1951   4  10  12 -19.80  -48.95  0.66E-10
1951   4  10  12 -19.75  -48.95  0.14E-09
1951   4  10  12 -19.80  -48.90  0.10E-09
1951   4  10  12 -19.75  -48.90  0.10E-09
1951   4  10  12 -19.80  -48.85  0.14E-09
1951   4  10  12 -19.75  -48.85  0.63E-10
1951   4  10  12 -19.80  -48.80  0.17E-09
1951   4  10  12 -19.75  -48.80  0.38E-10
1951   4  10  12 -19.80  -48.75  0.19E-09
1951   4  10  12 -19.75  -48.75  0.82E-11
1951   4  10  12 -19.85  -48.70  0.53E-13
1951   4  10  12 -19.80  -48.70  0.21E-09
1951   4  10  12 -19.75  -48.70  0.37E-12
1951   4  10  12 -19.85  -48.65  0.85E-12
1951   4  10  12 -19.80  -48.65  0.21E-09
1951   4  10  12 -19.85  -48.60  0.47E-11
1951   4  10  12 -19.80  -48.60  0.20E-09
1951   4  10  12 -19.85  -48.55  0.37E-10
1951   4  10  12 -19.80  -48.55  0.18E-09
1951   4  10  12 -19.85  -48.50  0.94E-10
1951   4  10  12 -19.80  -48.50  0.12E-09
1951   4  10  12 -19.85  -48.45  0.18E-09
1951   4  10  12 -19.80  -48.45  0.46E-10
1951   4  10  12 -19.85  -48.40  0.22E-09
1951   4  10  12 -19.80  -48.40  0.26E-11
1951   4  10  12 -19.85  -48.35  0.22E-09
1951   4  10  12 -19.90  -48.30  0.22E-11
1951   4  10  12 -19.85  -48.30  0.23E-09
1951   4  10  12 -19.90  -48.25  0.81E-10
1951   4  10  12 -19.85  -48.25  0.16E-09
1951   4  10  12 -19.90  -48.20  0.22E-09
1951   4  10  12 -19.85  -48.20  0.13E-10
1951   4  10  12 -19.90  -48.15  0.25E-09
1951   4  10  12 -19.90  -48.10  0.24E-09
1951   4  10  12 -19.95  -48.05  0.12E-09
1951   4  10  12 -19.90  -48.05  0.14E-09
1951   4  10  12 -19.95  -48.00  0.24E-09
1951   4  10  12 -19.95  -47.95  0.23E-09
1951   4  10  12 -20.00  -47.90  0.67E-10
1951   4  10  12 -19.95  -47.90  0.15E-09
1951   4  11   0 -19.80  -51.15  0.92E-13
1951   4  11   0 -20.15  -51.10  0.46E-13
1951   4  11   0 -19.80  -51.10  0.14E-12
1951   4  11   0 -19.75  -51.10  0.46E-13
1951   4  11   0 -20.15  -51.05  0.14E-12
1951   4  11   0 -19.90  -51.05  0.46E-13
1951   4  11   0 -19.85  -51.05  0.46E-13
1951   4  11   0 -19.80  -51.05  0.64E-12
1951   4  11   0 -19.75  -51.05  0.12E-11
1951   4  11   0 -20.15  -51.00  0.93E-13
1951   4  11   0 -19.95  -51.00  0.92E-13
1951   4  11   0 -19.90  -51.00  0.14E-12
1951   4  11   0 -19.85  -51.00  0.14E-12
1951   4  11   0 -19.80  -51.00  0.15E-11
1951   4  11   0 -19.75  -51.00  0.29E-11
1951   4  11   0 -19.70  -51.00  0.51E-12
1951   4  11   0 -20.20  -50.95  0.14E-12
1951   4  11   0 -19.95  -50.95  0.28E-12
1951   4  11   0 -19.90  -50.95  0.18E-12
1951   4  11   0 -19.85  -50.95  0.42E-12
1951   4  11   0 -19.80  -50.95  0.57E-11
1951   4  11   0 -19.75  -50.95  0.88E-11
1951   4  11   0 -19.70  -50.95  0.97E-12
1951   4  11   0 -19.95  -50.90  0.46E-13
1951   4  11   0 -19.90  -50.90  0.14E-12
1951   4  11   0 -19.85  -50.90  0.74E-12
1951   4  11   0 -19.80  -50.90  0.95E-11
1951   4  11   0 -19.75  -50.90  0.22E-10
1951   4  11   0 -19.70  -50.90  0.20E-11
1951   4  11   0 -19.85  -50.85  0.94E-12
1951   4  11   0 -19.80  -50.85  0.21E-10
1951   4  11   0 -19.75  -50.85  0.35E-10
1951   4  11   0 -19.70  -50.85  0.11E-11
1951   4  11   0 -19.85  -50.80  0.12E-11
1951   4  11   0 -19.80  -50.80  0.41E-10
1951   4  11   0 -19.75  -50.80  0.43E-10
1951   4  11   0 -19.70  -50.80  0.28E-12
1951   4  11   0 -19.85  -50.75  0.24E-11
1951   4  11   0 -19.80  -50.75  0.63E-10
1951   4  11   0 -19.75  -50.75  0.40E-10
1951   4  11   0 -19.70  -50.75  0.14E-12
1951   4  11   0 -19.85  -50.70  0.28E-11
1951   4  11   0 -19.80  -50.70  0.74E-10
1951   4  11   0 -19.75  -50.70  0.32E-10
1951   4  11   0 -19.70  -50.70  0.93E-13
1951   4  11   0 -19.85  -50.65  0.36E-11
1951   4  11   0 -19.80  -50.65  0.81E-10
1951   4  11   0 -19.75  -50.65  0.29E-10
1951   4  11   0 -19.85  -50.60  0.38E-11
1951   4  11   0 -19.80  -50.60  0.90E-10
1951   4  11   0 -19.75  -50.60  0.27E-10
1951   4  11   0 -19.85  -50.55  0.32E-11
1951   4  11   0 -19.80  -50.55  0.88E-10
1951   4  11   0 -19.75  -50.55  0.30E-10
1951   4  11   0 -19.85  -50.50  0.20E-11
1951   4  11   0 -19.80  -50.50  0.87E-10
1951   4  11   0 -19.75  -50.50  0.39E-10
1951   4  11   0 -19.85  -50.45  0.97E-12
1951   4  11   0 -19.80  -50.45  0.83E-10
1951   4  11   0 -19.75  -50.45  0.53E-10
1951   4  11   0 -19.70  -50.45  0.95E-13
1951   4  11   0 -19.85  -50.40  0.15E-12
1951   4  11   0 -19.80  -50.40  0.71E-10
1951   4  11   0 -19.75  -50.40  0.83E-10
1951   4  11   0 -19.70  -50.40  0.38E-12
1951   4  11   0 -19.80  -50.35  0.54E-10
1951   4  11   0 -19.75  -50.35  0.12E-09
1951   4  11   0 -19.70  -50.35  0.54E-11
1951   4  11   0 -19.80  -50.30  0.29E-10
1951   4  11   0 -19.75  -50.30  0.15E-09
1951   4  11   0 -19.70  -50.30  0.36E-10
1951   4  11   0 -19.80  -50.25  0.46E-11
1951   4  11   0 -19.75  -50.25  0.15E-09
1951   4  11   0 -19.70  -50.25  0.94E-10
1951   4  11   0 -19.75  -50.20  0.12E-09
1951   4  11   0 -19.70  -50.20  0.16E-09
1951   4  11   0 -19.65  -50.20  0.44E-12
1951   4  11   0 -19.75  -50.15  0.74E-10
1951   4  11   0 -19.70  -50.15  0.21E-09
1951   4  11   0 -19.65  -50.15  0.11E-10
1951   4  11   0 -19.75  -50.10  0.28E-10
1951   4  11   0 -19.70  -50.10  0.24E-09
1951   4  11   0 -19.65  -50.10  0.36E-10
1951   4  11   0 -19.75  -50.05  0.98E-11
1951   4  11   0 -19.70  -50.05  0.23E-09
1951   4  11   0 -19.65  -50.05  0.56E-10
1951   4  11   0 -19.75  -50.00  0.52E-11
1951   4  11   0 -19.70  -50.00  0.20E-09
1951   4  11   0 -19.65  -50.00  0.67E-10
1951   4  11   0 -19.75  -49.95  0.30E-11
1951   4  11   0 -19.70  -49.95  0.18E-09
1951   4  11   0 -19.65  -49.95  0.85E-10
1951   4  11   0 -19.75  -49.90  0.31E-11
1951   4  11   0 -19.70  -49.90  0.17E-09
1951   4  11   0 -19.65  -49.90  0.89E-10
1951   4  11   0 -19.75  -49.85  0.30E-11
1951   4  11   0 -19.70  -49.85  0.17E-09
1951   4  11   0 -19.65  -49.85  0.86E-10
1951   4  11   0 -19.75  -49.80  0.36E-11
1951   4  11   0 -19.70  -49.80  0.17E-09
1951   4  11   0 -19.65  -49.80  0.74E-10
1951   4  11   0 -19.75  -49.75  0.42E-11
1951   4  11   0 -19.70  -49.75  0.17E-09
1951   4  11   0 -19.65  -49.75  0.58E-10
1951   4  11   0 -19.75  -49.70  0.60E-11
1951   4  11   0 -19.70  -49.70  0.17E-09
1951   4  11   0 -19.65  -49.70  0.40E-10
1951   4  11   0 -19.75  -49.65  0.45E-11
1951   4  11   0 -19.70  -49.65  0.15E-09
1951   4  11   0 -19.65  -49.65  0.17E-10
1951   4  11   0 -19.75  -49.60  0.11E-11
1951   4  11   0 -19.70  -49.60  0.73E-10
1951   4  11   0 -19.65  -49.60  0.10E-12
1951   4  11   0 -19.70  -49.55  0.74E-11
