YEAR  MO  DA  HR    LAT     LON Rn2200100
1952  11  23  12 -19.95  -49.35  0.10E-12
1952  11  23  12 -20.00  -49.30  0.30E-12
1952  11  23  12 -19.95  -49.30  0.50E-13
1952  11  23  12 -19.90  -49.30  0.10E-12
1952  11  23  12 -19.80  -49.30  0.15E-12
1952  11  23  12 -20.05  -49.25  0.10E-12
1952  11  23  12 -20.00  -49.25  0.20E-12
1952  11  23  12 -19.95  -49.25  0.10E-12
1952  11  23  12 -19.90  -49.25  0.10E-12
1952  11  23  12 -19.80  -49.25  0.15E-12
1952  11  23  12 -20.10  -49.20  0.10E-12
1952  11  23  12 -20.05  -49.20  0.20E-12
1952  11  23  12 -20.00  -49.20  0.51E-13
1952  11  23  12 -19.95  -49.20  0.10E-12
1952  11  23  12 -19.90  -49.20  0.35E-12
1952  11  23  12 -19.85  -49.20  0.10E-12
1952  11  23  12 -19.80  -49.20  0.15E-12
1952  11  23  12 -19.75  -49.20  0.50E-13
1952  11  23  12 -19.70  -49.20  0.50E-13
1952  11  23  12 -20.00  -49.15  0.15E-12
1952  11  23  12 -19.95  -49.15  0.20E-12
1952  11  23  12 -19.90  -49.15  0.25E-12
1952  11  23  12 -19.85  -49.15  0.41E-12
1952  11  23  12 -19.80  -49.15  0.25E-12
1952  11  23  12 -19.75  -49.15  0.25E-12
1952  11  23  12 -19.70  -49.15  0.50E-13
1952  11  23  12 -20.00  -49.10  0.15E-12
1952  11  23  12 -19.95  -49.10  0.20E-12
1952  11  23  12 -19.90  -49.10  0.25E-12
1952  11  23  12 -19.85  -49.10  0.61E-12
1952  11  23  12 -19.80  -49.10  0.35E-12
1952  11  23  12 -19.75  -49.10  0.18E-11
1952  11  23  12 -19.70  -49.10  0.11E-11
1952  11  23  12 -19.65  -49.10  0.50E-13
1952  11  23  12 -19.90  -49.05  0.31E-12
1952  11  23  12 -19.85  -49.05  0.95E-12
1952  11  23  12 -19.80  -49.05  0.51E-12
1952  11  23  12 -19.75  -49.05  0.26E-11
1952  11  23  12 -19.70  -49.05  0.25E-11
1952  11  23  12 -19.65  -49.05  0.31E-11
1952  11  23  12 -19.60  -49.05  0.12E-11
1952  11  23  12 -19.90  -49.00  0.56E-12
1952  11  23  12 -19.85  -49.00  0.38E-12
1952  11  23  12 -19.80  -49.00  0.92E-12
1952  11  23  12 -19.75  -49.00  0.33E-11
1952  11  23  12 -19.70  -49.00  0.34E-11
1952  11  23  12 -19.65  -49.00  0.34E-10
1952  11  23  12 -19.60  -49.00  0.64E-10
1952  11  23  12 -19.55  -49.00  0.16E-11
1952  11  23  12 -19.90  -48.95  0.29E-12
1952  11  23  12 -19.85  -48.95  0.28E-12
1952  11  23  12 -19.80  -48.95  0.11E-11
1952  11  23  12 -19.75  -48.95  0.28E-11
1952  11  23  12 -19.70  -48.95  0.64E-11
1952  11  23  12 -19.65  -48.95  0.14E-09
1952  11  23  12 -19.60  -48.95  0.21E-09
1952  11  23  12 -19.55  -48.95  0.46E-11
1952  11  23  12 -19.90  -48.90  0.22E-12
1952  11  23  12 -19.80  -48.90  0.87E-12
1952  11  23  12 -19.75  -48.90  0.26E-11
1952  11  23  12 -19.70  -48.90  0.13E-10
1952  11  23  12 -19.65  -48.90  0.24E-09
1952  11  23  12 -19.60  -48.90  0.19E-09
1952  11  23  12 -19.80  -48.85  0.77E-12
1952  11  23  12 -19.75  -48.85  0.20E-11
1952  11  23  12 -19.70  -48.85  0.27E-10
1952  11  23  12 -19.65  -48.85  0.32E-09
1952  11  23  12 -19.60  -48.85  0.63E-10
1952  11  23  12 -19.80  -48.80  0.48E-12
1952  11  23  12 -19.75  -48.80  0.18E-11
1952  11  23  12 -19.70  -48.80  0.58E-10
1952  11  23  12 -19.65  -48.80  0.31E-09
1952  11  23  12 -19.60  -48.80  0.68E-11
1952  11  23  12 -19.85  -48.75  0.22E-12
1952  11  23  12 -19.80  -48.75  0.26E-12
1952  11  23  12 -19.75  -48.75  0.27E-11
1952  11  23  12 -19.70  -48.75  0.12E-09
1952  11  23  12 -19.65  -48.75  0.24E-09
1952  11  23  12 -19.60  -48.75  0.43E-13
1952  11  23  12 -19.85  -48.70  0.87E-13
1952  11  23  12 -19.80  -48.70  0.39E-12
1952  11  23  12 -19.75  -48.70  0.31E-11
1952  11  23  12 -19.70  -48.70  0.20E-09
1952  11  23  12 -19.65  -48.70  0.14E-09
1952  11  23  12 -19.80  -48.65  0.48E-12
1952  11  23  12 -19.75  -48.65  0.45E-11
1952  11  23  12 -19.70  -48.65  0.27E-09
1952  11  23  12 -19.65  -48.65  0.51E-10
1952  11  23  12 -19.80  -48.60  0.31E-12
1952  11  23  12 -19.75  -48.60  0.14E-10
1952  11  23  12 -19.70  -48.60  0.29E-09
1952  11  23  12 -19.65  -48.60  0.70E-11
1952  11  23  12 -19.80  -48.55  0.13E-12
1952  11  23  12 -19.75  -48.55  0.45E-10
1952  11  23  12 -19.70  -48.55  0.26E-09
1952  11  23  12 -19.75  -48.50  0.11E-09
1952  11  23  12 -19.70  -48.50  0.18E-09
1952  11  23  12 -19.80  -48.45  0.18E-12
1952  11  23  12 -19.75  -48.45  0.19E-09
1952  11  23  12 -19.70  -48.45  0.10E-09
1952  11  23  12 -19.80  -48.40  0.44E-12
1952  11  23  12 -19.75  -48.40  0.28E-09
1952  11  23  12 -19.70  -48.40  0.24E-10
1952  11  23  12 -19.80  -48.35  0.11E-10
1952  11  23  12 -19.75  -48.35  0.31E-09
1952  11  23  12 -19.80  -48.30  0.11E-09
1952  11  23  12 -19.75  -48.30  0.19E-09
1952  11  23  12 -19.80  -48.25  0.28E-09
1952  11  23  12 -19.75  -48.25  0.33E-10
1952  11  23  12 -19.85  -48.20  0.61E-11
1952  11  23  12 -19.80  -48.20  0.31E-09
1952  11  23  12 -19.85  -48.15  0.22E-09
1952  11  23  12 -19.80  -48.15  0.12E-09
1952  11  23  12 -19.85  -48.10  0.32E-09
1952  11  23  12 -19.90  -48.05  0.20E-09
1952  11  23  12 -19.85  -48.05  0.13E-09
1952  11  23  12 -19.90  -48.00  0.33E-09
1952  11  23  12 -19.95  -47.95  0.23E-09
1952  11  23  12 -19.90  -47.95  0.49E-10
1952  11  23  12 -20.00  -47.90  0.34E-10
1952  11  23  12 -19.95  -47.90  0.24E-09
1952  11  24   0 -20.45  -50.80  0.46E-13
1952  11  24   0 -20.45  -50.75  0.70E-13
1952  11  24   0 -20.45  -50.70  0.93E-13
1952  11  24   0 -20.50  -50.65  0.46E-13
1952  11  24   0 -20.45  -50.65  0.46E-13
1952  11  24   0 -20.50  -50.60  0.14E-12
1952  11  24   0 -20.95  -50.55  0.70E-13
1952  11  24   0 -20.55  -50.55  0.70E-13
1952  11  24   0 -20.50  -50.55  0.93E-13
1952  11  24   0 -20.45  -50.55  0.46E-13
1952  11  24   0 -20.95  -50.50  0.47E-13
1952  11  24   0 -20.65  -50.50  0.23E-13
1952  11  24   0 -20.60  -50.50  0.23E-13
1952  11  24   0 -20.55  -50.50  0.70E-13
1952  11  24   0 -20.50  -50.50  0.69E-13
1952  11  24   0 -21.00  -50.45  0.23E-13
1952  11  24   0 -20.95  -50.45  0.47E-13
1952  11  24   0 -20.65  -50.45  0.69E-13
1952  11  24   0 -20.60  -50.45  0.94E-13
1952  11  24   0 -20.55  -50.45  0.23E-13
1952  11  24   0 -20.50  -50.45  0.46E-13
1952  11  24   0 -20.35  -50.45  0.46E-13
1952  11  24   0 -21.00  -50.40  0.70E-13
1952  11  24   0 -20.70  -50.40  0.46E-13
1952  11  24   0 -20.65  -50.40  0.94E-13
1952  11  24   0 -20.55  -50.40  0.70E-13
1952  11  24   0 -20.40  -50.40  0.46E-13
1952  11  24   0 -20.35  -50.40  0.46E-13
1952  11  24   0 -19.75  -50.40  0.46E-13
1952  11  24   0 -20.70  -50.35  0.93E-13
1952  11  24   0 -20.65  -50.35  0.71E-13
1952  11  24   0 -20.60  -50.35  0.23E-13
1952  11  24   0 -20.55  -50.35  0.47E-13
1952  11  24   0 -20.45  -50.35  0.46E-13
1952  11  24   0 -20.40  -50.35  0.93E-13
1952  11  24   0 -20.30  -50.35  0.69E-13
1952  11  24   0 -20.20  -50.35  0.46E-13
1952  11  24   0 -19.95  -50.35  0.23E-13
1952  11  24   0 -19.80  -50.35  0.23E-13
1952  11  24   0 -19.75  -50.35  0.46E-13
1952  11  24   0 -20.75  -50.30  0.86E-13
1952  11  24   0 -20.70  -50.30  0.11E-12
1952  11  24   0 -20.60  -50.30  0.70E-13
1952  11  24   0 -20.45  -50.30  0.70E-13
1952  11  24   0 -20.40  -50.30  0.46E-13
1952  11  24   0 -20.30  -50.30  0.46E-13
1952  11  24   0 -20.20  -50.30  0.69E-13
1952  11  24   0 -20.00  -50.30  0.69E-13
1952  11  24   0 -19.80  -50.30  0.12E-12
1952  11  24   0 -20.75  -50.25  0.15E-12
1952  11  24   0 -20.60  -50.25  0.70E-13
1952  11  24   0 -20.45  -50.25  0.14E-12
1952  11  24   0 -20.25  -50.25  0.46E-13
1952  11  24   0 -20.20  -50.25  0.23E-13
1952  11  24   0 -20.00  -50.25  0.69E-13
1952  11  24   0 -19.85  -50.25  0.92E-13
1952  11  24   0 -19.80  -50.25  0.46E-13
1952  11  24   0 -19.45  -50.25  0.69E-13
1952  11  24   0 -19.40  -50.25  0.46E-13
1952  11  24   0 -20.80  -50.20  0.17E-12
1952  11  24   0 -20.75  -50.20  0.23E-13
1952  11  24   0 -20.65  -50.20  0.94E-13
1952  11  24   0 -20.60  -50.20  0.23E-13
1952  11  24   0 -20.55  -50.20  0.23E-13
1952  11  24   0 -20.50  -50.20  0.70E-13
1952  11  24   0 -20.45  -50.20  0.14E-12
1952  11  24   0 -20.25  -50.20  0.93E-13
1952  11  24   0 -20.15  -50.20  0.23E-13
1952  11  24   0 -20.10  -50.20  0.23E-13
1952  11  24   0 -20.05  -50.20  0.92E-13
1952  11  24   0 -20.00  -50.20  0.23E-13
1952  11  24   0 -19.85  -50.20  0.16E-12
1952  11  24   0 -19.60  -50.20  0.23E-13
1952  11  24   0 -19.55  -50.20  0.14E-12
1952  11  24   0 -19.45  -50.20  0.14E-12
1952  11  24   0 -19.35  -50.20  0.23E-13
1952  11  24   0 -20.85  -50.15  0.48E-13
1952  11  24   0 -20.80  -50.15  0.71E-13
1952  11  24   0 -20.70  -50.15  0.24E-13
1952  11  24   0 -20.65  -50.15  0.47E-13
1952  11  24   0 -20.60  -50.15  0.70E-13
1952  11  24   0 -20.50  -50.15  0.21E-12
1952  11  24   0 -20.35  -50.15  0.23E-13
1952  11  24   0 -20.30  -50.15  0.70E-13
1952  11  24   0 -20.15  -50.15  0.23E-13
1952  11  24   0 -20.10  -50.15  0.69E-13
1952  11  24   0 -20.05  -50.15  0.93E-13
1952  11  24   0 -19.90  -50.15  0.93E-13
1952  11  24   0 -19.85  -50.15  0.70E-13
1952  11  24   0 -19.60  -50.15  0.23E-13
1952  11  24   0 -19.55  -50.15  0.21E-12
1952  11  24   0 -19.50  -50.15  0.23E-13
1952  11  24   0 -19.45  -50.15  0.14E-12
1952  11  24   0 -19.40  -50.15  0.69E-13
1952  11  24   0 -19.35  -50.15  0.69E-13
1952  11  24   0 -20.85  -50.10  0.48E-13
1952  11  24   0 -20.70  -50.10  0.86E-13
1952  11  24   0 -20.65  -50.10  0.47E-13
1952  11  24   0 -20.60  -50.10  0.23E-13
1952  11  24   0 -20.55  -50.10  0.70E-13
1952  11  24   0 -20.50  -50.10  0.16E-12
1952  11  24   0 -20.40  -50.10  0.69E-13
1952  11  24   0 -20.35  -50.10  0.23E-13
1952  11  24   0 -20.30  -50.10  0.12E-12
1952  11  24   0 -20.25  -50.10  0.69E-13
1952  11  24   0 -20.15  -50.10  0.92E-13
1952  11  24   0 -20.10  -50.10  0.12E-12
1952  11  24   0 -20.00  -50.10  0.69E-13
1952  11  24   0 -19.90  -50.10  0.14E-12
1952  11  24   0 -19.65  -50.10  0.46E-13
1952  11  24   0 -19.60  -50.10  0.23E-12
1952  11  24   0 -19.55  -50.10  0.92E-13
1952  11  24   0 -19.50  -50.10  0.14E-12
1952  11  24   0 -19.45  -50.10  0.23E-12
1952  11  24   0 -19.40  -50.10  0.46E-13
1952  11  24   0 -19.35  -50.10  0.69E-13
1952  11  24   0 -20.75  -50.05  0.79E-13
1952  11  24   0 -20.70  -50.05  0.39E-13
1952  11  24   0 -20.65  -50.05  0.70E-13
1952  11  24   0 -20.55  -50.05  0.12E-12
1952  11  24   0 -20.50  -50.05  0.70E-13
1952  11  24   0 -20.40  -50.05  0.14E-12
1952  11  24   0 -20.35  -50.05  0.94E-13
1952  11  24   0 -20.30  -50.05  0.14E-12
1952  11  24   0 -20.20  -50.05  0.46E-13
1952  11  24   0 -20.15  -50.05  0.93E-13
1952  11  24   0 -20.10  -50.05  0.93E-13
1952  11  24   0 -20.00  -50.05  0.69E-13
1952  11  24   0 -19.95  -50.05  0.71E-13
1952  11  24   0 -19.90  -50.05  0.23E-13
1952  11  24   0 -19.65  -50.05  0.12E-12
1952  11  24   0 -19.60  -50.05  0.18E-12
1952  11  24   0 -19.55  -50.05  0.92E-13
1952  11  24   0 -19.50  -50.05  0.25E-12
1952  11  24   0 -19.45  -50.05  0.14E-12
1952  11  24   0 -19.40  -50.05  0.25E-12
1952  11  24   0 -19.35  -50.05  0.11E-12
1952  11  24   0 -20.75  -50.00  0.79E-13
1952  11  24   0 -20.70  -50.00  0.47E-13
1952  11  24   0 -20.65  -50.00  0.23E-13
1952  11  24   0 -20.60  -50.00  0.63E-13
1952  11  24   0 -20.55  -50.00  0.94E-13
1952  11  24   0 -20.45  -50.00  0.93E-13
1952  11  24   0 -20.40  -50.00  0.93E-13
1952  11  24   0 -20.35  -50.00  0.70E-13
1952  11  24   0 -20.30  -50.00  0.12E-12
1952  11  24   0 -20.20  -50.00  0.16E-12
1952  11  24   0 -20.15  -50.00  0.94E-13
1952  11  24   0 -20.05  -50.00  0.70E-13
1952  11  24   0 -20.00  -50.00  0.23E-13
1952  11  24   0 -19.95  -50.00  0.87E-13
1952  11  24   0 -19.65  -50.00  0.93E-13
1952  11  24   0 -19.60  -50.00  0.92E-13
1952  11  24   0 -19.55  -50.00  0.28E-12
1952  11  24   0 -19.50  -50.00  0.23E-12
1952  11  24   0 -19.45  -50.00  0.37E-12
1952  11  24   0 -19.40  -50.00  0.46E-12
1952  11  24   0 -19.35  -50.00  0.14E-12
1952  11  24   0 -19.30  -50.00  0.46E-13
1952  11  24   0 -20.80  -49.95  0.95E-13
1952  11  24   0 -20.70  -49.95  0.71E-13
1952  11  24   0 -20.60  -49.95  0.79E-13
1952  11  24   0 -20.55  -49.95  0.23E-13
1952  11  24   0 -20.50  -49.95  0.47E-13
1952  11  24   0 -20.45  -49.95  0.93E-13
1952  11  24   0 -20.40  -49.95  0.13E-12
1952  11  24   0 -20.35  -49.95  0.16E-12
1952  11  24   0 -20.25  -49.95  0.14E-12
1952  11  24   0 -20.20  -49.95  0.70E-13
1952  11  24   0 -20.15  -49.95  0.70E-13
1952  11  24   0 -20.05  -49.95  0.70E-13
1952  11  24   0 -20.00  -49.95  0.79E-13
1952  11  24   0 -19.95  -49.95  0.39E-13
1952  11  24   0 -19.70  -49.95  0.70E-13
1952  11  24   0 -19.65  -49.95  0.46E-13
1952  11  24   0 -19.60  -49.95  0.21E-12
1952  11  24   0 -19.55  -49.95  0.30E-12
1952  11  24   0 -19.50  -49.95  0.23E-12
1952  11  24   0 -19.45  -49.95  0.62E-12
1952  11  24   0 -19.40  -49.95  0.69E-12
1952  11  24   0 -19.35  -49.95  0.51E-12
1952  11  24   0 -19.30  -49.95  0.23E-12
1952  11  24   0 -20.85  -49.90  0.96E-13
1952  11  24   0 -20.80  -49.90  0.48E-13
1952  11  24   0 -20.75  -49.90  0.94E-13
1952  11  24   0 -20.65  -49.90  0.12E-12
1952  11  24   0 -20.60  -49.90  0.23E-13
1952  11  24   0 -20.50  -49.90  0.94E-13
1952  11  24   0 -20.45  -49.90  0.13E-12
1952  11  24   0 -20.40  -49.90  0.70E-13
1952  11  24   0 -20.35  -49.90  0.93E-13
1952  11  24   0 -20.30  -49.90  0.23E-13
1952  11  24   0 -20.25  -49.90  0.12E-12
1952  11  24   0 -20.20  -49.90  0.10E-12
1952  11  24   0 -20.10  -49.90  0.93E-13
1952  11  24   0 -20.05  -49.90  0.48E-13
1952  11  24   0 -20.00  -49.90  0.79E-13
1952  11  24   0 -19.80  -49.90  0.11E-12
1952  11  24   0 -19.75  -49.90  0.48E-13
1952  11  24   0 -19.70  -49.90  0.93E-13
1952  11  24   0 -19.65  -49.90  0.23E-12
1952  11  24   0 -19.60  -49.90  0.23E-12
1952  11  24   0 -19.55  -49.90  0.26E-12
1952  11  24   0 -19.50  -49.90  0.33E-12
1952  11  24   0 -19.45  -49.90  0.79E-12
1952  11  24   0 -19.40  -49.90  0.13E-11
1952  11  24   0 -19.35  -49.90  0.26E-11
1952  11  24   0 -19.30  -49.90  0.80E-12
1952  11  24   0 -19.25  -49.90  0.23E-13
1952  11  24   0 -20.80  -49.85  0.47E-13
1952  11  24   0 -20.75  -49.85  0.24E-13
1952  11  24   0 -20.70  -49.85  0.48E-13
1952  11  24   0 -20.65  -49.85  0.48E-13
1952  11  24   0 -20.60  -49.85  0.70E-13
1952  11  24   0 -20.55  -49.85  0.70E-13
1952  11  24   0 -20.50  -49.85  0.16E-12
1952  11  24   0 -20.45  -49.85  0.79E-13
1952  11  24   0 -20.40  -49.85  0.14E-12
1952  11  24   0 -20.30  -49.85  0.94E-13
1952  11  24   0 -20.25  -49.85  0.79E-13
1952  11  24   0 -20.20  -49.85  0.39E-13
1952  11  24   0 -20.15  -49.85  0.23E-13
1952  11  24   0 -20.10  -49.85  0.47E-13
1952  11  24   0 -20.05  -49.85  0.95E-13
1952  11  24   0 -19.85  -49.85  0.60E-13
1952  11  24   0 -19.75  -49.85  0.94E-13
1952  11  24   0 -19.70  -49.85  0.23E-13
1952  11  24   0 -19.65  -49.85  0.19E-12
1952  11  24   0 -19.60  -49.85  0.41E-12
1952  11  24   0 -19.55  -49.85  0.29E-12
1952  11  24   0 -19.50  -49.85  0.46E-12
1952  11  24   0 -19.45  -49.85  0.70E-12
1952  11  24   0 -19.40  -49.85  0.22E-11
1952  11  24   0 -19.35  -49.85  0.71E-11
1952  11  24   0 -19.30  -49.85  0.61E-11
1952  11  24   0 -19.25  -49.85  0.50E-12
1952  11  24   0 -20.80  -49.80  0.71E-13
1952  11  24   0 -20.70  -49.80  0.96E-13
1952  11  24   0 -20.65  -49.80  0.23E-13
1952  11  24   0 -20.60  -49.80  0.71E-13
1952  11  24   0 -20.55  -49.80  0.12E-12
1952  11  24   0 -20.50  -49.80  0.12E-12
1952  11  24   0 -20.45  -49.80  0.12E-12
1952  11  24   0 -20.40  -49.80  0.70E-13
1952  11  24   0 -20.35  -49.80  0.79E-13
1952  11  24   0 -20.30  -49.80  0.24E-13
1952  11  24   0 -20.15  -49.80  0.94E-13
1952  11  24   0 -20.10  -49.80  0.11E-12
1952  11  24   0 -20.05  -49.80  0.48E-13
1952  11  24   0 -19.75  -49.80  0.94E-13
1952  11  24   0 -19.70  -49.80  0.10E-12
1952  11  24   0 -19.65  -49.80  0.19E-12
1952  11  24   0 -19.60  -49.80  0.31E-12
1952  11  24   0 -19.55  -49.80  0.29E-12
1952  11  24   0 -19.50  -49.80  0.61E-12
1952  11  24   0 -19.45  -49.80  0.83E-12
1952  11  24   0 -19.40  -49.80  0.36E-11
1952  11  24   0 -19.35  -49.80  0.12E-10
1952  11  24   0 -19.30  -49.80  0.21E-10
1952  11  24   0 -19.25  -49.80  0.71E-11
1952  11  24   0 -20.85  -49.75  0.87E-13
1952  11  24   0 -20.80  -49.75  0.24E-13
1952  11  24   0 -20.75  -49.75  0.11E-12
1952  11  24   0 -20.65  -49.75  0.94E-13
1952  11  24   0 -20.60  -49.75  0.94E-13
1952  11  24   0 -20.55  -49.75  0.14E-12
1952  11  24   0 -20.50  -49.75  0.23E-13
1952  11  24   0 -20.45  -49.75  0.14E-12
1952  11  24   0 -20.40  -49.75  0.39E-13
1952  11  24   0 -20.35  -49.75  0.79E-13
1952  11  24   0 -20.20  -49.75  0.47E-13
1952  11  24   0 -20.15  -49.75  0.47E-13
1952  11  24   0 -20.10  -49.75  0.12E-12
1952  11  24   0 -19.80  -49.75  0.13E-12
1952  11  24   0 -19.70  -49.75  0.16E-12
1952  11  24   0 -19.65  -49.75  0.42E-12
1952  11  24   0 -19.60  -49.75  0.33E-12
1952  11  24   0 -19.55  -49.75  0.41E-12
1952  11  24   0 -19.50  -49.75  0.52E-12
1952  11  24   0 -19.45  -49.75  0.11E-11
1952  11  24   0 -19.40  -49.75  0.57E-11
1952  11  24   0 -19.35  -49.75  0.17E-10
1952  11  24   0 -19.30  -49.75  0.38E-10
1952  11  24   0 -19.25  -49.75  0.30E-10
1952  11  24   0 -19.20  -49.75  0.96E-12
1952  11  24   0 -20.90  -49.70  0.40E-13
1952  11  24   0 -20.85  -49.70  0.40E-13
1952  11  24   0 -20.70  -49.70  0.71E-13
1952  11  24   0 -20.65  -49.70  0.10E-12
1952  11  24   0 -20.60  -49.70  0.13E-12
1952  11  24   0 -20.50  -49.70  0.16E-12
1952  11  24   0 -20.45  -49.70  0.48E-13
1952  11  24   0 -20.40  -49.70  0.87E-13
1952  11  24   0 -20.20  -49.70  0.13E-12
1952  11  24   0 -20.15  -49.70  0.18E-12
1952  11  24   0 -19.85  -49.70  0.39E-13
1952  11  24   0 -19.80  -49.70  0.79E-13
1952  11  24   0 -19.75  -49.70  0.47E-13
1952  11  24   0 -19.70  -49.70  0.20E-12
1952  11  24   0 -19.65  -49.70  0.54E-12
1952  11  24   0 -19.60  -49.70  0.19E-12
1952  11  24   0 -19.55  -49.70  0.66E-12
1952  11  24   0 -19.50  -49.70  0.47E-12
1952  11  24   0 -19.45  -49.70  0.22E-11
1952  11  24   0 -19.40  -49.70  0.87E-11
1952  11  24   0 -19.35  -49.70  0.24E-10
1952  11  24   0 -19.30  -49.70  0.51E-10
1952  11  24   0 -19.25  -49.70  0.53E-10
1952  11  24   0 -19.20  -49.70  0.58E-11
1952  11  24   0 -20.90  -49.65  0.40E-13
1952  11  24   0 -20.70  -49.65  0.11E-12
1952  11  24   0 -20.65  -49.65  0.87E-13
1952  11  24   0 -20.60  -49.65  0.24E-13
1952  11  24   0 -20.55  -49.65  0.63E-13
1952  11  24   0 -20.50  -49.65  0.15E-12
1952  11  24   0 -20.45  -49.65  0.95E-13
1952  11  24   0 -20.25  -49.65  0.14E-12
1952  11  24   0 -20.20  -49.65  0.12E-12
1952  11  24   0 -19.85  -49.65  0.18E-12
1952  11  24   0 -19.75  -49.65  0.26E-12
1952  11  24   0 -19.70  -49.65  0.74E-12
1952  11  24   0 -19.65  -49.65  0.31E-12
1952  11  24   0 -19.60  -49.65  0.58E-12
1952  11  24   0 -19.55  -49.65  0.40E-12
1952  11  24   0 -19.50  -49.65  0.95E-12
1952  11  24   0 -19.45  -49.65  0.35E-11
1952  11  24   0 -19.40  -49.65  0.12E-10
1952  11  24   0 -19.35  -49.65  0.34E-10
1952  11  24   0 -19.30  -49.65  0.64E-10
1952  11  24   0 -19.25  -49.65  0.56E-10
1952  11  24   0 -19.20  -49.65  0.82E-11
1952  11  24   0 -20.75  -49.60  0.11E-12
1952  11  24   0 -20.70  -49.60  0.87E-13
1952  11  24   0 -20.65  -49.60  0.12E-12
1952  11  24   0 -20.60  -49.60  0.39E-13
1952  11  24   0 -20.55  -49.60  0.79E-13
1952  11  24   0 -20.50  -49.60  0.12E-12
1952  11  24   0 -20.25  -49.60  0.25E-12
1952  11  24   0 -19.90  -49.60  0.16E-12
1952  11  24   0 -19.80  -49.60  0.18E-12
1952  11  24   0 -19.75  -49.60  0.61E-12
1952  11  24   0 -19.70  -49.60  0.43E-12
1952  11  24   0 -19.65  -49.60  0.24E-12
1952  11  24   0 -19.60  -49.60  0.78E-12
1952  11  24   0 -19.55  -49.60  0.18E-12
1952  11  24   0 -19.50  -49.60  0.18E-11
1952  11  24   0 -19.45  -49.60  0.50E-11
1952  11  24   0 -19.40  -49.60  0.17E-10
1952  11  24   0 -19.35  -49.60  0.48E-10
1952  11  24   0 -19.30  -49.60  0.76E-10
1952  11  24   0 -19.25  -49.60  0.41E-10
1952  11  24   0 -19.20  -49.60  0.18E-11
1952  11  24   0 -20.80  -49.55  0.80E-13
1952  11  24   0 -20.75  -49.55  0.40E-13
1952  11  24   0 -20.70  -49.55  0.79E-13
1952  11  24   0 -20.60  -49.55  0.79E-13
1952  11  24   0 -20.35  -49.55  0.49E-13
1952  11  24   0 -20.30  -49.55  0.17E-12
1952  11  24   0 -19.95  -49.55  0.12E-12
1952  11  24   0 -19.90  -49.55  0.12E-12
1952  11  24   0 -19.85  -49.55  0.24E-12
1952  11  24   0 -19.80  -49.55  0.67E-12
1952  11  24   0 -19.75  -49.55  0.56E-12
1952  11  24   0 -19.70  -49.55  0.24E-12
1952  11  24   0 -19.65  -49.55  0.62E-12
1952  11  24   0 -19.60  -49.55  0.37E-12
1952  11  24   0 -19.55  -49.55  0.82E-12
1952  11  24   0 -19.50  -49.55  0.25E-11
1952  11  24   0 -19.45  -49.55  0.82E-11
1952  11  24   0 -19.40  -49.55  0.28E-10
1952  11  24   0 -19.35  -49.55  0.65E-10
1952  11  24   0 -19.30  -49.55  0.76E-10
1952  11  24   0 -19.25  -49.55  0.22E-10
1952  11  24   0 -19.20  -49.55  0.46E-13
1952  11  24   0 -20.80  -49.50  0.40E-13
1952  11  24   0 -20.70  -49.50  0.88E-13
1952  11  24   0 -20.60  -49.50  0.48E-13
1952  11  24   0 -20.35  -49.50  0.50E-13
1952  11  24   0 -20.00  -49.50  0.18E-12
1952  11  24   0 -19.95  -49.50  0.60E-13
1952  11  24   0 -19.90  -49.50  0.32E-12
1952  11  24   0 -19.85  -49.50  0.60E-12
1952  11  24   0 -19.80  -49.50  0.66E-12
1952  11  24   0 -19.75  -49.50  0.30E-12
1952  11  24   0 -19.70  -49.50  0.47E-12
1952  11  24   0 -19.65  -49.50  0.44E-12
1952  11  24   0 -19.60  -49.50  0.55E-12
1952  11  24   0 -19.55  -49.50  0.18E-11
1952  11  24   0 -19.50  -49.50  0.36E-11
1952  11  24   0 -19.45  -49.50  0.14E-10
1952  11  24   0 -19.40  -49.50  0.47E-10
1952  11  24   0 -19.35  -49.50  0.86E-10
1952  11  24   0 -19.30  -49.50  0.62E-10
1952  11  24   0 -19.25  -49.50  0.56E-11
1952  11  24   0 -20.75  -49.45  0.48E-13
1952  11  24   0 -20.50  -49.45  0.12E-12
1952  11  24   0 -20.05  -49.45  0.18E-12
1952  11  24   0 -20.00  -49.45  0.61E-13
1952  11  24   0 -19.90  -49.45  0.56E-12
1952  11  24   0 -19.85  -49.45  0.31E-12
1952  11  24   0 -19.80  -49.45  0.16E-12
1952  11  24   0 -19.75  -49.45  0.42E-12
1952  11  24   0 -19.70  -49.45  0.32E-12
1952  11  24   0 -19.65  -49.45  0.91E-12
1952  11  24   0 -19.60  -49.45  0.16E-11
1952  11  24   0 -19.55  -49.45  0.32E-11
1952  11  24   0 -19.50  -49.45  0.77E-11
1952  11  24   0 -19.45  -49.45  0.26E-10
1952  11  24   0 -19.40  -49.45  0.72E-10
1952  11  24   0 -19.35  -49.45  0.99E-10
1952  11  24   0 -19.30  -49.45  0.37E-10
1952  11  24   0 -19.25  -49.45  0.21E-12
1952  11  24   0 -20.55  -49.40  0.61E-13
1952  11  24   0 -20.10  -49.40  0.61E-13
1952  11  24   0 -19.95  -49.40  0.49E-12
1952  11  24   0 -19.90  -49.40  0.21E-12
1952  11  24   0 -19.85  -49.40  0.25E-12
1952  11  24   0 -19.80  -49.40  0.31E-12
1952  11  24   0 -19.75  -49.40  0.42E-12
1952  11  24   0 -19.70  -49.40  0.89E-12
1952  11  24   0 -19.65  -49.40  0.11E-11
1952  11  24   0 -19.60  -49.40  0.23E-11
1952  11  24   0 -19.55  -49.40  0.42E-11
1952  11  24   0 -19.50  -49.40  0.13E-10
1952  11  24   0 -19.45  -49.40  0.47E-10
1952  11  24   0 -19.40  -49.40  0.10E-09
1952  11  24   0 -19.35  -49.40  0.94E-10
1952  11  24   0 -19.30  -49.40  0.11E-10
1952  11  24   0 -20.00  -49.35  0.15E-12
1952  11  24   0 -19.95  -49.35  0.47E-12
1952  11  24   0 -19.90  -49.35  0.15E-12
1952  11  24   0 -19.85  -49.35  0.25E-12
1952  11  24   0 -19.80  -49.35  0.35E-12
1952  11  24   0 -19.75  -49.35  0.86E-12
1952  11  24   0 -19.70  -49.35  0.82E-12
1952  11  24   0 -19.65  -49.35  0.22E-11
1952  11  24   0 -19.60  -49.35  0.31E-11
1952  11  24   0 -19.55  -49.35  0.77E-11
1952  11  24   0 -19.50  -49.35  0.29E-10
1952  11  24   0 -19.45  -49.35  0.85E-10
1952  11  24   0 -19.40  -49.35  0.13E-09
1952  11  24   0 -19.35  -49.35  0.60E-10
1952  11  24   0 -19.30  -49.35  0.63E-12
1952  11  24   0 -20.00  -49.30  0.40E-12
1952  11  24   0 -19.95  -49.30  0.25E-12
1952  11  24   0 -19.90  -49.30  0.15E-12
1952  11  24   0 -19.85  -49.30  0.45E-12
1952  11  24   0 -19.80  -49.30  0.25E-12
1952  11  24   0 -19.75  -49.30  0.10E-11
1952  11  24   0 -19.70  -49.30  0.16E-11
1952  11  24   0 -19.65  -49.30  0.23E-11
1952  11  24   0 -19.60  -49.30  0.59E-11
1952  11  24   0 -19.55  -49.30  0.17E-10
1952  11  24   0 -19.50  -49.30  0.77E-10
1952  11  24   0 -19.45  -49.30  0.14E-09
1952  11  24   0 -19.40  -49.30  0.14E-09
1952  11  24   0 -19.35  -49.30  0.17E-10
1952  11  24   0 -20.05  -49.25  0.50E-13
1952  11  24   0 -20.00  -49.25  0.20E-12
1952  11  24   0 -19.90  -49.25  0.35E-12
1952  11  24   0 -19.85  -49.25  0.30E-12
1952  11  24   0 -19.80  -49.25  0.45E-12
1952  11  24   0 -19.75  -49.25  0.92E-12
1952  11  24   0 -19.70  -49.25  0.22E-11
1952  11  24   0 -19.65  -49.25  0.36E-11
1952  11  24   0 -19.60  -49.25  0.69E-11
1952  11  24   0 -19.55  -49.25  0.59E-10
1952  11  24   0 -19.50  -49.25  0.17E-09
1952  11  24   0 -19.45  -49.25  0.22E-09
1952  11  24   0 -19.40  -49.25  0.88E-10
1952  11  24   0 -19.35  -49.25  0.64E-12
1952  11  24   0 -20.00  -49.20  0.20E-12
1952  11  24   0 -19.90  -49.20  0.50E-13
1952  11  24   0 -19.85  -49.20  0.15E-12
1952  11  24   0 -19.80  -49.20  0.95E-12
1952  11  24   0 -19.75  -49.20  0.10E-11
1952  11  24   0 -19.70  -49.20  0.25E-11
1952  11  24   0 -19.65  -49.20  0.45E-11
1952  11  24   0 -19.60  -49.20  0.23E-10
1952  11  24   0 -19.55  -49.20  0.15E-09
1952  11  24   0 -19.50  -49.20  0.27E-09
1952  11  24   0 -19.45  -49.20  0.22E-09
1952  11  24   0 -19.40  -49.20  0.15E-10
1952  11  24   0 -19.90  -49.15  0.10E-12
1952  11  24   0 -19.85  -49.15  0.25E-12
1952  11  24   0 -19.80  -49.15  0.55E-12
1952  11  24   0 -19.75  -49.15  0.12E-11
1952  11  24   0 -19.70  -49.15  0.40E-11
1952  11  24   0 -19.65  -49.15  0.46E-11
1952  11  24   0 -19.60  -49.15  0.75E-10
1952  11  24   0 -19.55  -49.15  0.24E-09
1952  11  24   0 -19.50  -49.15  0.29E-09
1952  11  24   0 -19.45  -49.15  0.57E-10
1952  11  24   0 -19.85  -49.10  0.30E-12
1952  11  24   0 -19.80  -49.10  0.10E-12
1952  11  24   0 -19.75  -49.10  0.60E-12
1952  11  24   0 -19.70  -49.10  0.31E-11
1952  11  24   0 -19.65  -49.10  0.13E-10
1952  11  24   0 -19.60  -49.10  0.16E-09
1952  11  24   0 -19.55  -49.10  0.31E-09
1952  11  24   0 -19.50  -49.10  0.14E-09
1952  11  24   0 -19.45  -49.10  0.61E-13
1952  11  24   0 -19.75  -49.05  0.45E-12
1952  11  24   0 -19.70  -49.05  0.10E-11
1952  11  24   0 -19.65  -49.05  0.34E-10
1952  11  24   0 -19.60  -49.05  0.26E-09
1952  11  24   0 -19.55  -49.05  0.27E-09
1952  11  24   0 -19.50  -49.05  0.10E-10
1952  11  24   0 -19.75  -49.00  0.50E-13
1952  11  24   0 -19.70  -49.00  0.25E-12
1952  11  24   0 -19.65  -49.00  0.53E-10
1952  11  24   0 -19.60  -49.00  0.27E-09
1952  11  24   0 -19.55  -49.00  0.11E-09
1952  11  24   0 -19.65  -48.95  0.20E-10
1952  11  24   0 -19.60  -48.95  0.12E-09
1952  11  24   0 -19.55  -48.95  0.46E-11
1952  11  24   0 -19.65  -48.90  0.10E-12
1952  11  24   0 -19.60  -48.90  0.29E-11
