YEAR  MO  DA  HR    LAT     LON Rn2200100
1952   4  10  12 -20.90  -49.05  0.42E-13
1952   4  10  12 -20.85  -49.05  0.42E-13
1952   4  10  12 -20.80  -49.05  0.21E-12
1952   4  10  12 -20.75  -49.05  0.19E-11
1952   4  10  12 -20.70  -49.05  0.24E-10
1952   4  10  12 -20.65  -49.05  0.37E-10
1952   4  10  12 -20.60  -49.05  0.51E-12
1952   4  10  12 -20.85  -49.00  0.17E-12
1952   4  10  12 -20.80  -49.00  0.13E-12
1952   4  10  12 -20.75  -49.00  0.52E-11
1952   4  10  12 -20.70  -49.00  0.50E-10
1952   4  10  12 -20.65  -49.00  0.16E-09
1952   4  10  12 -20.60  -49.00  0.63E-10
1952   4  10  12 -20.55  -49.00  0.64E-12
1952   4  10  12 -20.85  -48.95  0.21E-12
1952   4  10  12 -20.80  -48.95  0.30E-12
1952   4  10  12 -20.75  -48.95  0.20E-11
1952   4  10  12 -20.70  -48.95  0.27E-10
1952   4  10  12 -20.65  -48.95  0.13E-09
1952   4  10  12 -20.60  -48.95  0.21E-09
1952   4  10  12 -20.55  -48.95  0.72E-10
1952   4  10  12 -20.50  -48.95  0.51E-12
1952   4  10  12 -20.75  -48.90  0.13E-12
1952   4  10  12 -20.70  -48.90  0.13E-11
1952   4  10  12 -20.65  -48.90  0.21E-10
1952   4  10  12 -20.60  -48.90  0.11E-09
1952   4  10  12 -20.55  -48.90  0.22E-09
1952   4  10  12 -20.50  -48.90  0.70E-10
1952   4  10  12 -20.45  -48.90  0.86E-13
1952   4  10  12 -20.65  -48.85  0.30E-12
1952   4  10  12 -20.60  -48.85  0.12E-10
1952   4  10  12 -20.55  -48.85  0.11E-09
1952   4  10  12 -20.50  -48.85  0.23E-09
1952   4  10  12 -20.45  -48.85  0.57E-10
1952   4  10  12 -20.60  -48.80  0.17E-12
1952   4  10  12 -20.55  -48.80  0.81E-11
1952   4  10  12 -20.50  -48.80  0.11E-09
1952   4  10  12 -20.45  -48.80  0.23E-09
1952   4  10  12 -20.40  -48.80  0.30E-10
1952   4  10  12 -20.55  -48.75  0.86E-13
1952   4  10  12 -20.50  -48.75  0.75E-11
1952   4  10  12 -20.45  -48.75  0.14E-09
1952   4  10  12 -20.40  -48.75  0.22E-09
1952   4  10  12 -20.35  -48.75  0.10E-10
1952   4  10  12 -20.50  -48.70  0.52E-13
1952   4  10  12 -20.45  -48.70  0.87E-11
1952   4  10  12 -20.40  -48.70  0.18E-09
1952   4  10  12 -20.35  -48.70  0.16E-09
1952   4  10  12 -20.40  -48.65  0.18E-10
1952   4  10  12 -20.35  -48.65  0.24E-09
1952   4  10  12 -20.30  -48.65  0.75E-10
1952   4  10  12 -20.35  -48.60  0.50E-10
1952   4  10  12 -20.30  -48.60  0.26E-09
1952   4  10  12 -20.25  -48.60  0.12E-10
1952   4  10  12 -20.35  -48.55  0.53E-12
1952   4  10  12 -20.30  -48.55  0.13E-09
1952   4  10  12 -20.25  -48.55  0.17E-09
1952   4  10  12 -20.30  -48.50  0.49E-11
1952   4  10  12 -20.25  -48.50  0.25E-09
1952   4  10  12 -20.20  -48.50  0.41E-10
1952   4  10  12 -20.25  -48.45  0.55E-10
1952   4  10  12 -20.20  -48.45  0.25E-09
1952   4  10  12 -20.20  -48.40  0.23E-09
1952   4  10  12 -20.15  -48.40  0.69E-10
1952   4  10  12 -20.20  -48.35  0.20E-10
1952   4  10  12 -20.15  -48.35  0.28E-09
1952   4  10  12 -20.15  -48.30  0.24E-09
1952   4  10  12 -20.10  -48.30  0.63E-10
1952   4  10  12 -20.15  -48.25  0.27E-10
1952   4  10  12 -20.10  -48.25  0.28E-09
1952   4  10  12 -20.10  -48.20  0.30E-09
1952   4  10  12 -20.05  -48.20  0.43E-11
1952   4  10  12 -20.10  -48.15  0.70E-10
1952   4  10  12 -20.05  -48.15  0.24E-09
1952   4  10  12 -20.05  -48.10  0.32E-09
1952   4  10  12 -20.05  -48.05  0.30E-09
1952   4  10  12 -20.00  -48.05  0.25E-10
1952   4  10  12 -20.05  -48.00  0.11E-10
1952   4  10  12 -20.00  -48.00  0.30E-09
1952   4  10  12 -20.00  -47.95  0.27E-09
1952   4  10  12 -20.00  -47.90  0.27E-09
1952   4  11   0 -21.75  -49.55  0.17E-12
1952   4  11   0 -21.70  -49.55  0.17E-12
1952   4  11   0 -21.85  -49.50  0.58E-13
1952   4  11   0 -21.80  -49.50  0.47E-12
1952   4  11   0 -21.75  -49.50  0.14E-11
1952   4  11   0 -21.70  -49.50  0.17E-11
1952   4  11   0 -21.65  -49.50  0.12E-12
1952   4  11   0 -21.60  -49.50  0.58E-13
1952   4  11   0 -21.85  -49.45  0.47E-12
1952   4  11   0 -21.80  -49.45  0.32E-11
1952   4  11   0 -21.75  -49.45  0.99E-11
1952   4  11   0 -21.70  -49.45  0.76E-11
1952   4  11   0 -21.65  -49.45  0.29E-11
1952   4  11   0 -21.60  -49.45  0.47E-12
1952   4  11   0 -21.90  -49.40  0.58E-13
1952   4  11   0 -21.85  -49.40  0.93E-12
1952   4  11   0 -21.80  -49.40  0.55E-11
1952   4  11   0 -21.75  -49.40  0.17E-10
1952   4  11   0 -21.70  -49.40  0.22E-10
1952   4  11   0 -21.65  -49.40  0.17E-10
1952   4  11   0 -21.60  -49.40  0.64E-11
1952   4  11   0 -21.55  -49.40  0.11E-11
1952   4  11   0 -21.50  -49.40  0.47E-13
1952   4  11   0 -21.95  -49.35  0.58E-13
1952   4  11   0 -21.90  -49.35  0.41E-12
1952   4  11   0 -21.85  -49.35  0.12E-11
1952   4  11   0 -21.80  -49.35  0.52E-11
1952   4  11   0 -21.75  -49.35  0.18E-10
1952   4  11   0 -21.70  -49.35  0.25E-10
1952   4  11   0 -21.65  -49.35  0.32E-10
1952   4  11   0 -21.60  -49.35  0.26E-10
1952   4  11   0 -21.55  -49.35  0.18E-10
1952   4  11   0 -21.50  -49.35  0.95E-11
1952   4  11   0 -21.45  -49.35  0.31E-11
1952   4  11   0 -21.40  -49.35  0.67E-12
1952   4  11   0 -21.35  -49.35  0.48E-13
1952   4  11   0 -21.95  -49.30  0.59E-13
1952   4  11   0 -21.90  -49.30  0.70E-12
1952   4  11   0 -21.85  -49.30  0.15E-11
1952   4  11   0 -21.80  -49.30  0.46E-11
1952   4  11   0 -21.75  -49.30  0.89E-11
1952   4  11   0 -21.70  -49.30  0.18E-10
1952   4  11   0 -21.65  -49.30  0.26E-10
1952   4  11   0 -21.60  -49.30  0.33E-10
1952   4  11   0 -21.55  -49.30  0.39E-10
1952   4  11   0 -21.50  -49.30  0.43E-10
1952   4  11   0 -21.45  -49.30  0.44E-10
1952   4  11   0 -21.40  -49.30  0.42E-10
1952   4  11   0 -21.35  -49.30  0.37E-10
1952   4  11   0 -21.30  -49.30  0.32E-10
1952   4  11   0 -21.25  -49.30  0.27E-10
1952   4  11   0 -21.20  -49.30  0.18E-10
1952   4  11   0 -21.15  -49.30  0.84E-11
1952   4  11   0 -21.10  -49.30  0.18E-11
1952   4  11   0 -21.05  -49.30  0.41E-13
1952   4  11   0 -21.90  -49.25  0.29E-12
1952   4  11   0 -21.85  -49.25  0.41E-12
1952   4  11   0 -21.80  -49.25  0.16E-11
1952   4  11   0 -21.75  -49.25  0.31E-11
1952   4  11   0 -21.70  -49.25  0.61E-11
1952   4  11   0 -21.65  -49.25  0.12E-10
1952   4  11   0 -21.60  -49.25  0.19E-10
1952   4  11   0 -21.55  -49.25  0.32E-10
1952   4  11   0 -21.50  -49.25  0.49E-10
1952   4  11   0 -21.45  -49.25  0.64E-10
1952   4  11   0 -21.40  -49.25  0.77E-10
1952   4  11   0 -21.35  -49.25  0.96E-10
1952   4  11   0 -21.30  -49.25  0.11E-09
1952   4  11   0 -21.25  -49.25  0.12E-09
1952   4  11   0 -21.20  -49.25  0.11E-09
1952   4  11   0 -21.15  -49.25  0.10E-09
1952   4  11   0 -21.10  -49.25  0.87E-10
1952   4  11   0 -21.05  -49.25  0.59E-10
1952   4  11   0 -21.00  -49.25  0.28E-10
1952   4  11   0 -20.95  -49.25  0.55E-11
1952   4  11   0 -20.90  -49.25  0.41E-13
1952   4  11   0 -21.85  -49.20  0.41E-12
1952   4  11   0 -21.80  -49.20  0.53E-12
1952   4  11   0 -21.75  -49.20  0.47E-12
1952   4  11   0 -21.70  -49.20  0.13E-11
1952   4  11   0 -21.65  -49.20  0.20E-11
1952   4  11   0 -21.60  -49.20  0.43E-11
1952   4  11   0 -21.55  -49.20  0.89E-11
1952   4  11   0 -21.50  -49.20  0.19E-10
1952   4  11   0 -21.45  -49.20  0.32E-10
1952   4  11   0 -21.40  -49.20  0.54E-10
1952   4  11   0 -21.35  -49.20  0.78E-10
1952   4  11   0 -21.30  -49.20  0.10E-09
1952   4  11   0 -21.25  -49.20  0.12E-09
1952   4  11   0 -21.20  -49.20  0.12E-09
1952   4  11   0 -21.15  -49.20  0.13E-09
1952   4  11   0 -21.10  -49.20  0.14E-09
1952   4  11   0 -21.05  -49.20  0.14E-09
1952   4  11   0 -21.00  -49.20  0.13E-09
1952   4  11   0 -20.95  -49.20  0.11E-09
1952   4  11   0 -20.90  -49.20  0.54E-10
1952   4  11   0 -20.85  -49.20  0.12E-10
1952   4  11   0 -20.80  -49.20  0.83E-13
1952   4  11   0 -21.85  -49.15  0.59E-13
1952   4  11   0 -21.80  -49.15  0.12E-12
1952   4  11   0 -21.75  -49.15  0.36E-12
1952   4  11   0 -21.70  -49.15  0.24E-12
1952   4  11   0 -21.65  -49.15  0.36E-12
1952   4  11   0 -21.60  -49.15  0.53E-12
1952   4  11   0 -21.55  -49.15  0.11E-11
1952   4  11   0 -21.50  -49.15  0.25E-11
1952   4  11   0 -21.45  -49.15  0.44E-11
1952   4  11   0 -21.40  -49.15  0.77E-11
1952   4  11   0 -21.35  -49.15  0.12E-10
1952   4  11   0 -21.30  -49.15  0.16E-10
1952   4  11   0 -21.25  -49.15  0.20E-10
1952   4  11   0 -21.20  -49.15  0.28E-10
1952   4  11   0 -21.15  -49.15  0.41E-10
1952   4  11   0 -21.10  -49.15  0.62E-10
1952   4  11   0 -21.05  -49.15  0.91E-10
1952   4  11   0 -21.00  -49.15  0.13E-09
1952   4  11   0 -20.95  -49.15  0.15E-09
1952   4  11   0 -20.90  -49.15  0.15E-09
1952   4  11   0 -20.85  -49.15  0.12E-09
1952   4  11   0 -20.80  -49.15  0.54E-10
1952   4  11   0 -20.75  -49.15  0.58E-11
1952   4  11   0 -22.35  -49.10  0.12E-12
1952   4  11   0 -22.30  -49.10  0.59E-13
1952   4  11   0 -21.60  -49.10  0.14E-12
1952   4  11   0 -21.55  -49.10  0.14E-12
1952   4  11   0 -21.50  -49.10  0.12E-12
1952   4  11   0 -21.45  -49.10  0.81E-13
1952   4  11   0 -21.40  -49.10  0.12E-12
1952   4  11   0 -21.35  -49.10  0.12E-12
1952   4  11   0 -21.30  -49.10  0.82E-13
1952   4  11   0 -21.25  -49.10  0.29E-12
1952   4  11   0 -21.20  -49.10  0.62E-12
1952   4  11   0 -21.15  -49.10  0.18E-11
1952   4  11   0 -21.10  -49.10  0.50E-11
1952   4  11   0 -21.05  -49.10  0.11E-10
1952   4  11   0 -21.00  -49.10  0.23E-10
1952   4  11   0 -20.95  -49.10  0.53E-10
1952   4  11   0 -20.90  -49.10  0.10E-09
1952   4  11   0 -20.85  -49.10  0.16E-09
1952   4  11   0 -20.80  -49.10  0.17E-09
1952   4  11   0 -20.75  -49.10  0.11E-09
1952   4  11   0 -20.70  -49.10  0.23E-10
1952   4  11   0 -20.65  -49.10  0.42E-13
1952   4  11   0 -22.25  -49.05  0.12E-12
1952   4  11   0 -22.20  -49.05  0.11E-12
1952   4  11   0 -22.15  -49.05  0.14E-12
1952   4  11   0 -22.10  -49.05  0.24E-12
1952   4  11   0 -22.05  -49.05  0.23E-12
1952   4  11   0 -22.00  -49.05  0.89E-13
1952   4  11   0 -21.95  -49.05  0.12E-12
1952   4  11   0 -21.90  -49.05  0.24E-12
1952   4  11   0 -21.85  -49.05  0.16E-12
1952   4  11   0 -21.80  -49.05  0.24E-12
1952   4  11   0 -21.75  -49.05  0.16E-12
1952   4  11   0 -21.70  -49.05  0.25E-12
1952   4  11   0 -21.65  -49.05  0.21E-12
1952   4  11   0 -21.60  -49.05  0.21E-12
1952   4  11   0 -21.55  -49.05  0.12E-12
1952   4  11   0 -21.50  -49.05  0.42E-13
1952   4  11   0 -21.15  -49.05  0.12E-12
1952   4  11   0 -21.10  -49.05  0.83E-13
1952   4  11   0 -21.05  -49.05  0.25E-12
1952   4  11   0 -21.00  -49.05  0.54E-12
1952   4  11   0 -20.95  -49.05  0.40E-11
1952   4  11   0 -20.90  -49.05  0.14E-10
1952   4  11   0 -20.85  -49.05  0.45E-10
1952   4  11   0 -20.80  -49.05  0.11E-09
1952   4  11   0 -20.75  -49.05  0.18E-09
1952   4  11   0 -20.70  -49.05  0.13E-09
1952   4  11   0 -20.65  -49.05  0.80E-11
1952   4  11   0 -21.50  -49.00  0.12E-12
1952   4  11   0 -21.00  -49.00  0.42E-13
1952   4  11   0 -20.95  -49.00  0.25E-12
1952   4  11   0 -20.90  -49.00  0.42E-12
1952   4  11   0 -20.85  -49.00  0.28E-11
1952   4  11   0 -20.80  -49.00  0.17E-10
1952   4  11   0 -20.75  -49.00  0.58E-10
1952   4  11   0 -20.70  -49.00  0.11E-09
1952   4  11   0 -20.65  -49.00  0.30E-10
1952   4  11   0 -22.50  -48.95  0.59E-13
1952   4  11   0 -22.35  -48.95  0.59E-13
1952   4  11   0 -22.15  -48.95  0.89E-13
1952   4  11   0 -22.10  -48.95  0.40E-13
1952   4  11   0 -22.05  -48.95  0.81E-13
1952   4  11   0 -22.00  -48.95  0.12E-12
1952   4  11   0 -21.95  -48.95  0.12E-12
1952   4  11   0 -21.90  -48.95  0.33E-12
1952   4  11   0 -21.85  -48.95  0.37E-12
1952   4  11   0 -21.80  -48.95  0.29E-12
1952   4  11   0 -21.75  -48.95  0.37E-12
1952   4  11   0 -21.70  -48.95  0.12E-12
1952   4  11   0 -21.65  -48.95  0.12E-12
1952   4  11   0 -21.60  -48.95  0.83E-13
1952   4  11   0 -21.55  -48.95  0.12E-12
1952   4  11   0 -21.50  -48.95  0.13E-12
1952   4  11   0 -21.45  -48.95  0.13E-12
1952   4  11   0 -20.85  -48.95  0.42E-13
1952   4  11   0 -20.80  -48.95  0.85E-13
1952   4  11   0 -20.75  -48.95  0.30E-11
1952   4  11   0 -20.70  -48.95  0.96E-11
1952   4  11   0 -20.65  -48.95  0.43E-11
1952   4  11   0 -22.45  -48.90  0.12E-12
1952   4  11   0 -22.35  -48.90  0.60E-13
1952   4  11   0 -22.30  -48.90  0.96E-13
1952   4  11   0 -22.25  -48.90  0.48E-13
1952   4  11   0 -22.20  -48.90  0.59E-13
1952   4  11   0 -22.10  -48.90  0.48E-13
1952   4  11   0 -22.05  -48.90  0.19E-12
1952   4  11   0 -22.00  -48.90  0.12E-12
1952   4  11   0 -21.95  -48.90  0.12E-12
1952   4  11   0 -21.90  -48.90  0.41E-13
1952   4  11   0 -21.40  -48.90  0.17E-12
1952   4  11   0 -21.35  -48.90  0.84E-13
1952   4  11   0 -22.20  -48.85  0.81E-13
1952   4  11   0 -22.15  -48.85  0.81E-13
1952   4  11   0 -22.10  -48.85  0.12E-12
1952   4  11   0 -22.05  -48.85  0.82E-13
1952   4  11   0 -22.00  -48.85  0.41E-13
1952   4  11   0 -22.25  -48.70  0.81E-13
1952   4  11   0 -22.20  -48.70  0.82E-13
1952   4  11   0 -22.65  -48.65  0.59E-13
1952   4  11   0 -22.30  -48.65  0.12E-12
1952   4  11   0 -22.25  -48.65  0.41E-13
1952   4  11   0 -22.35  -48.55  0.41E-13
1952   4  11   0 -22.30  -48.55  0.41E-13
1952   4  11   0 -22.55  -48.45  0.48E-13
1952   4  11   0 -22.70  -48.40  0.59E-13
1952   4  11   0 -22.65  -48.40  0.12E-12
