YEAR  MO  DA  HR    LAT     LON Rn2200100
1953   8  19  12 -20.15  -49.70  0.10E-12
1953   8  19  12 -20.15  -49.65  0.15E-12
1953   8  19  12 -20.10  -49.65  0.14E-11
1953   8  19  12 -20.20  -49.60  0.51E-13
1953   8  19  12 -20.15  -49.60  0.35E-12
1953   8  19  12 -20.10  -49.60  0.20E-10
1953   8  19  12 -20.05  -49.60  0.51E-11
1953   8  19  12 -20.15  -49.55  0.12E-11
1953   8  19  12 -20.10  -49.55  0.38E-10
1953   8  19  12 -20.05  -49.55  0.48E-10
1953   8  19  12 -20.00  -49.55  0.17E-11
1953   8  19  12 -20.15  -49.50  0.26E-11
1953   8  19  12 -20.10  -49.50  0.48E-10
1953   8  19  12 -20.05  -49.50  0.95E-10
1953   8  19  12 -20.00  -49.50  0.14E-10
1953   8  19  12 -20.15  -49.45  0.90E-12
1953   8  19  12 -20.10  -49.45  0.53E-10
1953   8  19  12 -20.05  -49.45  0.13E-09
1953   8  19  12 -20.00  -49.45  0.41E-10
1953   8  19  12 -19.95  -49.45  0.51E-13
1953   8  19  12 -20.15  -49.40  0.14E-12
1953   8  19  12 -20.10  -49.40  0.26E-10
1953   8  19  12 -20.05  -49.40  0.13E-09
1953   8  19  12 -20.00  -49.40  0.82E-10
1953   8  19  12 -19.95  -49.40  0.13E-11
1953   8  19  12 -20.15  -49.35  0.43E-13
1953   8  19  12 -20.10  -49.35  0.50E-11
1953   8  19  12 -20.05  -49.35  0.10E-09
1953   8  19  12 -20.00  -49.35  0.12E-09
1953   8  19  12 -19.95  -49.35  0.11E-10
1953   8  19  12 -20.10  -49.30  0.15E-12
1953   8  19  12 -20.05  -49.30  0.56E-10
1953   8  19  12 -20.00  -49.30  0.15E-09
1953   8  19  12 -19.95  -49.30  0.30E-10
1953   8  19  12 -20.05  -49.25  0.22E-10
1953   8  19  12 -20.00  -49.25  0.15E-09
1953   8  19  12 -19.95  -49.25  0.61E-10
1953   8  19  12 -20.05  -49.20  0.48E-11
1953   8  19  12 -20.00  -49.20  0.12E-09
1953   8  19  12 -19.95  -49.20  0.11E-09
1953   8  19  12 -19.90  -49.20  0.73E-12
1953   8  19  12 -20.05  -49.15  0.30E-12
1953   8  19  12 -20.00  -49.15  0.81E-10
1953   8  19  12 -19.95  -49.15  0.15E-09
1953   8  19  12 -19.90  -49.15  0.59E-11
1953   8  19  12 -20.05  -49.10  0.43E-13
1953   8  19  12 -20.00  -49.10  0.43E-10
1953   8  19  12 -19.95  -49.10  0.17E-09
1953   8  19  12 -19.90  -49.10  0.17E-10
1953   8  19  12 -20.00  -49.05  0.18E-10
1953   8  19  12 -19.95  -49.05  0.18E-09
1953   8  19  12 -19.90  -49.05  0.34E-10
1953   8  19  12 -20.00  -49.00  0.50E-11
1953   8  19  12 -19.95  -49.00  0.17E-09
1953   8  19  12 -19.90  -49.00  0.55E-10
1953   8  19  12 -20.00  -48.95  0.78E-12
1953   8  19  12 -19.95  -48.95  0.15E-09
1953   8  19  12 -19.90  -48.95  0.81E-10
1953   8  19  12 -19.95  -48.90  0.12E-09
1953   8  19  12 -19.90  -48.90  0.10E-09
1953   8  19  12 -19.95  -48.85  0.99E-10
1953   8  19  12 -19.90  -48.85  0.13E-09
1953   8  19  12 -19.95  -48.80  0.85E-10
1953   8  19  12 -19.90  -48.80  0.14E-09
1953   8  19  12 -19.95  -48.75  0.77E-10
1953   8  19  12 -19.90  -48.75  0.15E-09
1953   8  19  12 -19.95  -48.70  0.74E-10
1953   8  19  12 -19.90  -48.70  0.15E-09
1953   8  19  12 -19.95  -48.65  0.82E-10
1953   8  19  12 -19.90  -48.65  0.15E-09
1953   8  19  12 -19.95  -48.60  0.91E-10
1953   8  19  12 -19.90  -48.60  0.13E-09
1953   8  19  12 -19.95  -48.55  0.11E-09
1953   8  19  12 -19.90  -48.55  0.12E-09
1953   8  19  12 -19.95  -48.50  0.14E-09
1953   8  19  12 -19.90  -48.50  0.89E-10
1953   8  19  12 -19.95  -48.45  0.17E-09
1953   8  19  12 -19.90  -48.45  0.50E-10
1953   8  19  12 -19.95  -48.40  0.22E-09
1953   8  19  12 -19.90  -48.40  0.11E-10
1953   8  19  12 -19.95  -48.35  0.23E-09
1953   8  19  12 -19.95  -48.30  0.22E-09
1953   8  19  12 -19.95  -48.25  0.23E-09
1953   8  19  12 -19.95  -48.20  0.23E-09
1953   8  19  12 -19.95  -48.15  0.23E-09
1953   8  19  12 -19.95  -48.10  0.23E-09
1953   8  19  12 -19.95  -48.05  0.21E-09
1953   8  19  12 -19.95  -48.00  0.22E-09
1953   8  19  12 -19.95  -47.95  0.19E-09
1953   8  19  12 -20.00  -47.90  0.19E-09
1953   8  19  12 -19.95  -47.90  0.49E-11
1953   8  20   0 -21.10  -51.20  0.93E-13
1953   8  20   0 -21.30  -51.15  0.46E-13
1953   8  20   0 -21.10  -51.15  0.46E-13
1953   8  20   0 -21.35  -51.10  0.46E-13
1953   8  20   0 -21.25  -51.10  0.93E-13
1953   8  20   0 -21.10  -51.10  0.14E-12
1953   8  20   0 -21.05  -51.10  0.19E-12
1953   8  20   0 -21.00  -51.10  0.46E-13
1953   8  20   0 -21.30  -51.05  0.94E-13
1953   8  20   0 -21.20  -51.05  0.46E-13
1953   8  20   0 -21.15  -51.05  0.46E-13
1953   8  20   0 -21.10  -51.05  0.19E-12
1953   8  20   0 -21.05  -51.05  0.33E-12
1953   8  20   0 -21.00  -51.05  0.93E-13
1953   8  20   0 -20.95  -51.05  0.93E-13
1953   8  20   0 -21.50  -51.00  0.94E-13
1953   8  20   0 -21.45  -51.00  0.94E-13
1953   8  20   0 -21.35  -51.00  0.46E-13
1953   8  20   0 -21.25  -51.00  0.20E-12
1953   8  20   0 -21.20  -51.00  0.19E-12
1953   8  20   0 -21.15  -51.00  0.19E-12
1953   8  20   0 -21.10  -51.00  0.28E-12
1953   8  20   0 -21.05  -51.00  0.10E-11
1953   8  20   0 -21.00  -51.00  0.37E-12
1953   8  20   0 -20.95  -51.00  0.60E-12
1953   8  20   0 -20.90  -51.00  0.14E-12
1953   8  20   0 -21.45  -50.95  0.47E-13
1953   8  20   0 -21.40  -50.95  0.47E-13
1953   8  20   0 -21.25  -50.95  0.47E-13
1953   8  20   0 -21.20  -50.95  0.25E-12
1953   8  20   0 -21.15  -50.95  0.46E-12
1953   8  20   0 -21.10  -50.95  0.33E-12
1953   8  20   0 -21.05  -50.95  0.12E-11
1953   8  20   0 -21.00  -50.95  0.15E-11
1953   8  20   0 -20.95  -50.95  0.12E-11
1953   8  20   0 -20.90  -50.95  0.65E-12
1953   8  20   0 -20.85  -50.95  0.19E-12
1953   8  20   0 -21.30  -50.90  0.93E-13
1953   8  20   0 -21.25  -50.90  0.46E-13
1953   8  20   0 -21.20  -50.90  0.33E-12
1953   8  20   0 -21.15  -50.90  0.56E-12
1953   8  20   0 -21.10  -50.90  0.61E-12
1953   8  20   0 -21.05  -50.90  0.15E-11
1953   8  20   0 -21.00  -50.90  0.25E-11
1953   8  20   0 -20.95  -50.90  0.22E-11
1953   8  20   0 -20.90  -50.90  0.15E-11
1953   8  20   0 -20.85  -50.90  0.37E-12
1953   8  20   0 -21.30  -50.85  0.46E-13
1953   8  20   0 -21.25  -50.85  0.93E-13
1953   8  20   0 -21.20  -50.85  0.33E-12
1953   8  20   0 -21.15  -50.85  0.93E-12
1953   8  20   0 -21.10  -50.85  0.93E-12
1953   8  20   0 -21.05  -50.85  0.20E-11
1953   8  20   0 -21.00  -50.85  0.25E-11
1953   8  20   0 -20.95  -50.85  0.34E-11
1953   8  20   0 -20.90  -50.85  0.26E-11
1953   8  20   0 -20.85  -50.85  0.88E-12
1953   8  20   0 -20.80  -50.85  0.26E-12
1953   8  20   0 -21.30  -50.80  0.93E-13
1953   8  20   0 -21.25  -50.80  0.94E-13
1953   8  20   0 -21.20  -50.80  0.28E-12
1953   8  20   0 -21.15  -50.80  0.12E-11
1953   8  20   0 -21.10  -50.80  0.16E-11
1953   8  20   0 -21.05  -50.80  0.20E-11
1953   8  20   0 -21.00  -50.80  0.29E-11
1953   8  20   0 -20.95  -50.80  0.39E-11
1953   8  20   0 -20.90  -50.80  0.32E-11
1953   8  20   0 -20.85  -50.80  0.19E-11
1953   8  20   0 -20.80  -50.80  0.47E-12
1953   8  20   0 -20.75  -50.80  0.11E-12
1953   8  20   0 -21.35  -50.75  0.59E-13
1953   8  20   0 -21.30  -50.75  0.47E-13
1953   8  20   0 -21.25  -50.75  0.47E-13
1953   8  20   0 -21.20  -50.75  0.46E-13
1953   8  20   0 -21.15  -50.75  0.11E-11
1953   8  20   0 -21.10  -50.75  0.18E-11
1953   8  20   0 -21.05  -50.75  0.23E-11
1953   8  20   0 -21.00  -50.75  0.41E-11
1953   8  20   0 -20.95  -50.75  0.49E-11
1953   8  20   0 -20.90  -50.75  0.42E-11
1953   8  20   0 -20.85  -50.75  0.32E-11
1953   8  20   0 -20.80  -50.75  0.13E-11
1953   8  20   0 -20.75  -50.75  0.29E-12
1953   8  20   0 -20.70  -50.75  0.60E-13
1953   8  20   0 -21.25  -50.70  0.19E-12
1953   8  20   0 -21.20  -50.70  0.93E-13
1953   8  20   0 -21.15  -50.70  0.37E-12
1953   8  20   0 -21.10  -50.70  0.13E-11
1953   8  20   0 -21.05  -50.70  0.24E-11
1953   8  20   0 -21.00  -50.70  0.37E-11
1953   8  20   0 -20.95  -50.70  0.55E-11
1953   8  20   0 -20.90  -50.70  0.51E-11
1953   8  20   0 -20.85  -50.70  0.53E-11
1953   8  20   0 -20.80  -50.70  0.25E-11
1953   8  20   0 -20.75  -50.70  0.95E-12
1953   8  20   0 -20.70  -50.70  0.47E-13
1953   8  20   0 -21.20  -50.65  0.37E-12
1953   8  20   0 -21.15  -50.65  0.28E-12
1953   8  20   0 -21.10  -50.65  0.93E-12
1953   8  20   0 -21.05  -50.65  0.28E-11
1953   8  20   0 -21.00  -50.65  0.35E-11
1953   8  20   0 -20.95  -50.65  0.46E-11
1953   8  20   0 -20.90  -50.65  0.58E-11
1953   8  20   0 -20.85  -50.65  0.49E-11
1953   8  20   0 -20.80  -50.65  0.41E-11
1953   8  20   0 -20.75  -50.65  0.20E-11
1953   8  20   0 -20.70  -50.65  0.85E-12
1953   8  20   0 -21.20  -50.60  0.94E-13
1953   8  20   0 -21.15  -50.60  0.19E-12
1953   8  20   0 -21.10  -50.60  0.93E-12
1953   8  20   0 -21.05  -50.60  0.14E-11
1953   8  20   0 -21.00  -50.60  0.20E-11
1953   8  20   0 -20.95  -50.60  0.47E-11
1953   8  20   0 -20.90  -50.60  0.61E-11
1953   8  20   0 -20.85  -50.60  0.50E-11
1953   8  20   0 -20.80  -50.60  0.51E-11
1953   8  20   0 -20.75  -50.60  0.29E-11
1953   8  20   0 -20.70  -50.60  0.15E-11
1953   8  20   0 -20.65  -50.60  0.19E-12
1953   8  20   0 -21.15  -50.55  0.28E-12
1953   8  20   0 -21.10  -50.55  0.51E-12
1953   8  20   0 -21.05  -50.55  0.10E-11
1953   8  20   0 -21.00  -50.55  0.19E-11
1953   8  20   0 -20.95  -50.55  0.31E-11
1953   8  20   0 -20.90  -50.55  0.51E-11
1953   8  20   0 -20.85  -50.55  0.69E-11
1953   8  20   0 -20.80  -50.55  0.55E-11
1953   8  20   0 -20.75  -50.55  0.53E-11
1953   8  20   0 -20.70  -50.55  0.28E-11
1953   8  20   0 -20.65  -50.55  0.13E-11
1953   8  20   0 -20.60  -50.55  0.24E-12
1953   8  20   0 -21.20  -50.50  0.47E-13
1953   8  20   0 -21.15  -50.50  0.47E-13
1953   8  20   0 -21.10  -50.50  0.23E-12
1953   8  20   0 -21.05  -50.50  0.65E-12
1953   8  20   0 -21.00  -50.50  0.11E-11
1953   8  20   0 -20.95  -50.50  0.24E-11
1953   8  20   0 -20.90  -50.50  0.40E-11
1953   8  20   0 -20.85  -50.50  0.69E-11
1953   8  20   0 -20.80  -50.50  0.62E-11
1953   8  20   0 -20.75  -50.50  0.64E-11
1953   8  20   0 -20.70  -50.50  0.49E-11
1953   8  20   0 -20.65  -50.50  0.18E-11
1953   8  20   0 -20.60  -50.50  0.52E-12
1953   8  20   0 -20.55  -50.50  0.12E-12
1953   8  20   0 -21.10  -50.45  0.94E-13
1953   8  20   0 -21.05  -50.45  0.28E-12
1953   8  20   0 -21.00  -50.45  0.56E-12
1953   8  20   0 -20.95  -50.45  0.14E-11
1953   8  20   0 -20.90  -50.45  0.26E-11
1953   8  20   0 -20.85  -50.45  0.45E-11
1953   8  20   0 -20.80  -50.45  0.79E-11
1953   8  20   0 -20.75  -50.45  0.78E-11
1953   8  20   0 -20.70  -50.45  0.56E-11
1953   8  20   0 -20.65  -50.45  0.47E-11
1953   8  20   0 -20.60  -50.45  0.15E-11
1953   8  20   0 -20.55  -50.45  0.60E-13
1953   8  20   0 -21.00  -50.40  0.70E-12
1953   8  20   0 -20.95  -50.40  0.66E-12
1953   8  20   0 -20.90  -50.40  0.15E-11
1953   8  20   0 -20.85  -50.40  0.30E-11
1953   8  20   0 -20.80  -50.40  0.45E-11
1953   8  20   0 -20.75  -50.40  0.77E-11
1953   8  20   0 -20.70  -50.40  0.82E-11
1953   8  20   0 -20.65  -50.40  0.61E-11
1953   8  20   0 -20.60  -50.40  0.41E-11
1953   8  20   0 -20.55  -50.40  0.11E-11
1953   8  20   0 -20.50  -50.40  0.12E-12
1953   8  20   0 -20.95  -50.35  0.66E-12
1953   8  20   0 -20.90  -50.35  0.96E-12
1953   8  20   0 -20.85  -50.35  0.18E-11
1953   8  20   0 -20.80  -50.35  0.41E-11
1953   8  20   0 -20.75  -50.35  0.64E-11
1953   8  20   0 -20.70  -50.35  0.84E-11
1953   8  20   0 -20.65  -50.35  0.82E-11
1953   8  20   0 -20.60  -50.35  0.61E-11
1953   8  20   0 -20.55  -50.35  0.44E-11
1953   8  20   0 -20.50  -50.35  0.13E-11
1953   8  20   0 -20.45  -50.35  0.60E-13
1953   8  20   0 -20.40  -50.35  0.60E-13
1953   8  20   0 -20.95  -50.30  0.14E-12
1953   8  20   0 -20.90  -50.30  0.71E-12
1953   8  20   0 -20.85  -50.30  0.13E-11
1953   8  20   0 -20.80  -50.30  0.25E-11
1953   8  20   0 -20.75  -50.30  0.52E-11
1953   8  20   0 -20.70  -50.30  0.71E-11
1953   8  20   0 -20.65  -50.30  0.95E-11
1953   8  20   0 -20.60  -50.30  0.90E-11
1953   8  20   0 -20.55  -50.30  0.59E-11
1953   8  20   0 -20.50  -50.30  0.35E-11
1953   8  20   0 -20.45  -50.30  0.91E-12
1953   8  20   0 -20.90  -50.25  0.19E-12
1953   8  20   0 -20.85  -50.25  0.68E-12
1953   8  20   0 -20.80  -50.25  0.13E-11
1953   8  20   0 -20.75  -50.25  0.25E-11
1953   8  20   0 -20.70  -50.25  0.55E-11
1953   8  20   0 -20.65  -50.25  0.91E-11
1953   8  20   0 -20.60  -50.25  0.98E-11
1953   8  20   0 -20.55  -50.25  0.11E-10
1953   8  20   0 -20.50  -50.25  0.67E-11
1953   8  20   0 -20.45  -50.25  0.32E-11
1953   8  20   0 -20.40  -50.25  0.30E-12
1953   8  20   0 -20.90  -50.20  0.14E-12
1953   8  20   0 -20.85  -50.20  0.17E-12
1953   8  20   0 -20.80  -50.20  0.92E-12
1953   8  20   0 -20.75  -50.20  0.22E-11
1953   8  20   0 -20.70  -50.20  0.38E-11
1953   8  20   0 -20.65  -50.20  0.51E-11
1953   8  20   0 -20.60  -50.20  0.99E-11
1953   8  20   0 -20.55  -50.20  0.13E-10
1953   8  20   0 -20.50  -50.20  0.11E-10
1953   8  20   0 -20.45  -50.20  0.82E-11
1953   8  20   0 -20.40  -50.20  0.25E-11
1953   8  20   0 -20.35  -50.20  0.12E-12
1953   8  20   0 -20.85  -50.15  0.60E-13
1953   8  20   0 -20.80  -50.15  0.12E-12
1953   8  20   0 -20.75  -50.15  0.58E-12
1953   8  20   0 -20.70  -50.15  0.16E-11
1953   8  20   0 -20.65  -50.15  0.40E-11
1953   8  20   0 -20.60  -50.15  0.62E-11
1953   8  20   0 -20.55  -50.15  0.12E-10
1953   8  20   0 -20.50  -50.15  0.15E-10
1953   8  20   0 -20.45  -50.15  0.16E-10
1953   8  20   0 -20.40  -50.15  0.95E-11
1953   8  20   0 -20.35  -50.15  0.27E-11
1953   8  20   0 -20.30  -50.15  0.61E-13
1953   8  20   0 -20.75  -50.10  0.60E-13
1953   8  20   0 -20.70  -50.10  0.84E-12
1953   8  20   0 -20.65  -50.10  0.29E-11
1953   8  20   0 -20.60  -50.10  0.46E-11
1953   8  20   0 -20.55  -50.10  0.80E-11
1953   8  20   0 -20.50  -50.10  0.17E-10
1953   8  20   0 -20.45  -50.10  0.20E-10
1953   8  20   0 -20.40  -50.10  0.18E-10
1953   8  20   0 -20.35  -50.10  0.91E-11
1953   8  20   0 -20.30  -50.10  0.11E-11
1953   8  20   0 -20.80  -50.05  0.60E-13
1953   8  20   0 -20.70  -50.05  0.18E-12
1953   8  20   0 -20.65  -50.05  0.78E-12
1953   8  20   0 -20.60  -50.05  0.25E-11
1953   8  20   0 -20.55  -50.05  0.65E-11
1953   8  20   0 -20.50  -50.05  0.11E-10
1953   8  20   0 -20.45  -50.05  0.18E-10
1953   8  20   0 -20.40  -50.05  0.25E-10
1953   8  20   0 -20.35  -50.05  0.25E-10
1953   8  20   0 -20.30  -50.05  0.83E-11
1953   8  20   0 -20.25  -50.05  0.16E-12
1953   8  20   0 -20.75  -50.00  0.60E-13
1953   8  20   0 -20.70  -50.00  0.60E-13
1953   8  20   0 -20.60  -50.00  0.54E-12
1953   8  20   0 -20.55  -50.00  0.31E-11
1953   8  20   0 -20.50  -50.00  0.79E-11
1953   8  20   0 -20.45  -50.00  0.14E-10
1953   8  20   0 -20.40  -50.00  0.22E-10
1953   8  20   0 -20.35  -50.00  0.30E-10
1953   8  20   0 -20.30  -50.00  0.26E-10
1953   8  20   0 -20.25  -50.00  0.48E-11
1953   8  20   0 -20.65  -49.95  0.12E-12
1953   8  20   0 -20.55  -49.95  0.55E-12
1953   8  20   0 -20.50  -49.95  0.23E-11
1953   8  20   0 -20.45  -49.95  0.82E-11
1953   8  20   0 -20.40  -49.95  0.16E-10
1953   8  20   0 -20.35  -49.95  0.30E-10
1953   8  20   0 -20.30  -49.95  0.35E-10
1953   8  20   0 -20.25  -49.95  0.25E-10
1953   8  20   0 -20.20  -49.95  0.12E-11
1953   8  20   0 -20.55  -49.90  0.12E-12
1953   8  20   0 -20.50  -49.90  0.30E-12
1953   8  20   0 -20.45  -49.90  0.18E-11
1953   8  20   0 -20.40  -49.90  0.94E-11
1953   8  20   0 -20.35  -49.90  0.24E-10
1953   8  20   0 -20.30  -49.90  0.37E-10
1953   8  20   0 -20.25  -49.90  0.44E-10
1953   8  20   0 -20.20  -49.90  0.17E-10
1953   8  20   0 -20.15  -49.90  0.49E-13
1953   8  20   0 -20.45  -49.85  0.24E-12
1953   8  20   0 -20.40  -49.85  0.17E-11
1953   8  20   0 -20.35  -49.85  0.12E-10
1953   8  20   0 -20.30  -49.85  0.32E-10
1953   8  20   0 -20.25  -49.85  0.47E-10
1953   8  20   0 -20.20  -49.85  0.49E-10
1953   8  20   0 -20.15  -49.85  0.41E-11
1953   8  20   0 -20.40  -49.80  0.49E-13
1953   8  20   0 -20.35  -49.80  0.18E-11
1953   8  20   0 -20.30  -49.80  0.20E-10
1953   8  20   0 -20.25  -49.80  0.45E-10
1953   8  20   0 -20.20  -49.80  0.60E-10
1953   8  20   0 -20.15  -49.80  0.33E-10
1953   8  20   0 -20.10  -49.80  0.50E-13
1953   8  20   0 -20.30  -49.75  0.39E-11
1953   8  20   0 -20.25  -49.75  0.35E-10
1953   8  20   0 -20.20  -49.75  0.64E-10
1953   8  20   0 -20.15  -49.75  0.65E-10
1953   8  20   0 -20.10  -49.75  0.79E-11
1953   8  20   0 -20.25  -49.70  0.12E-10
1953   8  20   0 -20.20  -49.70  0.58E-10
1953   8  20   0 -20.15  -49.70  0.82E-10
1953   8  20   0 -20.10  -49.70  0.38E-10
1953   8  20   0 -20.05  -49.70  0.30E-12
1953   8  20   0 -20.25  -49.65  0.35E-12
1953   8  20   0 -20.20  -49.65  0.35E-10
1953   8  20   0 -20.15  -49.65  0.83E-10
1953   8  20   0 -20.10  -49.65  0.77E-10
1953   8  20   0 -20.05  -49.65  0.70E-11
1953   8  20   0 -20.20  -49.60  0.74E-11
1953   8  20   0 -20.15  -49.60  0.74E-10
1953   8  20   0 -20.10  -49.60  0.87E-10
1953   8  20   0 -20.05  -49.60  0.27E-10
1953   8  20   0 -20.00  -49.60  0.50E-13
1953   8  20   0 -20.20  -49.55  0.35E-12
1953   8  20   0 -20.15  -49.55  0.41E-10
1953   8  20   0 -20.10  -49.55  0.79E-10
1953   8  20   0 -20.05  -49.55  0.26E-10
1953   8  20   0 -20.15  -49.50  0.92E-11
1953   8  20   0 -20.10  -49.50  0.55E-10
1953   8  20   0 -20.05  -49.50  0.16E-10
1953   8  20   0 -20.15  -49.45  0.51E-13
1953   8  20   0 -20.10  -49.45  0.11E-10
1953   8  20   0 -20.05  -49.45  0.77E-11
1953   8  20   0 -20.05  -49.40  0.15E-12
