YEAR  MO  DA  HR    LAT     LON Rn2200100
1961  11   9  12 -20.40  -48.90  0.42E-13
1961  11   9  12 -20.30  -48.90  0.84E-12
1961  11   9  12 -20.25  -48.90  0.14E-11
1961  11   9  12 -20.20  -48.90  0.21E-12
1961  11   9  12 -20.40  -48.85  0.42E-13
1961  11   9  12 -20.35  -48.85  0.17E-12
1961  11   9  12 -20.30  -48.85  0.29E-11
1961  11   9  12 -20.25  -48.85  0.18E-10
1961  11   9  12 -20.20  -48.85  0.24E-10
1961  11   9  12 -20.15  -48.85  0.75E-11
1961  11   9  12 -20.30  -48.80  0.14E-12
1961  11   9  12 -20.25  -48.80  0.16E-11
1961  11   9  12 -20.20  -48.80  0.17E-10
1961  11   9  12 -20.15  -48.80  0.40E-10
1961  11   9  12 -20.10  -48.80  0.26E-10
1961  11   9  12 -20.05  -48.80  0.66E-12
1961  11   9  12 -20.20  -48.75  0.10E-12
1961  11   9  12 -20.15  -48.75  0.90E-11
1961  11   9  12 -20.10  -48.75  0.46E-10
1961  11   9  12 -20.05  -48.75  0.71E-10
1961  11   9  12 -20.00  -48.75  0.75E-11
1961  11   9  12 -20.10  -48.70  0.40E-11
1961  11   9  12 -20.05  -48.70  0.81E-10
1961  11   9  12 -20.00  -48.70  0.18E-09
1961  11   9  12 -19.95  -48.70  0.77E-11
1961  11   9  12 -20.05  -48.65  0.47E-11
1961  11   9  12 -20.00  -48.65  0.18E-09
1961  11   9  12 -19.95  -48.65  0.16E-09
1961  11   9  12 -20.00  -48.60  0.20E-10
1961  11   9  12 -19.95  -48.60  0.26E-09
1961  11   9  12 -19.90  -48.60  0.70E-10
1961  11   9  12 -19.95  -48.55  0.86E-10
1961  11   9  12 -19.90  -48.55  0.25E-09
1961  11   9  12 -19.95  -48.50  0.38E-11
1961  11   9  12 -19.90  -48.50  0.28E-09
1961  11   9  12 -19.85  -48.50  0.49E-10
1961  11   9  12 -19.90  -48.45  0.17E-09
1961  11   9  12 -19.85  -48.45  0.16E-09
1961  11   9  12 -19.90  -48.40  0.72E-10
1961  11   9  12 -19.85  -48.40  0.25E-09
1961  11   9  12 -19.90  -48.35  0.37E-10
1961  11   9  12 -19.85  -48.35  0.28E-09
1961  11   9  12 -19.90  -48.30  0.51E-10
1961  11   9  12 -19.85  -48.30  0.30E-09
1961  11   9  12 -19.90  -48.25  0.96E-10
1961  11   9  12 -19.85  -48.25  0.21E-09
1961  11   9  12 -19.90  -48.20  0.24E-09
1961  11   9  12 -19.85  -48.20  0.12E-09
1961  11   9  12 -19.90  -48.15  0.34E-09
1961  11   9  12 -19.85  -48.15  0.70E-11
1961  11   9  12 -19.90  -48.10  0.40E-09
1961  11   9  12 -19.95  -48.05  0.18E-12
1961  11   9  12 -19.90  -48.05  0.50E-09
1961  11   9  12 -19.95  -48.00  0.21E-09
1961  11   9  12 -19.90  -48.00  0.28E-09
1961  11   9  12 -19.95  -47.95  0.54E-09
1961  11   9  12 -20.00  -47.90  0.98E-10
1961  11   9  12 -19.95  -47.90  0.40E-09
1961  11  10   0 -21.20  -49.70  0.77E-13
1961  11  10   0 -21.15  -49.70  0.78E-13
1961  11  10   0 -21.05  -49.65  0.77E-13
1961  11  10   0 -21.05  -49.60  0.15E-12
1961  11  10   0 -20.95  -49.60  0.78E-13
1961  11  10   0 -20.85  -49.60  0.77E-13
1961  11  10   0 -21.35  -49.55  0.77E-13
1961  11  10   0 -21.20  -49.55  0.16E-12
1961  11  10   0 -21.10  -49.55  0.16E-12
1961  11  10   0 -21.05  -49.55  0.77E-13
1961  11  10   0 -21.00  -49.55  0.12E-12
1961  11  10   0 -20.95  -49.55  0.78E-13
1961  11  10   0 -20.75  -49.55  0.77E-13
1961  11  10   0 -21.35  -49.50  0.15E-12
1961  11  10   0 -21.20  -49.50  0.15E-12
1961  11  10   0 -21.15  -49.50  0.77E-13
1961  11  10   0 -21.10  -49.50  0.78E-13
1961  11  10   0 -21.05  -49.50  0.23E-12
1961  11  10   0 -20.95  -49.50  0.16E-12
1961  11  10   0 -20.90  -49.50  0.23E-12
1961  11  10   0 -20.85  -49.50  0.77E-13
1961  11  10   0 -21.35  -49.45  0.16E-12
1961  11  10   0 -21.20  -49.45  0.16E-12
1961  11  10   0 -21.15  -49.45  0.31E-12
1961  11  10   0 -21.00  -49.45  0.50E-12
1961  11  10   0 -20.95  -49.45  0.23E-12
1961  11  10   0 -20.90  -49.45  0.31E-12
1961  11  10   0 -20.85  -49.45  0.77E-13
1961  11  10   0 -21.60  -49.40  0.78E-13
1961  11  10   0 -21.55  -49.40  0.78E-13
1961  11  10   0 -21.35  -49.40  0.78E-13
1961  11  10   0 -21.25  -49.40  0.77E-13
1961  11  10   0 -21.20  -49.40  0.23E-12
1961  11  10   0 -21.15  -49.40  0.39E-12
1961  11  10   0 -21.10  -49.40  0.47E-12
1961  11  10   0 -21.05  -49.40  0.50E-12
1961  11  10   0 -21.00  -49.40  0.58E-12
1961  11  10   0 -20.95  -49.40  0.66E-12
1961  11  10   0 -20.90  -49.40  0.51E-12
1961  11  10   0 -20.85  -49.40  0.23E-12
1961  11  10   0 -20.80  -49.40  0.78E-13
1961  11  10   0 -20.75  -49.40  0.19E-12
1961  11  10   0 -20.55  -49.40  0.77E-13
1961  11  10   0 -21.55  -49.35  0.78E-13
1961  11  10   0 -21.50  -49.35  0.27E-12
1961  11  10   0 -21.30  -49.35  0.43E-12
1961  11  10   0 -21.25  -49.35  0.78E-13
1961  11  10   0 -21.20  -49.35  0.15E-12
1961  11  10   0 -21.15  -49.35  0.47E-12
1961  11  10   0 -21.10  -49.35  0.54E-12
1961  11  10   0 -21.05  -49.35  0.12E-11
1961  11  10   0 -21.00  -49.35  0.11E-11
1961  11  10   0 -20.95  -49.35  0.82E-12
1961  11  10   0 -20.90  -49.35  0.31E-12
1961  11  10   0 -20.85  -49.35  0.43E-12
1961  11  10   0 -20.80  -49.35  0.31E-12
1961  11  10   0 -20.75  -49.35  0.35E-12
1961  11  10   0 -20.70  -49.35  0.77E-13
1961  11  10   0 -21.45  -49.30  0.12E-12
1961  11  10   0 -21.40  -49.30  0.12E-12
1961  11  10   0 -21.30  -49.30  0.12E-12
1961  11  10   0 -21.25  -49.30  0.20E-12
1961  11  10   0 -21.20  -49.30  0.50E-12
1961  11  10   0 -21.15  -49.30  0.47E-12
1961  11  10   0 -21.10  -49.30  0.98E-12
1961  11  10   0 -21.05  -49.30  0.11E-11
1961  11  10   0 -21.00  -49.30  0.15E-11
1961  11  10   0 -20.95  -49.30  0.89E-12
1961  11  10   0 -20.90  -49.30  0.12E-11
1961  11  10   0 -20.85  -49.30  0.82E-12
1961  11  10   0 -20.80  -49.30  0.62E-12
1961  11  10   0 -20.75  -49.30  0.39E-12
1961  11  10   0 -21.40  -49.25  0.77E-13
1961  11  10   0 -21.30  -49.25  0.31E-12
1961  11  10   0 -21.25  -49.25  0.12E-12
1961  11  10   0 -21.20  -49.25  0.31E-12
1961  11  10   0 -21.15  -49.25  0.66E-12
1961  11  10   0 -21.10  -49.25  0.98E-12
1961  11  10   0 -21.05  -49.25  0.94E-12
1961  11  10   0 -21.00  -49.25  0.15E-11
1961  11  10   0 -20.95  -49.25  0.21E-11
1961  11  10   0 -20.90  -49.25  0.17E-11
1961  11  10   0 -20.85  -49.25  0.14E-11
1961  11  10   0 -20.80  -49.25  0.70E-12
1961  11  10   0 -20.75  -49.25  0.55E-12
1961  11  10   0 -20.70  -49.25  0.43E-12
1961  11  10   0 -20.60  -49.25  0.12E-12
1961  11  10   0 -21.35  -49.20  0.35E-12
1961  11  10   0 -21.30  -49.20  0.43E-12
1961  11  10   0 -21.25  -49.20  0.51E-12
1961  11  10   0 -21.20  -49.20  0.35E-12
1961  11  10   0 -21.15  -49.20  0.14E-11
1961  11  10   0 -21.10  -49.20  0.55E-12
1961  11  10   0 -21.05  -49.20  0.90E-12
1961  11  10   0 -21.00  -49.20  0.19E-11
1961  11  10   0 -20.95  -49.20  0.36E-11
1961  11  10   0 -20.90  -49.20  0.20E-11
1961  11  10   0 -20.85  -49.20  0.21E-11
1961  11  10   0 -20.80  -49.20  0.99E-12
1961  11  10   0 -20.75  -49.20  0.52E-12
1961  11  10   0 -20.70  -49.20  0.82E-12
1961  11  10   0 -20.65  -49.20  0.12E-12
1961  11  10   0 -20.60  -49.20  0.12E-12
1961  11  10   0 -20.55  -49.20  0.77E-13
1961  11  10   0 -21.50  -49.15  0.78E-13
1961  11  10   0 -21.40  -49.15  0.15E-12
1961  11  10   0 -21.35  -49.15  0.59E-12
1961  11  10   0 -21.30  -49.15  0.71E-12
1961  11  10   0 -21.25  -49.15  0.70E-12
1961  11  10   0 -21.20  -49.15  0.14E-11
1961  11  10   0 -21.15  -49.15  0.18E-11
1961  11  10   0 -21.10  -49.15  0.16E-11
1961  11  10   0 -21.05  -49.15  0.22E-11
1961  11  10   0 -21.00  -49.15  0.18E-11
1961  11  10   0 -20.95  -49.15  0.24E-11
1961  11  10   0 -20.90  -49.15  0.24E-11
1961  11  10   0 -20.85  -49.15  0.36E-11
1961  11  10   0 -20.80  -49.15  0.26E-11
1961  11  10   0 -20.75  -49.15  0.14E-11
1961  11  10   0 -20.70  -49.15  0.17E-11
1961  11  10   0 -20.65  -49.15  0.15E-12
1961  11  10   0 -20.60  -49.15  0.20E-12
1961  11  10   0 -20.55  -49.15  0.77E-13
1961  11  10   0 -21.50  -49.10  0.23E-12
1961  11  10   0 -21.45  -49.10  0.78E-13
1961  11  10   0 -21.35  -49.10  0.39E-12
1961  11  10   0 -21.30  -49.10  0.39E-12
1961  11  10   0 -21.25  -49.10  0.58E-12
1961  11  10   0 -21.20  -49.10  0.13E-11
1961  11  10   0 -21.15  -49.10  0.17E-11
1961  11  10   0 -21.10  -49.10  0.15E-11
1961  11  10   0 -21.05  -49.10  0.24E-11
1961  11  10   0 -21.00  -49.10  0.32E-11
1961  11  10   0 -20.95  -49.10  0.34E-11
1961  11  10   0 -20.90  -49.10  0.54E-11
1961  11  10   0 -20.85  -49.10  0.74E-11
1961  11  10   0 -20.80  -49.10  0.75E-11
1961  11  10   0 -20.75  -49.10  0.63E-11
1961  11  10   0 -20.70  -49.10  0.47E-11
1961  11  10   0 -20.65  -49.10  0.31E-11
1961  11  10   0 -20.60  -49.10  0.96E-12
1961  11  10   0 -20.55  -49.10  0.91E-13
1961  11  10   0 -21.50  -49.05  0.78E-13
1961  11  10   0 -21.45  -49.05  0.24E-12
1961  11  10   0 -21.40  -49.05  0.78E-13
1961  11  10   0 -21.30  -49.05  0.39E-12
1961  11  10   0 -21.25  -49.05  0.81E-13
1961  11  10   0 -21.20  -49.05  0.11E-11
1961  11  10   0 -21.15  -49.05  0.18E-11
1961  11  10   0 -21.10  -49.05  0.19E-11
1961  11  10   0 -21.05  -49.05  0.41E-11
1961  11  10   0 -21.00  -49.05  0.44E-11
1961  11  10   0 -20.95  -49.05  0.59E-11
1961  11  10   0 -20.90  -49.05  0.80E-11
1961  11  10   0 -20.85  -49.05  0.94E-11
1961  11  10   0 -20.80  -49.05  0.11E-10
1961  11  10   0 -20.75  -49.05  0.11E-10
1961  11  10   0 -20.70  -49.05  0.12E-10
1961  11  10   0 -20.65  -49.05  0.95E-11
1961  11  10   0 -20.60  -49.05  0.98E-11
1961  11  10   0 -20.55  -49.05  0.52E-11
1961  11  10   0 -20.50  -49.05  0.16E-11
1961  11  10   0 -21.65  -49.00  0.78E-13
1961  11  10   0 -21.60  -49.00  0.78E-13
1961  11  10   0 -21.50  -49.00  0.78E-13
1961  11  10   0 -21.40  -49.00  0.35E-12
1961  11  10   0 -21.35  -49.00  0.16E-12
1961  11  10   0 -21.30  -49.00  0.36E-12
1961  11  10   0 -21.25  -49.00  0.59E-12
1961  11  10   0 -21.20  -49.00  0.13E-11
1961  11  10   0 -21.15  -49.00  0.31E-11
1961  11  10   0 -21.10  -49.00  0.34E-11
1961  11  10   0 -21.05  -49.00  0.45E-11
1961  11  10   0 -21.00  -49.00  0.71E-11
1961  11  10   0 -20.95  -49.00  0.97E-11
1961  11  10   0 -20.90  -49.00  0.10E-10
1961  11  10   0 -20.85  -49.00  0.12E-10
1961  11  10   0 -20.80  -49.00  0.14E-10
1961  11  10   0 -20.75  -49.00  0.14E-10
1961  11  10   0 -20.70  -49.00  0.15E-10
1961  11  10   0 -20.65  -49.00  0.14E-10
1961  11  10   0 -20.60  -49.00  0.15E-10
1961  11  10   0 -20.55  -49.00  0.18E-10
1961  11  10   0 -20.50  -49.00  0.18E-10
1961  11  10   0 -20.45  -49.00  0.10E-10
1961  11  10   0 -20.40  -49.00  0.17E-11
1961  11  10   0 -21.55  -48.95  0.12E-12
1961  11  10   0 -21.50  -48.95  0.78E-13
1961  11  10   0 -21.45  -48.95  0.12E-12
1961  11  10   0 -21.35  -48.95  0.58E-12
1961  11  10   0 -21.30  -48.95  0.11E-11
1961  11  10   0 -21.25  -48.95  0.75E-12
1961  11  10   0 -21.20  -48.95  0.11E-11
1961  11  10   0 -21.15  -48.95  0.20E-11
1961  11  10   0 -21.10  -48.95  0.45E-11
1961  11  10   0 -21.05  -48.95  0.73E-11
1961  11  10   0 -21.00  -48.95  0.74E-11
1961  11  10   0 -20.95  -48.95  0.10E-10
1961  11  10   0 -20.90  -48.95  0.99E-11
1961  11  10   0 -20.85  -48.95  0.12E-10
1961  11  10   0 -20.80  -48.95  0.95E-11
1961  11  10   0 -20.75  -48.95  0.79E-11
1961  11  10   0 -20.70  -48.95  0.71E-11
1961  11  10   0 -20.65  -48.95  0.52E-11
1961  11  10   0 -20.60  -48.95  0.45E-11
1961  11  10   0 -20.55  -48.95  0.79E-11
1961  11  10   0 -20.50  -48.95  0.16E-10
1961  11  10   0 -20.45  -48.95  0.23E-10
1961  11  10   0 -20.40  -48.95  0.20E-10
1961  11  10   0 -20.35  -48.95  0.97E-11
1961  11  10   0 -20.30  -48.95  0.96E-12
1961  11  10   0 -21.45  -48.90  0.12E-12
1961  11  10   0 -21.35  -48.90  0.24E-12
1961  11  10   0 -21.30  -48.90  0.55E-12
1961  11  10   0 -21.25  -48.90  0.71E-12
1961  11  10   0 -21.20  -48.90  0.23E-11
1961  11  10   0 -21.15  -48.90  0.21E-11
1961  11  10   0 -21.10  -48.90  0.36E-11
1961  11  10   0 -21.05  -48.90  0.43E-11
1961  11  10   0 -21.00  -48.90  0.51E-11
1961  11  10   0 -20.95  -48.90  0.69E-11
1961  11  10   0 -20.90  -48.90  0.63E-11
1961  11  10   0 -20.85  -48.90  0.67E-11
1961  11  10   0 -20.80  -48.90  0.55E-11
1961  11  10   0 -20.75  -48.90  0.27E-11
1961  11  10   0 -20.70  -48.90  0.16E-11
1961  11  10   0 -20.65  -48.90  0.97E-12
1961  11  10   0 -20.60  -48.90  0.50E-12
1961  11  10   0 -20.55  -48.90  0.29E-12
1961  11  10   0 -20.50  -48.90  0.11E-11
1961  11  10   0 -20.45  -48.90  0.31E-11
1961  11  10   0 -20.40  -48.90  0.11E-10
1961  11  10   0 -20.35  -48.90  0.22E-10
1961  11  10   0 -20.30  -48.90  0.22E-10
1961  11  10   0 -20.25  -48.90  0.61E-11
1961  11  10   0 -20.20  -48.90  0.13E-12
1961  11  10   0 -21.60  -48.85  0.77E-13
1961  11  10   0 -21.55  -48.85  0.16E-12
1961  11  10   0 -21.50  -48.85  0.16E-12
1961  11  10   0 -21.30  -48.85  0.48E-12
1961  11  10   0 -21.25  -48.85  0.51E-12
1961  11  10   0 -21.20  -48.85  0.11E-11
1961  11  10   0 -21.15  -48.85  0.20E-11
1961  11  10   0 -21.10  -48.85  0.30E-11
1961  11  10   0 -21.05  -48.85  0.54E-11
1961  11  10   0 -21.00  -48.85  0.48E-11
1961  11  10   0 -20.95  -48.85  0.35E-11
1961  11  10   0 -20.90  -48.85  0.35E-11
1961  11  10   0 -20.85  -48.85  0.19E-11
1961  11  10   0 -20.80  -48.85  0.19E-11
1961  11  10   0 -20.75  -48.85  0.90E-12
1961  11  10   0 -20.70  -48.85  0.47E-12
1961  11  10   0 -20.65  -48.85  0.12E-12
1961  11  10   0 -20.60  -48.85  0.42E-13
1961  11  10   0 -20.40  -48.85  0.84E-13
1961  11  10   0 -20.35  -48.85  0.16E-11
1961  11  10   0 -20.30  -48.85  0.72E-11
1961  11  10   0 -20.25  -48.85  0.48E-11
1961  11  10   0 -21.55  -48.80  0.78E-13
1961  11  10   0 -21.50  -48.80  0.12E-12
1961  11  10   0 -21.45  -48.80  0.20E-12
1961  11  10   0 -21.40  -48.80  0.12E-12
1961  11  10   0 -21.35  -48.80  0.48E-12
1961  11  10   0 -21.30  -48.80  0.78E-13
1961  11  10   0 -21.25  -48.80  0.44E-12
1961  11  10   0 -21.20  -48.80  0.13E-11
1961  11  10   0 -21.15  -48.80  0.67E-12
1961  11  10   0 -21.10  -48.80  0.19E-11
1961  11  10   0 -21.05  -48.80  0.31E-11
1961  11  10   0 -21.00  -48.80  0.21E-11
1961  11  10   0 -20.95  -48.80  0.40E-11
1961  11  10   0 -20.90  -48.80  0.16E-11
1961  11  10   0 -20.85  -48.80  0.27E-11
1961  11  10   0 -20.80  -48.80  0.83E-12
1961  11  10   0 -20.75  -48.80  0.11E-11
1961  11  10   0 -20.70  -48.80  0.20E-12
1961  11  10   0 -21.45  -48.75  0.78E-13
1961  11  10   0 -21.40  -48.75  0.12E-12
1961  11  10   0 -21.35  -48.75  0.12E-12
1961  11  10   0 -21.30  -48.75  0.78E-13
1961  11  10   0 -21.25  -48.75  0.55E-12
1961  11  10   0 -21.20  -48.75  0.36E-12
1961  11  10   0 -21.15  -48.75  0.83E-12
1961  11  10   0 -21.10  -48.75  0.13E-11
1961  11  10   0 -21.05  -48.75  0.16E-11
1961  11  10   0 -21.00  -48.75  0.23E-11
1961  11  10   0 -20.95  -48.75  0.73E-12
1961  11  10   0 -20.90  -48.75  0.68E-12
1961  11  10   0 -20.85  -48.75  0.63E-12
1961  11  10   0 -20.80  -48.75  0.24E-12
1961  11  10   0 -20.75  -48.75  0.79E-12
1961  11  10   0 -20.70  -48.75  0.12E-12
1961  11  10   0 -20.60  -48.75  0.12E-12
1961  11  10   0 -21.40  -48.70  0.12E-12
1961  11  10   0 -21.35  -48.70  0.12E-12
1961  11  10   0 -21.25  -48.70  0.27E-12
1961  11  10   0 -21.20  -48.70  0.55E-12
1961  11  10   0 -21.15  -48.70  0.67E-12
1961  11  10   0 -21.10  -48.70  0.11E-11
1961  11  10   0 -21.05  -48.70  0.63E-12
1961  11  10   0 -21.00  -48.70  0.43E-12
1961  11  10   0 -20.95  -48.70  0.60E-12
1961  11  10   0 -20.90  -48.70  0.36E-12
1961  11  10   0 -20.85  -48.70  0.24E-12
1961  11  10   0 -20.80  -48.70  0.59E-12
1961  11  10   0 -20.75  -48.70  0.27E-12
1961  11  10   0 -20.60  -48.70  0.39E-12
1961  11  10   0 -21.25  -48.65  0.12E-12
1961  11  10   0 -21.15  -48.65  0.77E-13
1961  11  10   0 -21.10  -48.65  0.12E-12
1961  11  10   0 -21.05  -48.65  0.47E-12
1961  11  10   0 -21.00  -48.65  0.31E-12
1961  11  10   0 -20.95  -48.65  0.47E-12
1961  11  10   0 -20.90  -48.65  0.12E-12
1961  11  10   0 -20.85  -48.65  0.31E-12
1961  11  10   0 -20.80  -48.65  0.77E-13
1961  11  10   0 -20.70  -48.65  0.24E-12
1961  11  10   0 -21.35  -48.60  0.12E-12
1961  11  10   0 -21.30  -48.60  0.12E-12
1961  11  10   0 -21.25  -48.60  0.12E-12
1961  11  10   0 -20.95  -48.60  0.24E-12
1961  11  10   0 -20.90  -48.60  0.20E-12
1961  11  10   0 -21.40  -48.55  0.12E-12
1961  11  10   0 -21.15  -48.55  0.27E-12
1961  11  10   0 -21.10  -48.55  0.24E-12
1961  11  10   0 -21.00  -48.55  0.24E-12
1961  11  10   0 -20.90  -48.50  0.12E-12
1961  11  10   0 -21.10  -48.45  0.78E-13
1961  11  10   0 -21.05  -48.45  0.15E-12
1961  11  10   0 -21.10  -48.40  0.23E-12
1961  11  10   0 -21.05  -48.40  0.24E-12
