YEAR  MO  DA  HR    LAT     LON Rn2200100
1962   7  19  12 -19.45  -47.95  0.83E-11
1962   7  19  12 -19.40  -47.95  0.15E-11
1962   7  19  12 -19.50  -47.90  0.38E-11
1962   7  19  12 -19.45  -47.90  0.11E-09
1962   7  19  12 -19.40  -47.90  0.12E-09
1962   7  19  12 -20.00  -47.85  0.67E-10
1962   7  19  12 -19.95  -47.85  0.39E-09
1962   7  19  12 -19.55  -47.85  0.51E-12
1962   7  19  12 -19.50  -47.85  0.13E-09
1962   7  19  12 -19.45  -47.85  0.32E-09
1962   7  19  12 -19.40  -47.85  0.15E-09
1962   7  19  12 -19.95  -47.80  0.29E-09
1962   7  19  12 -19.90  -47.80  0.27E-09
1962   7  19  12 -19.60  -47.80  0.23E-10
1962   7  19  12 -19.55  -47.80  0.22E-09
1962   7  19  12 -19.50  -47.80  0.30E-09
1962   7  19  12 -19.45  -47.80  0.22E-09
1962   7  19  12 -19.40  -47.80  0.56E-10
1962   7  19  12 -19.90  -47.75  0.40E-09
1962   7  19  12 -19.85  -47.75  0.41E-09
1962   7  19  12 -19.80  -47.75  0.78E-10
1962   7  19  12 -19.75  -47.75  0.37E-10
1962   7  19  12 -19.70  -47.75  0.59E-10
1962   7  19  12 -19.65  -47.75  0.21E-09
1962   7  19  12 -19.60  -47.75  0.33E-09
1962   7  19  12 -19.55  -47.75  0.28E-09
1962   7  19  12 -19.50  -47.75  0.22E-09
1962   7  19  12 -19.45  -47.75  0.48E-10
1962   7  19  12 -19.40  -47.75  0.88E-12
1962   7  19  12 -19.85  -47.70  0.28E-09
1962   7  19  12 -19.80  -47.70  0.51E-09
1962   7  19  12 -19.75  -47.70  0.40E-09
1962   7  19  12 -19.70  -47.70  0.38E-09
1962   7  19  12 -19.65  -47.70  0.31E-09
1962   7  19  12 -19.60  -47.70  0.27E-09
1962   7  19  12 -19.55  -47.70  0.15E-09
1962   7  19  12 -19.50  -47.70  0.13E-10
1962   7  19  12 -19.45  -47.70  0.38E-12
1962   7  19  12 -19.80  -47.65  0.57E-10
1962   7  19  12 -19.75  -47.65  0.17E-09
1962   7  19  12 -19.70  -47.65  0.16E-09
1962   7  19  12 -19.65  -47.65  0.11E-09
1962   7  19  12 -19.60  -47.65  0.12E-10
1962   7  19  12 -19.55  -47.65  0.26E-12
1962   7  20   0 -19.35  -48.00  0.75E-12
1962   7  20   0 -19.40  -47.95  0.12E-09
1962   7  20   0 -19.35  -47.95  0.17E-09
1962   7  20   0 -19.30  -47.95  0.53E-10
1962   7  20   0 -19.25  -47.95  0.55E-12
1962   7  20   0 -19.40  -47.90  0.19E-09
1962   7  20   0 -19.35  -47.90  0.30E-09
1962   7  20   0 -19.30  -47.90  0.25E-09
1962   7  20   0 -19.25  -47.90  0.40E-10
1962   7  20   0 -19.20  -47.90  0.29E-12
1962   7  20   0 -19.40  -47.85  0.77E-10
1962   7  20   0 -19.35  -47.85  0.10E-09
1962   7  20   0 -19.30  -47.85  0.13E-09
1962   7  20   0 -19.25  -47.85  0.12E-09
1962   7  20   0 -19.20  -47.85  0.96E-11
1962   7  20   0 -19.15  -47.85  0.97E-13
1962   7  20   0 -19.40  -47.80  0.29E-11
1962   7  20   0 -19.35  -47.80  0.44E-11
1962   7  20   0 -19.30  -47.80  0.15E-10
1962   7  20   0 -19.25  -47.80  0.79E-10
1962   7  20   0 -19.20  -47.80  0.41E-10
1962   7  20   0 -19.15  -47.80  0.12E-11
1962   7  20   0 -19.10  -47.80  0.48E-13
1962   7  20   0 -19.35  -47.75  0.25E-12
1962   7  20   0 -19.30  -47.75  0.27E-12
1962   7  20   0 -19.25  -47.75  0.22E-10
1962   7  20   0 -19.20  -47.75  0.54E-10
1962   7  20   0 -19.15  -47.75  0.66E-11
1962   7  20   0 -19.25  -47.70  0.46E-11
1962   7  20   0 -19.20  -47.70  0.37E-10
1962   7  20   0 -19.15  -47.70  0.17E-10
1962   7  20   0 -19.10  -47.70  0.72E-12
1962   7  20   0 -19.05  -47.70  0.48E-13
1962   7  20   0 -19.30  -47.65  0.61E-13
1962   7  20   0 -19.25  -47.65  0.11E-11
1962   7  20   0 -19.20  -47.65  0.18E-10
1962   7  20   0 -19.15  -47.65  0.24E-10
1962   7  20   0 -19.10  -47.65  0.23E-11
1962   7  20   0 -19.05  -47.65  0.72E-13
1962   7  20   0 -19.25  -47.60  0.22E-12
1962   7  20   0 -19.20  -47.60  0.82E-11
1962   7  20   0 -19.15  -47.60  0.23E-10
1962   7  20   0 -19.10  -47.60  0.58E-11
1962   7  20   0 -19.05  -47.60  0.22E-12
1962   7  20   0 -19.00  -47.60  0.24E-13
1962   7  20   0 -19.25  -47.55  0.48E-13
1962   7  20   0 -19.20  -47.55  0.33E-11
1962   7  20   0 -19.15  -47.55  0.19E-10
1962   7  20   0 -19.10  -47.55  0.11E-10
1962   7  20   0 -19.05  -47.55  0.81E-12
1962   7  20   0 -19.00  -47.55  0.72E-13
1962   7  20   0 -18.95  -47.55  0.24E-13
1962   7  20   0 -19.20  -47.50  0.13E-11
1962   7  20   0 -19.15  -47.50  0.13E-10
1962   7  20   0 -19.10  -47.50  0.15E-10
1962   7  20   0 -19.05  -47.50  0.26E-11
1962   7  20   0 -19.00  -47.50  0.48E-13
1962   7  20   0 -18.95  -47.50  0.95E-13
1962   7  20   0 -19.20  -47.45  0.36E-12
1962   7  20   0 -19.15  -47.45  0.88E-11
1962   7  20   0 -19.10  -47.45  0.16E-10
1962   7  20   0 -19.05  -47.45  0.62E-11
1962   7  20   0 -19.00  -47.45  0.36E-12
1962   7  20   0 -18.90  -47.45  0.95E-13
1962   7  20   0 -19.20  -47.40  0.24E-12
1962   7  20   0 -19.15  -47.40  0.44E-11
1962   7  20   0 -19.10  -47.40  0.14E-10
1962   7  20   0 -19.05  -47.40  0.11E-10
1962   7  20   0 -19.00  -47.40  0.23E-11
1962   7  20   0 -18.95  -47.40  0.34E-12
1962   7  20   0 -18.80  -47.40  0.39E-13
1962   7  20   0 -19.20  -47.35  0.96E-13
1962   7  20   0 -19.15  -47.35  0.22E-11
1962   7  20   0 -19.10  -47.35  0.98E-11
1962   7  20   0 -19.05  -47.35  0.14E-10
1962   7  20   0 -19.00  -47.35  0.56E-11
1962   7  20   0 -18.95  -47.35  0.91E-12
1962   7  20   0 -18.90  -47.35  0.27E-12
1962   7  20   0 -18.85  -47.35  0.39E-13
1962   7  20   0 -18.80  -47.35  0.39E-13
1962   7  20   0 -18.75  -47.35  0.78E-13
1962   7  20   0 -18.70  -47.35  0.39E-13
1962   7  20   0 -19.15  -47.30  0.76E-12
1962   7  20   0 -19.10  -47.30  0.58E-11
1962   7  20   0 -19.05  -47.30  0.11E-10
1962   7  20   0 -19.00  -47.30  0.93E-11
1962   7  20   0 -18.95  -47.30  0.34E-11
1962   7  20   0 -18.90  -47.30  0.91E-12
1962   7  20   0 -18.85  -47.30  0.12E-12
1962   7  20   0 -18.80  -47.30  0.78E-13
1962   7  20   0 -18.70  -47.30  0.47E-13
1962   7  20   0 -18.65  -47.30  0.10E-12
1962   7  20   0 -18.60  -47.30  0.58E-13
1962   7  20   0 -18.55  -47.30  0.10E-12
1962   7  20   0 -18.50  -47.30  0.46E-13
1962   7  20   0 -19.15  -47.25  0.29E-12
1962   7  20   0 -19.10  -47.25  0.23E-11
1962   7  20   0 -19.05  -47.25  0.60E-11
1962   7  20   0 -19.00  -47.25  0.96E-11
1962   7  20   0 -18.95  -47.25  0.60E-11
1962   7  20   0 -18.90  -47.25  0.36E-11
1962   7  20   0 -18.85  -47.25  0.15E-11
1962   7  20   0 -18.80  -47.25  0.18E-12
1962   7  20   0 -18.75  -47.25  0.20E-12
1962   7  20   0 -18.70  -47.25  0.58E-13
1962   7  20   0 -18.65  -47.25  0.10E-12
1962   7  20   0 -18.55  -47.25  0.92E-13
1962   7  20   0 -18.50  -47.25  0.46E-13
1962   7  20   0 -18.45  -47.25  0.91E-13
1962   7  20   0 -19.15  -47.20  0.95E-13
1962   7  20   0 -19.10  -47.20  0.88E-12
1962   7  20   0 -19.05  -47.20  0.34E-11
1962   7  20   0 -19.00  -47.20  0.60E-11
1962   7  20   0 -18.95  -47.20  0.71E-11
1962   7  20   0 -18.90  -47.20  0.55E-11
1962   7  20   0 -18.85  -47.20  0.40E-11
1962   7  20   0 -18.80  -47.20  0.21E-11
1962   7  20   0 -18.75  -47.20  0.16E-11
1962   7  20   0 -18.70  -47.20  0.71E-12
1962   7  20   0 -18.65  -47.20  0.38E-12
1962   7  20   0 -18.60  -47.20  0.21E-12
1962   7  20   0 -18.55  -47.20  0.46E-13
1962   7  20   0 -18.50  -47.20  0.46E-13
1962   7  20   0 -19.15  -47.15  0.24E-13
1962   7  20   0 -19.10  -47.15  0.28E-12
1962   7  20   0 -19.05  -47.15  0.22E-11
1962   7  20   0 -19.00  -47.15  0.33E-11
1962   7  20   0 -18.95  -47.15  0.61E-11
1962   7  20   0 -18.90  -47.15  0.56E-11
1962   7  20   0 -18.85  -47.15  0.49E-11
1962   7  20   0 -18.80  -47.15  0.38E-11
1962   7  20   0 -18.75  -47.15  0.28E-11
1962   7  20   0 -18.70  -47.15  0.19E-11
1962   7  20   0 -18.65  -47.15  0.14E-11
1962   7  20   0 -18.60  -47.15  0.12E-11
1962   7  20   0 -18.55  -47.15  0.73E-12
1962   7  20   0 -18.50  -47.15  0.82E-12
1962   7  20   0 -18.45  -47.15  0.37E-12
1962   7  20   0 -18.40  -47.15  0.18E-12
1962   7  20   0 -18.35  -47.15  0.18E-12
1962   7  20   0 -18.30  -47.15  0.46E-13
1962   7  20   0 -19.10  -47.10  0.24E-13
1962   7  20   0 -19.05  -47.10  0.11E-11
1962   7  20   0 -19.00  -47.10  0.17E-11
1962   7  20   0 -18.95  -47.10  0.31E-11
1962   7  20   0 -18.90  -47.10  0.44E-11
1962   7  20   0 -18.85  -47.10  0.47E-11
1962   7  20   0 -18.80  -47.10  0.53E-11
1962   7  20   0 -18.75  -47.10  0.41E-11
1962   7  20   0 -18.70  -47.10  0.38E-11
1962   7  20   0 -18.65  -47.10  0.27E-11
1962   7  20   0 -18.60  -47.10  0.27E-11
1962   7  20   0 -18.55  -47.10  0.24E-11
1962   7  20   0 -18.50  -47.10  0.17E-11
1962   7  20   0 -18.45  -47.10  0.12E-11
1962   7  20   0 -18.40  -47.10  0.69E-12
1962   7  20   0 -18.35  -47.10  0.27E-12
1962   7  20   0 -18.30  -47.10  0.46E-13
1962   7  20   0 -19.05  -47.05  0.12E-12
1962   7  20   0 -19.00  -47.05  0.10E-11
1962   7  20   0 -18.95  -47.05  0.23E-11
1962   7  20   0 -18.90  -47.05  0.23E-11
1962   7  20   0 -18.85  -47.05  0.28E-11
1962   7  20   0 -18.80  -47.05  0.34E-11
1962   7  20   0 -18.75  -47.05  0.44E-11
1962   7  20   0 -18.70  -47.05  0.30E-11
1962   7  20   0 -18.65  -47.05  0.29E-11
1962   7  20   0 -18.60  -47.05  0.30E-11
1962   7  20   0 -18.55  -47.05  0.24E-11
1962   7  20   0 -18.50  -47.05  0.20E-11
1962   7  20   0 -18.45  -47.05  0.69E-12
1962   7  20   0 -18.40  -47.05  0.59E-12
1962   7  20   0 -18.35  -47.05  0.14E-12
1962   7  20   0 -18.30  -47.05  0.46E-13
1962   7  20   0 -18.20  -47.05  0.46E-13
1962   7  20   0 -19.00  -47.00  0.37E-12
1962   7  20   0 -18.95  -47.00  0.99E-12
1962   7  20   0 -18.90  -47.00  0.12E-11
1962   7  20   0 -18.85  -47.00  0.19E-11
1962   7  20   0 -18.80  -47.00  0.20E-11
1962   7  20   0 -18.75  -47.00  0.29E-11
1962   7  20   0 -18.70  -47.00  0.33E-11
1962   7  20   0 -18.65  -47.00  0.39E-11
1962   7  20   0 -18.60  -47.00  0.32E-11
1962   7  20   0 -18.55  -47.00  0.34E-11
1962   7  20   0 -18.50  -47.00  0.20E-11
1962   7  20   0 -18.45  -47.00  0.12E-11
1962   7  20   0 -18.40  -47.00  0.61E-12
1962   7  20   0 -18.35  -47.00  0.14E-12
1962   7  20   0 -18.30  -47.00  0.46E-13
1962   7  20   0 -18.25  -47.00  0.46E-13
1962   7  20   0 -19.05  -46.95  0.39E-13
1962   7  20   0 -19.00  -46.95  0.16E-12
1962   7  20   0 -18.95  -46.95  0.41E-12
1962   7  20   0 -18.90  -46.95  0.70E-12
1962   7  20   0 -18.85  -46.95  0.11E-11
1962   7  20   0 -18.80  -46.95  0.20E-11
1962   7  20   0 -18.75  -46.95  0.28E-11
1962   7  20   0 -18.70  -46.95  0.22E-11
1962   7  20   0 -18.65  -46.95  0.26E-11
1962   7  20   0 -18.60  -46.95  0.24E-11
1962   7  20   0 -18.55  -46.95  0.25E-11
1962   7  20   0 -18.50  -46.95  0.15E-11
1962   7  20   0 -18.45  -46.95  0.11E-11
1962   7  20   0 -18.40  -46.95  0.41E-12
1962   7  20   0 -18.35  -46.95  0.91E-13
1962   7  20   0 -18.30  -46.95  0.91E-13
1962   7  20   0 -19.05  -46.90  0.95E-13
1962   7  20   0 -19.00  -46.90  0.13E-12
1962   7  20   0 -18.95  -46.90  0.16E-12
1962   7  20   0 -18.90  -46.90  0.17E-12
1962   7  20   0 -18.85  -46.90  0.47E-12
1962   7  20   0 -18.80  -46.90  0.87E-12
1962   7  20   0 -18.75  -46.90  0.13E-11
1962   7  20   0 -18.70  -46.90  0.11E-11
1962   7  20   0 -18.65  -46.90  0.16E-11
1962   7  20   0 -18.60  -46.90  0.13E-11
1962   7  20   0 -18.55  -46.90  0.16E-11
1962   7  20   0 -18.50  -46.90  0.12E-11
1962   7  20   0 -18.45  -46.90  0.16E-11
1962   7  20   0 -18.40  -46.90  0.47E-12
1962   7  20   0 -18.35  -46.90  0.23E-12
1962   7  20   0 -18.30  -46.90  0.46E-13
1962   7  20   0 -18.25  -46.90  0.46E-13
1962   7  20   0 -19.05  -46.85  0.79E-13
1962   7  20   0 -19.00  -46.85  0.39E-13
1962   7  20   0 -18.90  -46.85  0.12E-12
1962   7  20   0 -18.85  -46.85  0.38E-12
1962   7  20   0 -18.80  -46.85  0.57E-12
1962   7  20   0 -18.75  -46.85  0.86E-12
1962   7  20   0 -18.70  -46.85  0.54E-12
1962   7  20   0 -18.65  -46.85  0.56E-12
1962   7  20   0 -18.60  -46.85  0.69E-12
1962   7  20   0 -18.55  -46.85  0.62E-12
1962   7  20   0 -18.50  -46.85  0.96E-12
1962   7  20   0 -18.45  -46.85  0.56E-12
1962   7  20   0 -18.40  -46.85  0.42E-12
1962   7  20   0 -19.05  -46.80  0.39E-13
1962   7  20   0 -19.00  -46.80  0.78E-13
1962   7  20   0 -18.95  -46.80  0.94E-13
1962   7  20   0 -18.85  -46.80  0.10E-12
1962   7  20   0 -18.80  -46.80  0.93E-13
1962   7  20   0 -18.75  -46.80  0.28E-12
1962   7  20   0 -18.70  -46.80  0.65E-12
1962   7  20   0 -18.65  -46.80  0.51E-12
1962   7  20   0 -18.60  -46.80  0.37E-12
1962   7  20   0 -18.55  -46.80  0.71E-12
1962   7  20   0 -18.50  -46.80  0.46E-12
1962   7  20   0 -18.45  -46.80  0.46E-12
1962   7  20   0 -18.40  -46.80  0.29E-12
1962   7  20   0 -18.35  -46.80  0.15E-12
1962   7  20   0 -18.25  -46.80  0.46E-13
1962   7  20   0 -18.90  -46.75  0.16E-12
1962   7  20   0 -18.80  -46.75  0.38E-12
1962   7  20   0 -18.75  -46.75  0.17E-12
1962   7  20   0 -18.70  -46.75  0.32E-12
1962   7  20   0 -18.65  -46.75  0.29E-12
1962   7  20   0 -18.60  -46.75  0.33E-12
1962   7  20   0 -18.55  -46.75  0.44E-12
1962   7  20   0 -18.50  -46.75  0.56E-12
1962   7  20   0 -18.45  -46.75  0.27E-12
1962   7  20   0 -18.40  -46.75  0.46E-13
1962   7  20   0 -18.90  -46.70  0.58E-13
1962   7  20   0 -18.85  -46.70  0.16E-12
1962   7  20   0 -18.80  -46.70  0.12E-12
1962   7  20   0 -18.75  -46.70  0.10E-12
1962   7  20   0 -18.70  -46.70  0.15E-12
1962   7  20   0 -18.65  -46.70  0.16E-12
1962   7  20   0 -18.60  -46.70  0.14E-12
1962   7  20   0 -18.55  -46.70  0.27E-12
1962   7  20   0 -18.50  -46.70  0.18E-12
1962   7  20   0 -18.45  -46.70  0.18E-12
1962   7  20   0 -18.40  -46.70  0.46E-13
1962   7  20   0 -18.30  -46.70  0.46E-13
1962   7  20   0 -18.15  -46.70  0.45E-13
1962   7  20   0 -18.70  -46.65  0.15E-12
1962   7  20   0 -18.65  -46.65  0.16E-12
1962   7  20   0 -18.60  -46.65  0.15E-12
1962   7  20   0 -18.55  -46.65  0.18E-12
1962   7  20   0 -18.50  -46.65  0.46E-13
1962   7  20   0 -18.45  -46.65  0.18E-12
1962   7  20   0 -18.30  -46.65  0.46E-13
1962   7  20   0 -18.65  -46.60  0.10E-12
1962   7  20   0 -18.55  -46.60  0.10E-12
1962   7  20   0 -18.50  -46.60  0.46E-13
1962   7  20   0 -18.45  -46.60  0.16E-12
1962   7  20   0 -18.40  -46.60  0.46E-13
1962   7  20   0 -18.35  -46.60  0.92E-13
1962   7  20   0 -18.50  -46.55  0.46E-13
1962   7  20   0 -18.30  -46.55  0.46E-13
1962   7  20   0 -18.30  -46.50  0.46E-13
1962   7  20   0 -18.70  -46.45  0.58E-13
1962   7  20   0 -18.50  -46.30  0.46E-13
