YEAR  MO  DA  HR    LAT     LON Rn2200100
1969  11  25  12 -20.15  -49.05  0.17E-12
1969  11  25  12 -20.10  -49.05  0.84E-13
1969  11  25  12 -20.20  -49.00  0.17E-12
1969  11  25  12 -20.15  -49.00  0.93E-12
1969  11  25  12 -20.10  -49.00  0.22E-11
1969  11  25  12 -20.05  -49.00  0.10E-11
1969  11  25  12 -20.25  -48.95  0.64E-13
1969  11  25  12 -20.20  -48.95  0.14E-11
1969  11  25  12 -20.15  -48.95  0.60E-11
1969  11  25  12 -20.10  -48.95  0.15E-10
1969  11  25  12 -20.05  -48.95  0.18E-10
1969  11  25  12 -20.00  -48.95  0.70E-11
1969  11  25  12 -20.25  -48.90  0.13E-12
1969  11  25  12 -20.20  -48.90  0.81E-12
1969  11  25  12 -20.15  -48.90  0.94E-11
1969  11  25  12 -20.10  -48.90  0.41E-10
1969  11  25  12 -20.05  -48.90  0.70E-10
1969  11  25  12 -20.00  -48.90  0.26E-10
1969  11  25  12 -20.20  -48.85  0.70E-12
1969  11  25  12 -20.15  -48.85  0.13E-10
1969  11  25  12 -20.10  -48.85  0.64E-10
1969  11  25  12 -20.05  -48.85  0.88E-10
1969  11  25  12 -20.00  -48.85  0.43E-11
1969  11  25  12 -20.20  -48.80  0.58E-12
1969  11  25  12 -20.15  -48.80  0.13E-10
1969  11  25  12 -20.10  -48.80  0.92E-10
1969  11  25  12 -20.05  -48.80  0.65E-10
1969  11  25  12 -20.20  -48.75  0.19E-12
1969  11  25  12 -20.15  -48.75  0.11E-10
1969  11  25  12 -20.10  -48.75  0.11E-09
1969  11  25  12 -20.05  -48.75  0.51E-10
1969  11  25  12 -20.15  -48.70  0.64E-11
1969  11  25  12 -20.10  -48.70  0.12E-09
1969  11  25  12 -20.05  -48.70  0.58E-10
1969  11  25  12 -20.15  -48.65  0.13E-11
1969  11  25  12 -20.10  -48.65  0.11E-09
1969  11  25  12 -20.05  -48.65  0.88E-10
1969  11  25  12 -20.15  -48.60  0.52E-13
1969  11  25  12 -20.10  -48.60  0.81E-10
1969  11  25  12 -20.05  -48.60  0.14E-09
1969  11  25  12 -20.10  -48.55  0.47E-10
1969  11  25  12 -20.05  -48.55  0.20E-09
1969  11  25  12 -20.00  -48.55  0.18E-10
1969  11  25  12 -20.10  -48.50  0.62E-11
1969  11  25  12 -20.05  -48.50  0.20E-09
1969  11  25  12 -20.00  -48.50  0.93E-10
1969  11  25  12 -20.05  -48.45  0.14E-09
1969  11  25  12 -20.00  -48.45  0.17E-09
1969  11  25  12 -19.95  -48.45  0.23E-11
1969  11  25  12 -20.05  -48.40  0.45E-10
1969  11  25  12 -20.00  -48.40  0.21E-09
1969  11  25  12 -19.95  -48.40  0.63E-10
1969  11  25  12 -20.05  -48.35  0.11E-12
1969  11  25  12 -20.00  -48.35  0.16E-09
1969  11  25  12 -19.95  -48.35  0.15E-09
1969  11  25  12 -19.90  -48.35  0.88E-13
1969  11  25  12 -20.00  -48.30  0.74E-10
1969  11  25  12 -19.95  -48.30  0.23E-09
1969  11  25  12 -19.90  -48.30  0.21E-10
1969  11  25  12 -20.00  -48.25  0.65E-11
1969  11  25  12 -19.95  -48.25  0.23E-09
1969  11  25  12 -19.90  -48.25  0.95E-10
1969  11  25  12 -19.95  -48.20  0.20E-09
1969  11  25  12 -19.90  -48.20  0.14E-09
1969  11  25  12 -19.95  -48.15  0.15E-09
1969  11  25  12 -19.90  -48.15  0.19E-09
1969  11  25  12 -19.95  -48.10  0.12E-09
1969  11  25  12 -19.90  -48.10  0.25E-09
1969  11  25  12 -19.95  -48.05  0.14E-09
1969  11  25  12 -19.90  -48.05  0.23E-09
1969  11  25  12 -19.95  -48.00  0.25E-09
1969  11  25  12 -19.90  -48.00  0.14E-09
1969  11  25  12 -19.95  -47.95  0.38E-09
1969  11  25  12 -19.90  -47.95  0.19E-10
1969  11  25  12 -20.00  -47.90  0.65E-10
1969  11  25  12 -19.95  -47.90  0.30E-09
1969  11  26   0 -19.05  -49.65  0.57E-13
1969  11  26   0 -19.00  -49.65  0.57E-13
1969  11  26   0 -19.10  -49.60  0.12E-12
1969  11  26   0 -19.05  -49.55  0.57E-13
1969  11  26   0 -19.00  -49.55  0.29E-12
1969  11  26   0 -18.95  -49.55  0.17E-12
1969  11  26   0 -19.35  -49.50  0.58E-13
1969  11  26   0 -19.30  -49.50  0.23E-12
1969  11  26   0 -19.25  -49.50  0.58E-13
1969  11  26   0 -19.20  -49.50  0.12E-12
1969  11  26   0 -19.15  -49.50  0.52E-12
1969  11  26   0 -19.10  -49.50  0.34E-12
1969  11  26   0 -19.05  -49.50  0.35E-12
1969  11  26   0 -19.00  -49.50  0.40E-12
1969  11  26   0 -18.95  -49.50  0.29E-12
1969  11  26   0 -18.90  -49.50  0.23E-12
1969  11  26   0 -19.50  -49.45  0.59E-13
1969  11  26   0 -19.45  -49.45  0.12E-12
1969  11  26   0 -19.40  -49.45  0.17E-12
1969  11  26   0 -19.35  -49.45  0.58E-13
1969  11  26   0 -19.30  -49.45  0.12E-12
1969  11  26   0 -19.25  -49.45  0.35E-12
1969  11  26   0 -19.20  -49.45  0.87E-12
1969  11  26   0 -19.15  -49.45  0.98E-12
1969  11  26   0 -19.10  -49.45  0.11E-11
1969  11  26   0 -19.05  -49.45  0.14E-11
1969  11  26   0 -19.00  -49.45  0.80E-12
1969  11  26   0 -18.95  -49.45  0.57E-12
1969  11  26   0 -18.90  -49.45  0.17E-12
1969  11  26   0 -19.65  -49.40  0.95E-13
1969  11  26   0 -19.60  -49.40  0.14E-12
1969  11  26   0 -19.50  -49.40  0.59E-13
1969  11  26   0 -19.45  -49.40  0.12E-12
1969  11  26   0 -19.40  -49.40  0.35E-12
1969  11  26   0 -19.35  -49.40  0.29E-12
1969  11  26   0 -19.30  -49.40  0.52E-12
1969  11  26   0 -19.25  -49.40  0.70E-12
1969  11  26   0 -19.20  -49.40  0.12E-11
1969  11  26   0 -19.15  -49.40  0.17E-11
1969  11  26   0 -19.10  -49.40  0.16E-11
1969  11  26   0 -19.05  -49.40  0.24E-11
1969  11  26   0 -19.00  -49.40  0.21E-11
1969  11  26   0 -18.95  -49.40  0.10E-11
1969  11  26   0 -18.90  -49.40  0.40E-12
1969  11  26   0 -18.80  -49.40  0.11E-12
1969  11  26   0 -19.90  -49.35  0.81E-13
1969  11  26   0 -19.85  -49.35  0.61E-13
1969  11  26   0 -19.65  -49.35  0.48E-13
1969  11  26   0 -19.60  -49.35  0.14E-12
1969  11  26   0 -19.55  -49.35  0.30E-12
1969  11  26   0 -19.50  -49.35  0.26E-12
1969  11  26   0 -19.45  -49.35  0.11E-12
1969  11  26   0 -19.35  -49.35  0.35E-12
1969  11  26   0 -19.30  -49.35  0.52E-12
1969  11  26   0 -19.25  -49.35  0.12E-11
1969  11  26   0 -19.20  -49.35  0.24E-11
1969  11  26   0 -19.15  -49.35  0.36E-11
1969  11  26   0 -19.10  -49.35  0.42E-11
1969  11  26   0 -19.05  -49.35  0.46E-11
1969  11  26   0 -19.00  -49.35  0.29E-11
1969  11  26   0 -18.95  -49.35  0.22E-11
1969  11  26   0 -18.90  -49.35  0.14E-11
1969  11  26   0 -18.85  -49.35  0.97E-12
1969  11  26   0 -18.80  -49.35  0.57E-13
1969  11  26   0 -19.85  -49.30  0.81E-13
1969  11  26   0 -19.80  -49.30  0.32E-12
1969  11  26   0 -19.75  -49.30  0.30E-12
1969  11  26   0 -19.70  -49.30  0.24E-12
1969  11  26   0 -19.65  -49.30  0.34E-12
1969  11  26   0 -19.60  -49.30  0.96E-13
1969  11  26   0 -19.55  -49.30  0.19E-12
1969  11  26   0 -19.50  -49.30  0.39E-12
1969  11  26   0 -19.45  -49.30  0.58E-12
1969  11  26   0 -19.40  -49.30  0.93E-12
1969  11  26   0 -19.35  -49.30  0.10E-11
1969  11  26   0 -19.30  -49.30  0.23E-11
1969  11  26   0 -19.25  -49.30  0.55E-11
1969  11  26   0 -19.20  -49.30  0.66E-11
1969  11  26   0 -19.15  -49.30  0.79E-11
1969  11  26   0 -19.10  -49.30  0.89E-11
1969  11  26   0 -19.05  -49.30  0.64E-11
1969  11  26   0 -19.00  -49.30  0.58E-11
1969  11  26   0 -18.95  -49.30  0.45E-11
1969  11  26   0 -18.90  -49.30  0.21E-11
1969  11  26   0 -18.85  -49.30  0.57E-12
1969  11  26   0 -18.80  -49.30  0.11E-12
1969  11  26   0 -20.05  -49.25  0.82E-13
1969  11  26   0 -20.00  -49.25  0.82E-13
1969  11  26   0 -19.95  -49.25  0.24E-12
1969  11  26   0 -19.90  -49.25  0.81E-12
1969  11  26   0 -19.85  -49.25  0.12E-11
1969  11  26   0 -19.80  -49.25  0.18E-11
1969  11  26   0 -19.75  -49.25  0.16E-11
1969  11  26   0 -19.70  -49.25  0.19E-11
1969  11  26   0 -19.65  -49.25  0.15E-11
1969  11  26   0 -19.60  -49.25  0.16E-11
1969  11  26   0 -19.55  -49.25  0.22E-11
1969  11  26   0 -19.50  -49.25  0.21E-11
1969  11  26   0 -19.45  -49.25  0.24E-11
1969  11  26   0 -19.40  -49.25  0.29E-11
1969  11  26   0 -19.35  -49.25  0.43E-11
1969  11  26   0 -19.30  -49.25  0.61E-11
1969  11  26   0 -19.25  -49.25  0.68E-11
1969  11  26   0 -19.20  -49.25  0.95E-11
1969  11  26   0 -19.15  -49.25  0.12E-10
1969  11  26   0 -19.10  -49.25  0.11E-10
1969  11  26   0 -19.05  -49.25  0.12E-10
1969  11  26   0 -19.00  -49.25  0.10E-10
1969  11  26   0 -18.95  -49.25  0.68E-11
1969  11  26   0 -18.90  -49.25  0.28E-11
1969  11  26   0 -18.85  -49.25  0.63E-12
1969  11  26   0 -20.10  -49.20  0.82E-13
1969  11  26   0 -20.05  -49.20  0.74E-12
1969  11  26   0 -20.00  -49.20  0.98E-12
1969  11  26   0 -19.95  -49.20  0.22E-11
1969  11  26   0 -19.90  -49.20  0.25E-11
1969  11  26   0 -19.85  -49.20  0.37E-11
1969  11  26   0 -19.80  -49.20  0.49E-11
1969  11  26   0 -19.75  -49.20  0.43E-11
1969  11  26   0 -19.70  -49.20  0.48E-11
1969  11  26   0 -19.65  -49.20  0.55E-11
1969  11  26   0 -19.60  -49.20  0.54E-11
1969  11  26   0 -19.55  -49.20  0.60E-11
1969  11  26   0 -19.50  -49.20  0.62E-11
1969  11  26   0 -19.45  -49.20  0.54E-11
1969  11  26   0 -19.40  -49.20  0.55E-11
1969  11  26   0 -19.35  -49.20  0.69E-11
1969  11  26   0 -19.30  -49.20  0.77E-11
1969  11  26   0 -19.25  -49.20  0.96E-11
1969  11  26   0 -19.20  -49.20  0.14E-10
1969  11  26   0 -19.15  -49.20  0.14E-10
1969  11  26   0 -19.10  -49.20  0.16E-10
1969  11  26   0 -19.05  -49.20  0.16E-10
1969  11  26   0 -19.00  -49.20  0.13E-10
1969  11  26   0 -18.95  -49.20  0.86E-11
1969  11  26   0 -18.90  -49.20  0.27E-11
1969  11  26   0 -18.85  -49.20  0.69E-12
1969  11  26   0 -18.80  -49.20  0.17E-12
1969  11  26   0 -20.20  -49.15  0.17E-12
1969  11  26   0 -20.15  -49.15  0.33E-12
1969  11  26   0 -20.10  -49.15  0.12E-11
1969  11  26   0 -20.05  -49.15  0.23E-11
1969  11  26   0 -20.00  -49.15  0.36E-11
1969  11  26   0 -19.95  -49.15  0.66E-11
1969  11  26   0 -19.90  -49.15  0.11E-10
1969  11  26   0 -19.85  -49.15  0.12E-10
1969  11  26   0 -19.80  -49.15  0.13E-10
1969  11  26   0 -19.75  -49.15  0.15E-10
1969  11  26   0 -19.70  -49.15  0.13E-10
1969  11  26   0 -19.65  -49.15  0.12E-10
1969  11  26   0 -19.60  -49.15  0.10E-10
1969  11  26   0 -19.55  -49.15  0.88E-11
1969  11  26   0 -19.50  -49.15  0.75E-11
1969  11  26   0 -19.45  -49.15  0.78E-11
1969  11  26   0 -19.40  -49.15  0.88E-11
1969  11  26   0 -19.35  -49.15  0.97E-11
1969  11  26   0 -19.30  -49.15  0.12E-10
1969  11  26   0 -19.25  -49.15  0.13E-10
1969  11  26   0 -19.20  -49.15  0.13E-10
1969  11  26   0 -19.15  -49.15  0.17E-10
1969  11  26   0 -19.10  -49.15  0.18E-10
1969  11  26   0 -19.05  -49.15  0.19E-10
1969  11  26   0 -19.00  -49.15  0.16E-10
1969  11  26   0 -18.95  -49.15  0.99E-11
1969  11  26   0 -18.90  -49.15  0.29E-11
1969  11  26   0 -18.85  -49.15  0.57E-12
1969  11  26   0 -20.20  -49.10  0.17E-12
1969  11  26   0 -20.15  -49.10  0.19E-11
1969  11  26   0 -20.10  -49.10  0.38E-11
1969  11  26   0 -20.05  -49.10  0.59E-11
1969  11  26   0 -20.00  -49.10  0.12E-10
1969  11  26   0 -19.95  -49.10  0.18E-10
1969  11  26   0 -19.90  -49.10  0.24E-10
1969  11  26   0 -19.85  -49.10  0.32E-10
1969  11  26   0 -19.80  -49.10  0.34E-10
1969  11  26   0 -19.75  -49.10  0.30E-10
1969  11  26   0 -19.70  -49.10  0.29E-10
1969  11  26   0 -19.65  -49.10  0.26E-10
1969  11  26   0 -19.60  -49.10  0.22E-10
1969  11  26   0 -19.55  -49.10  0.18E-10
1969  11  26   0 -19.50  -49.10  0.17E-10
1969  11  26   0 -19.45  -49.10  0.14E-10
1969  11  26   0 -19.40  -49.10  0.14E-10
1969  11  26   0 -19.35  -49.10  0.15E-10
1969  11  26   0 -19.30  -49.10  0.15E-10
1969  11  26   0 -19.25  -49.10  0.16E-10
1969  11  26   0 -19.20  -49.10  0.20E-10
1969  11  26   0 -19.15  -49.10  0.22E-10
1969  11  26   0 -19.10  -49.10  0.23E-10
1969  11  26   0 -19.05  -49.10  0.20E-10
1969  11  26   0 -19.00  -49.10  0.13E-10
1969  11  26   0 -18.95  -49.10  0.48E-11
1969  11  26   0 -18.90  -49.10  0.13E-11
1969  11  26   0 -18.85  -49.10  0.11E-12
1969  11  26   0 -20.20  -49.05  0.50E-12
1969  11  26   0 -20.15  -49.05  0.18E-11
1969  11  26   0 -20.10  -49.05  0.58E-11
1969  11  26   0 -20.05  -49.05  0.13E-10
1969  11  26   0 -20.00  -49.05  0.25E-10
1969  11  26   0 -19.95  -49.05  0.41E-10
1969  11  26   0 -19.90  -49.05  0.56E-10
1969  11  26   0 -19.85  -49.05  0.55E-10
1969  11  26   0 -19.80  -49.05  0.44E-10
1969  11  26   0 -19.75  -49.05  0.34E-10
1969  11  26   0 -19.70  -49.05  0.28E-10
1969  11  26   0 -19.65  -49.05  0.23E-10
1969  11  26   0 -19.60  -49.05  0.20E-10
1969  11  26   0 -19.55  -49.05  0.19E-10
1969  11  26   0 -19.50  -49.05  0.16E-10
1969  11  26   0 -19.45  -49.05  0.15E-10
1969  11  26   0 -19.40  -49.05  0.17E-10
1969  11  26   0 -19.35  -49.05  0.15E-10
1969  11  26   0 -19.30  -49.05  0.17E-10
1969  11  26   0 -19.25  -49.05  0.17E-10
1969  11  26   0 -19.20  -49.05  0.18E-10
1969  11  26   0 -19.15  -49.05  0.17E-10
1969  11  26   0 -19.10  -49.05  0.15E-10
1969  11  26   0 -19.05  -49.05  0.12E-10
1969  11  26   0 -19.00  -49.05  0.81E-11
1969  11  26   0 -18.95  -49.05  0.37E-11
1969  11  26   0 -18.90  -49.05  0.57E-12
1969  11  26   0 -18.85  -49.05  0.23E-12
1969  11  26   0 -20.20  -49.00  0.59E-12
1969  11  26   0 -20.15  -49.00  0.21E-11
1969  11  26   0 -20.10  -49.00  0.11E-10
1969  11  26   0 -20.05  -49.00  0.29E-10
1969  11  26   0 -20.00  -49.00  0.53E-10
1969  11  26   0 -19.95  -49.00  0.74E-10
1969  11  26   0 -19.90  -49.00  0.58E-10
1969  11  26   0 -19.85  -49.00  0.30E-10
1969  11  26   0 -19.80  -49.00  0.14E-10
1969  11  26   0 -19.75  -49.00  0.10E-10
1969  11  26   0 -19.70  -49.00  0.71E-11
1969  11  26   0 -19.65  -49.00  0.68E-11
1969  11  26   0 -19.60  -49.00  0.66E-11
1969  11  26   0 -19.55  -49.00  0.85E-11
1969  11  26   0 -19.50  -49.00  0.79E-11
1969  11  26   0 -19.45  -49.00  0.86E-11
1969  11  26   0 -19.40  -49.00  0.11E-10
1969  11  26   0 -19.35  -49.00  0.12E-10
1969  11  26   0 -19.30  -49.00  0.12E-10
1969  11  26   0 -19.25  -49.00  0.10E-10
1969  11  26   0 -19.20  -49.00  0.97E-11
1969  11  26   0 -19.15  -49.00  0.94E-11
1969  11  26   0 -19.10  -49.00  0.79E-11
1969  11  26   0 -19.05  -49.00  0.57E-11
1969  11  26   0 -19.00  -49.00  0.25E-11
1969  11  26   0 -18.95  -49.00  0.12E-11
1969  11  26   0 -18.90  -49.00  0.57E-12
1969  11  26   0 -18.85  -49.00  0.57E-13
1969  11  26   0 -20.20  -48.95  0.17E-12
1969  11  26   0 -20.15  -48.95  0.93E-12
1969  11  26   0 -20.10  -48.95  0.71E-11
1969  11  26   0 -20.05  -48.95  0.36E-10
1969  11  26   0 -20.00  -48.95  0.75E-10
1969  11  26   0 -19.95  -48.95  0.45E-10
1969  11  26   0 -19.90  -48.95  0.10E-10
1969  11  26   0 -19.85  -48.95  0.20E-11
1969  11  26   0 -19.80  -48.95  0.11E-11
1969  11  26   0 -19.75  -48.95  0.55E-12
1969  11  26   0 -19.70  -48.95  0.69E-12
1969  11  26   0 -19.65  -48.95  0.12E-11
1969  11  26   0 -19.60  -48.95  0.79E-12
1969  11  26   0 -19.55  -48.95  0.15E-11
1969  11  26   0 -19.50  -48.95  0.24E-11
1969  11  26   0 -19.45  -48.95  0.30E-11
1969  11  26   0 -19.40  -48.95  0.26E-11
1969  11  26   0 -19.35  -48.95  0.31E-11
1969  11  26   0 -19.30  -48.95  0.34E-11
1969  11  26   0 -19.25  -48.95  0.32E-11
1969  11  26   0 -19.20  -48.95  0.30E-11
1969  11  26   0 -19.15  -48.95  0.31E-11
1969  11  26   0 -19.10  -48.95  0.19E-11
1969  11  26   0 -19.05  -48.95  0.14E-11
1969  11  26   0 -19.00  -48.95  0.41E-12
1969  11  26   0 -18.95  -48.95  0.35E-12
1969  11  26   0 -18.90  -48.95  0.58E-13
1969  11  26   0 -20.15  -48.90  0.84E-13
1969  11  26   0 -20.10  -48.90  0.18E-11
1969  11  26   0 -20.05  -48.90  0.16E-10
1969  11  26   0 -20.00  -48.90  0.22E-10
1969  11  26   0 -19.95  -48.90  0.23E-11
1969  11  26   0 -19.90  -48.90  0.17E-12
1969  11  26   0 -19.65  -48.90  0.95E-13
1969  11  26   0 -19.60  -48.90  0.15E-12
1969  11  26   0 -19.45  -48.90  0.48E-13
1969  11  26   0 -19.40  -48.90  0.30E-12
1969  11  26   0 -19.35  -48.90  0.51E-12
1969  11  26   0 -19.30  -48.90  0.66E-12
1969  11  26   0 -19.25  -48.90  0.41E-12
1969  11  26   0 -19.20  -48.90  0.53E-12
1969  11  26   0 -19.15  -48.90  0.47E-12
1969  11  26   0 -19.10  -48.90  0.46E-12
1969  11  26   0 -19.05  -48.90  0.35E-12
1969  11  26   0 -19.00  -48.90  0.23E-12
1969  11  26   0 -18.95  -48.90  0.11E-12
1969  11  26   0 -20.05  -48.85  0.67E-12
1969  11  26   0 -20.00  -48.85  0.34E-12
1969  11  26   0 -19.25  -48.85  0.12E-12
1969  11  26   0 -19.20  -48.85  0.12E-12
1969  11  26   0 -19.15  -48.85  0.12E-12
1969  11  26   0 -19.10  -48.85  0.12E-12
