YEAR  MO  DA  HR    LAT     LON Rn2200100
1970  11  23  12 -20.00  -47.85  0.25E-09
1970  11  23  12 -20.00  -47.80  0.24E-09
1970  11  23  12 -20.00  -47.75  0.26E-09
1970  11  23  12 -20.00  -47.70  0.27E-09
1970  11  23  12 -20.05  -47.65  0.11E-09
1970  11  23  12 -20.00  -47.65  0.17E-09
1970  11  23  12 -20.05  -47.60  0.28E-09
1970  11  23  12 -20.10  -47.55  0.77E-11
1970  11  23  12 -20.05  -47.55  0.28E-09
1970  11  23  12 -20.10  -47.50  0.15E-09
1970  11  23  12 -20.05  -47.50  0.13E-09
1970  11  23  12 -20.10  -47.45  0.28E-09
1970  11  23  12 -20.05  -47.45  0.11E-11
1970  11  23  12 -20.15  -47.40  0.77E-10
1970  11  23  12 -20.10  -47.40  0.17E-09
1970  11  23  12 -20.15  -47.35  0.18E-09
1970  11  23  12 -20.10  -47.35  0.23E-10
1970  11  23  12 -20.20  -47.30  0.39E-10
1970  11  23  12 -20.15  -47.30  0.12E-09
1970  11  23  12 -20.25  -47.25  0.26E-12
1970  11  23  12 -20.20  -47.25  0.11E-09
1970  11  23  12 -20.15  -47.25  0.27E-10
1970  11  23  12 -20.25  -47.20  0.23E-10
1970  11  23  12 -20.20  -47.20  0.80E-10
1970  11  23  12 -20.15  -47.20  0.18E-12
1970  11  23  12 -20.30  -47.15  0.79E-13
1970  11  23  12 -20.25  -47.15  0.49E-10
1970  11  23  12 -20.20  -47.15  0.21E-10
1970  11  23  12 -20.30  -47.10  0.78E-11
1970  11  23  12 -20.25  -47.10  0.38E-10
1970  11  23  12 -20.20  -47.10  0.88E-12
1970  11  23  12 -20.35  -47.05  0.52E-13
1970  11  23  12 -20.30  -47.05  0.25E-10
1970  11  23  12 -20.25  -47.05  0.14E-10
1970  11  23  12 -20.20  -47.05  0.79E-13
1970  11  23  12 -20.35  -47.00  0.28E-11
1970  11  23  12 -20.30  -47.00  0.27E-10
1970  11  23  12 -20.25  -47.00  0.21E-11
1970  11  23  12 -20.40  -46.95  0.26E-13
1970  11  23  12 -20.35  -46.95  0.13E-10
1970  11  23  12 -20.30  -46.95  0.15E-10
1970  11  23  12 -20.25  -46.95  0.24E-12
1970  11  23  12 -20.40  -46.90  0.14E-11
1970  11  23  12 -20.35  -46.90  0.20E-10
1970  11  23  12 -20.30  -46.90  0.45E-11
1970  11  23  12 -20.25  -46.90  0.79E-13
1970  11  23  12 -20.45  -46.85  0.86E-13
1970  11  23  12 -20.40  -46.85  0.63E-11
1970  11  23  12 -20.35  -46.85  0.17E-10
1970  11  23  12 -20.30  -46.85  0.14E-11
1970  11  23  12 -20.45  -46.80  0.91E-12
1970  11  23  12 -20.40  -46.80  0.13E-10
1970  11  23  12 -20.35  -46.80  0.93E-11
1970  11  23  12 -20.30  -46.80  0.31E-12
1970  11  23  12 -20.50  -46.75  0.21E-13
1970  11  23  12 -20.45  -46.75  0.23E-11
1970  11  23  12 -20.40  -46.75  0.14E-10
1970  11  23  12 -20.35  -46.75  0.40E-11
1970  11  23  12 -20.30  -46.75  0.52E-13
1970  11  23  12 -20.50  -46.70  0.28E-12
1970  11  23  12 -20.45  -46.70  0.65E-11
1970  11  23  12 -20.40  -46.70  0.12E-10
1970  11  23  12 -20.35  -46.70  0.12E-11
1970  11  23  12 -20.55  -46.65  0.11E-12
1970  11  23  12 -20.50  -46.65  0.13E-11
1970  11  23  12 -20.45  -46.65  0.93E-11
1970  11  23  12 -20.40  -46.65  0.88E-11
1970  11  23  12 -20.35  -46.65  0.56E-12
1970  11  23  12 -20.55  -46.60  0.13E-12
1970  11  23  12 -20.50  -46.60  0.32E-11
1970  11  23  12 -20.45  -46.60  0.10E-10
1970  11  23  12 -20.40  -46.60  0.45E-11
1970  11  23  12 -20.35  -46.60  0.24E-12
1970  11  23  12 -20.60  -46.55  0.11E-12
1970  11  23  12 -20.55  -46.55  0.51E-12
1970  11  23  12 -20.50  -46.55  0.47E-11
1970  11  23  12 -20.45  -46.55  0.83E-11
1970  11  23  12 -20.40  -46.55  0.29E-11
1970  11  23  12 -20.35  -46.55  0.78E-13
1970  11  23  12 -20.60  -46.50  0.13E-12
1970  11  23  12 -20.55  -46.50  0.17E-11
1970  11  23  12 -20.50  -46.50  0.60E-11
1970  11  23  12 -20.45  -46.50  0.65E-11
1970  11  23  12 -20.40  -46.50  0.13E-11
1970  11  23  12 -20.35  -46.50  0.12E-12
1970  11  23  12 -20.65  -46.45  0.11E-12
1970  11  23  12 -20.60  -46.45  0.30E-12
1970  11  23  12 -20.55  -46.45  0.26E-11
1970  11  23  12 -20.50  -46.45  0.57E-11
1970  11  23  12 -20.45  -46.45  0.55E-11
1970  11  23  12 -20.40  -46.45  0.82E-12
1970  11  23  12 -20.35  -46.45  0.52E-13
1970  11  23  12 -20.65  -46.40  0.42E-13
1970  11  23  12 -20.60  -46.40  0.70E-12
1970  11  23  12 -20.55  -46.40  0.30E-11
1970  11  23  12 -20.50  -46.40  0.66E-11
1970  11  23  12 -20.45  -46.40  0.43E-11
1970  11  23  12 -20.40  -46.40  0.49E-12
1970  11  23  12 -20.65  -46.35  0.11E-12
1970  11  23  12 -20.60  -46.35  0.87E-12
1970  11  23  12 -20.55  -46.35  0.34E-11
1970  11  23  12 -20.50  -46.35  0.65E-11
1970  11  23  12 -20.45  -46.35  0.30E-11
1970  11  23  12 -20.40  -46.35  0.34E-12
1970  11  23  12 -20.65  -46.30  0.25E-12
1970  11  23  12 -20.60  -46.30  0.13E-11
1970  11  23  12 -20.55  -46.30  0.39E-11
1970  11  23  12 -20.50  -46.30  0.50E-11
1970  11  23  12 -20.45  -46.30  0.22E-11
1970  11  23  12 -20.40  -46.30  0.19E-12
1970  11  23  12 -20.70  -46.25  0.21E-13
1970  11  23  12 -20.65  -46.25  0.17E-12
1970  11  23  12 -20.60  -46.25  0.12E-11
1970  11  23  12 -20.55  -46.25  0.35E-11
1970  11  23  12 -20.50  -46.25  0.45E-11
1970  11  23  12 -20.45  -46.25  0.17E-11
1970  11  23  12 -20.40  -46.25  0.64E-13
1970  11  23  12 -20.70  -46.20  0.21E-13
1970  11  23  12 -20.65  -46.20  0.30E-12
1970  11  23  12 -20.60  -46.20  0.15E-11
1970  11  23  12 -20.55  -46.20  0.40E-11
1970  11  23  12 -20.50  -46.20  0.35E-11
1970  11  23  12 -20.45  -46.20  0.11E-11
1970  11  23  12 -20.40  -46.20  0.13E-12
1970  11  23  12 -20.70  -46.15  0.21E-13
1970  11  23  12 -20.65  -46.15  0.23E-12
1970  11  23  12 -20.60  -46.15  0.18E-11
1970  11  23  12 -20.55  -46.15  0.27E-11
1970  11  23  12 -20.50  -46.15  0.32E-11
1970  11  23  12 -20.45  -46.15  0.98E-12
1970  11  23  12 -20.40  -46.15  0.43E-13
1970  11  23  12 -20.70  -46.10  0.64E-13
1970  11  23  12 -20.65  -46.10  0.32E-12
1970  11  23  12 -20.60  -46.10  0.15E-11
1970  11  23  12 -20.55  -46.10  0.23E-11
1970  11  23  12 -20.50  -46.10  0.26E-11
1970  11  23  12 -20.45  -46.10  0.51E-12
1970  11  23  12 -20.70  -46.05  0.21E-13
1970  11  23  12 -20.65  -46.05  0.36E-12
1970  11  23  12 -20.60  -46.05  0.87E-12
1970  11  23  12 -20.55  -46.05  0.19E-11
1970  11  23  12 -20.50  -46.05  0.21E-11
1970  11  23  12 -20.45  -46.05  0.32E-12
1970  11  23  12 -20.65  -46.00  0.19E-12
1970  11  23  12 -20.60  -46.00  0.55E-12
1970  11  23  12 -20.55  -46.00  0.16E-11
1970  11  23  12 -20.50  -46.00  0.11E-11
1970  11  23  12 -20.45  -46.00  0.42E-12
1970  11  23  12 -20.70  -45.95  0.42E-13
1970  11  23  12 -20.65  -45.95  0.21E-12
1970  11  23  12 -20.60  -45.95  0.53E-12
1970  11  23  12 -20.55  -45.95  0.15E-11
1970  11  23  12 -20.50  -45.95  0.14E-11
1970  11  23  12 -20.45  -45.95  0.21E-12
1970  11  23  12 -20.70  -45.90  0.21E-13
1970  11  23  12 -20.65  -45.90  0.85E-13
1970  11  23  12 -20.60  -45.90  0.30E-12
1970  11  23  12 -20.55  -45.90  0.95E-12
1970  11  23  12 -20.50  -45.90  0.87E-12
1970  11  23  12 -20.45  -45.90  0.85E-13
1970  11  23  12 -20.65  -45.85  0.63E-13
1970  11  23  12 -20.60  -45.85  0.32E-12
1970  11  23  12 -20.55  -45.85  0.83E-12
1970  11  23  12 -20.50  -45.85  0.64E-12
1970  11  23  12 -20.45  -45.85  0.64E-13
1970  11  23  12 -20.65  -45.80  0.21E-13
1970  11  23  12 -20.60  -45.80  0.21E-12
1970  11  23  12 -20.55  -45.80  0.51E-12
1970  11  23  12 -20.50  -45.80  0.44E-12
1970  11  23  12 -20.45  -45.80  0.64E-13
1970  11  23  12 -20.65  -45.75  0.63E-13
1970  11  23  12 -20.60  -45.75  0.21E-12
1970  11  23  12 -20.55  -45.75  0.46E-12
1970  11  23  12 -20.50  -45.75  0.17E-12
1970  11  23  12 -20.45  -45.75  0.64E-13
1970  11  23  12 -20.65  -45.70  0.42E-13
1970  11  23  12 -20.60  -45.70  0.11E-12
1970  11  23  12 -20.55  -45.70  0.34E-12
1970  11  23  12 -20.50  -45.70  0.85E-13
1970  11  23  12 -20.60  -45.65  0.63E-13
1970  11  23  12 -20.55  -45.65  0.23E-12
1970  11  23  12 -20.50  -45.65  0.15E-12
1970  11  23  12 -20.60  -45.60  0.42E-13
1970  11  23  12 -20.55  -45.60  0.63E-13
1970  11  23  12 -20.50  -45.60  0.85E-13
1970  11  23  12 -20.60  -45.55  0.42E-13
1970  11  23  12 -20.55  -45.55  0.63E-13
1970  11  23  12 -20.50  -45.55  0.64E-13
1970  11  23  12 -20.55  -45.50  0.21E-13
1970  11  23  12 -20.50  -45.50  0.11E-12
1970  11  23  12 -20.55  -45.45  0.21E-13
1970  11  23  12 -20.50  -45.45  0.42E-13
1970  11  23  12 -20.45  -45.25  0.21E-13
1970  11  24   0 -20.65  -46.40  0.42E-13
1970  11  24   0 -20.55  -46.40  0.42E-13
1970  11  24   0 -20.50  -46.40  0.63E-13
1970  11  24   0 -20.45  -46.40  0.21E-13
1970  11  24   0 -20.65  -46.35  0.63E-13
1970  11  24   0 -20.60  -46.35  0.85E-13
1970  11  24   0 -20.55  -46.35  0.84E-13
1970  11  24   0 -20.50  -46.35  0.21E-13
1970  11  24   0 -20.45  -46.35  0.42E-13
1970  11  24   0 -20.70  -46.30  0.42E-13
1970  11  24   0 -20.65  -46.30  0.15E-12
1970  11  24   0 -20.60  -46.30  0.30E-12
1970  11  24   0 -20.55  -46.30  0.23E-12
1970  11  24   0 -20.50  -46.30  0.11E-12
1970  11  24   0 -20.45  -46.30  0.42E-13
1970  11  24   0 -20.70  -46.25  0.84E-13
1970  11  24   0 -20.65  -46.25  0.53E-12
1970  11  24   0 -20.60  -46.25  0.46E-12
1970  11  24   0 -20.55  -46.25  0.44E-12
1970  11  24   0 -20.50  -46.25  0.32E-12
1970  11  24   0 -20.45  -46.25  0.21E-13
1970  11  24   0 -20.75  -46.20  0.21E-13
1970  11  24   0 -20.70  -46.20  0.11E-12
1970  11  24   0 -20.65  -46.20  0.50E-12
1970  11  24   0 -20.60  -46.20  0.14E-11
1970  11  24   0 -20.55  -46.20  0.74E-12
1970  11  24   0 -20.50  -46.20  0.40E-12
1970  11  24   0 -20.45  -46.20  0.13E-12
1970  11  24   0 -20.80  -46.15  0.42E-13
1970  11  24   0 -20.75  -46.15  0.13E-12
1970  11  24   0 -20.70  -46.15  0.15E-12
1970  11  24   0 -20.65  -46.15  0.76E-12
1970  11  24   0 -20.60  -46.15  0.14E-11
1970  11  24   0 -20.55  -46.15  0.15E-11
1970  11  24   0 -20.50  -46.15  0.72E-12
1970  11  24   0 -20.45  -46.15  0.13E-12
1970  11  24   0 -20.80  -46.10  0.21E-13
1970  11  24   0 -20.75  -46.10  0.21E-13
1970  11  24   0 -20.70  -46.10  0.40E-12
1970  11  24   0 -20.65  -46.10  0.90E-12
1970  11  24   0 -20.60  -46.10  0.18E-11
1970  11  24   0 -20.55  -46.10  0.16E-11
1970  11  24   0 -20.50  -46.10  0.82E-12
1970  11  24   0 -20.45  -46.10  0.11E-12
1970  11  24   0 -20.80  -46.05  0.21E-13
1970  11  24   0 -20.75  -46.05  0.21E-13
1970  11  24   0 -20.70  -46.05  0.57E-12
1970  11  24   0 -20.65  -46.05  0.16E-11
1970  11  24   0 -20.60  -46.05  0.24E-11
1970  11  24   0 -20.55  -46.05  0.17E-11
1970  11  24   0 -20.50  -46.05  0.71E-12
1970  11  24   0 -20.45  -46.05  0.17E-12
1970  11  24   0 -20.80  -46.00  0.21E-13
1970  11  24   0 -20.75  -46.00  0.25E-12
1970  11  24   0 -20.70  -46.00  0.94E-12
1970  11  24   0 -20.65  -46.00  0.17E-11
1970  11  24   0 -20.60  -46.00  0.27E-11
1970  11  24   0 -20.55  -46.00  0.17E-11
1970  11  24   0 -20.50  -46.00  0.69E-12
1970  11  24   0 -20.45  -46.00  0.84E-13
1970  11  24   0 -20.80  -45.95  0.21E-13
1970  11  24   0 -20.75  -45.95  0.42E-12
1970  11  24   0 -20.70  -45.95  0.75E-12
1970  11  24   0 -20.65  -45.95  0.24E-11
1970  11  24   0 -20.60  -45.95  0.26E-11
1970  11  24   0 -20.55  -45.95  0.25E-11
1970  11  24   0 -20.50  -45.95  0.63E-12
1970  11  24   0 -20.45  -45.95  0.42E-13
1970  11  24   0 -20.80  -45.90  0.10E-12
1970  11  24   0 -20.75  -45.90  0.31E-12
1970  11  24   0 -20.70  -45.90  0.88E-12
1970  11  24   0 -20.65  -45.90  0.29E-11
1970  11  24   0 -20.60  -45.90  0.33E-11
1970  11  24   0 -20.55  -45.90  0.25E-11
1970  11  24   0 -20.50  -45.90  0.73E-12
1970  11  24   0 -20.45  -45.90  0.42E-13
1970  11  24   0 -20.80  -45.85  0.83E-13
1970  11  24   0 -20.75  -45.85  0.21E-12
1970  11  24   0 -20.70  -45.85  0.12E-11
1970  11  24   0 -20.65  -45.85  0.23E-11
1970  11  24   0 -20.60  -45.85  0.26E-11
1970  11  24   0 -20.55  -45.85  0.25E-11
1970  11  24   0 -20.50  -45.85  0.92E-12
1970  11  24   0 -20.45  -45.85  0.42E-13
1970  11  24   0 -20.80  -45.80  0.17E-12
1970  11  24   0 -20.75  -45.80  0.50E-12
1970  11  24   0 -20.70  -45.80  0.10E-11
1970  11  24   0 -20.65  -45.80  0.23E-11
1970  11  24   0 -20.60  -45.80  0.32E-11
1970  11  24   0 -20.55  -45.80  0.22E-11
1970  11  24   0 -20.50  -45.80  0.73E-12
1970  11  24   0 -20.45  -45.80  0.10E-12
1970  11  24   0 -20.85  -45.75  0.42E-13
1970  11  24   0 -20.80  -45.75  0.15E-12
1970  11  24   0 -20.75  -45.75  0.54E-12
1970  11  24   0 -20.70  -45.75  0.13E-11
1970  11  24   0 -20.65  -45.75  0.23E-11
1970  11  24   0 -20.60  -45.75  0.33E-11
1970  11  24   0 -20.55  -45.75  0.18E-11
1970  11  24   0 -20.50  -45.75  0.54E-12
1970  11  24   0 -20.45  -45.75  0.62E-13
1970  11  24   0 -20.85  -45.70  0.21E-13
1970  11  24   0 -20.80  -45.70  0.12E-12
1970  11  24   0 -20.75  -45.70  0.58E-12
1970  11  24   0 -20.70  -45.70  0.10E-11
1970  11  24   0 -20.65  -45.70  0.24E-11
1970  11  24   0 -20.60  -45.70  0.32E-11
1970  11  24   0 -20.55  -45.70  0.22E-11
1970  11  24   0 -20.50  -45.70  0.58E-12
1970  11  24   0 -20.45  -45.70  0.21E-13
1970  11  24   0 -20.80  -45.65  0.12E-12
1970  11  24   0 -20.75  -45.65  0.62E-12
1970  11  24   0 -20.70  -45.65  0.12E-11
1970  11  24   0 -20.65  -45.65  0.25E-11
1970  11  24   0 -20.60  -45.65  0.34E-11
1970  11  24   0 -20.55  -45.65  0.17E-11
1970  11  24   0 -20.50  -45.65  0.48E-12
1970  11  24   0 -20.45  -45.65  0.17E-12
1970  11  24   0 -20.85  -45.60  0.42E-13
1970  11  24   0 -20.80  -45.60  0.33E-12
1970  11  24   0 -20.75  -45.60  0.64E-12
1970  11  24   0 -20.70  -45.60  0.16E-11
1970  11  24   0 -20.65  -45.60  0.29E-11
1970  11  24   0 -20.60  -45.60  0.27E-11
1970  11  24   0 -20.55  -45.60  0.15E-11
1970  11  24   0 -20.50  -45.60  0.39E-12
1970  11  24   0 -20.45  -45.60  0.14E-12
1970  11  24   0 -20.85  -45.55  0.12E-12
1970  11  24   0 -20.80  -45.55  0.37E-12
1970  11  24   0 -20.75  -45.55  0.60E-12
1970  11  24   0 -20.70  -45.55  0.12E-11
1970  11  24   0 -20.65  -45.55  0.25E-11
1970  11  24   0 -20.60  -45.55  0.31E-11
1970  11  24   0 -20.55  -45.55  0.14E-11
1970  11  24   0 -20.50  -45.55  0.54E-12
1970  11  24   0 -20.45  -45.55  0.14E-12
1970  11  24   0 -20.85  -45.50  0.83E-13
1970  11  24   0 -20.80  -45.50  0.19E-12
1970  11  24   0 -20.75  -45.50  0.58E-12
1970  11  24   0 -20.70  -45.50  0.12E-11
1970  11  24   0 -20.65  -45.50  0.22E-11
1970  11  24   0 -20.60  -45.50  0.27E-11
1970  11  24   0 -20.55  -45.50  0.11E-11
1970  11  24   0 -20.50  -45.50  0.68E-12
1970  11  24   0 -20.45  -45.50  0.10E-12
1970  11  24   0 -20.40  -45.50  0.21E-13
1970  11  24   0 -20.85  -45.45  0.10E-12
1970  11  24   0 -20.80  -45.45  0.29E-12
1970  11  24   0 -20.75  -45.45  0.43E-12
1970  11  24   0 -20.70  -45.45  0.13E-11
1970  11  24   0 -20.65  -45.45  0.20E-11
1970  11  24   0 -20.60  -45.45  0.27E-11
1970  11  24   0 -20.55  -45.45  0.16E-11
1970  11  24   0 -20.50  -45.45  0.64E-12
1970  11  24   0 -20.45  -45.45  0.33E-12
1970  11  24   0 -20.40  -45.45  0.21E-13
1970  11  24   0 -20.85  -45.40  0.41E-13
1970  11  24   0 -20.80  -45.40  0.29E-12
1970  11  24   0 -20.75  -45.40  0.60E-12
1970  11  24   0 -20.70  -45.40  0.11E-11
1970  11  24   0 -20.65  -45.40  0.25E-11
1970  11  24   0 -20.60  -45.40  0.23E-11
1970  11  24   0 -20.55  -45.40  0.15E-11
1970  11  24   0 -20.50  -45.40  0.44E-12
1970  11  24   0 -20.45  -45.40  0.21E-12
1970  11  24   0 -20.40  -45.40  0.62E-13
1970  11  24   0 -20.90  -45.35  0.21E-13
1970  11  24   0 -20.85  -45.35  0.83E-13
1970  11  24   0 -20.80  -45.35  0.23E-12
1970  11  24   0 -20.75  -45.35  0.48E-12
1970  11  24   0 -20.70  -45.35  0.12E-11
1970  11  24   0 -20.65  -45.35  0.19E-11
1970  11  24   0 -20.60  -45.35  0.26E-11
1970  11  24   0 -20.55  -45.35  0.15E-11
1970  11  24   0 -20.50  -45.35  0.70E-12
1970  11  24   0 -20.45  -45.35  0.31E-12
1970  11  24   0 -20.40  -45.35  0.12E-12
1970  11  24   0 -20.35  -45.35  0.41E-13
1970  11  24   0 -20.85  -45.30  0.12E-12
1970  11  24   0 -20.80  -45.30  0.29E-12
1970  11  24   0 -20.75  -45.30  0.54E-12
1970  11  24   0 -20.70  -45.30  0.11E-11
1970  11  24   0 -20.65  -45.30  0.17E-11
1970  11  24   0 -20.60  -45.30  0.25E-11
1970  11  24   0 -20.55  -45.30  0.20E-11
1970  11  24   0 -20.50  -45.30  0.78E-12
1970  11  24   0 -20.45  -45.30  0.19E-12
1970  11  24   0 -20.35  -45.30  0.62E-13
1970  11  24   0 -20.90  -45.25  0.21E-13
1970  11  24   0 -20.85  -45.25  0.41E-13
1970  11  24   0 -20.80  -45.25  0.16E-12
1970  11  24   0 -20.75  -45.25  0.52E-12
1970  11  24   0 -20.70  -45.25  0.12E-11
1970  11  24   0 -20.65  -45.25  0.16E-11
1970  11  24   0 -20.60  -45.25  0.21E-11
1970  11  24   0 -20.55  -45.25  0.16E-11
1970  11  24   0 -20.50  -45.25  0.82E-12
1970  11  24   0 -20.45  -45.25  0.33E-12
1970  11  24   0 -20.40  -45.25  0.10E-12
1970  11  24   0 -20.35  -45.25  0.61E-13
1970  11  24   0 -20.85  -45.20  0.21E-13
1970  11  24   0 -20.80  -45.20  0.37E-12
1970  11  24   0 -20.75  -45.20  0.45E-12
1970  11  24   0 -20.70  -45.20  0.13E-11
1970  11  24   0 -20.65  -45.20  0.19E-11
1970  11  24   0 -20.60  -45.20  0.18E-11
1970  11  24   0 -20.55  -45.20  0.16E-11
1970  11  24   0 -20.50  -45.20  0.80E-12
1970  11  24   0 -20.45  -45.20  0.33E-12
1970  11  24   0 -20.40  -45.20  0.29E-12
1970  11  24   0 -20.35  -45.20  0.61E-13
1970  11  24   0 -20.85  -45.15  0.12E-12
1970  11  24   0 -20.80  -45.15  0.33E-12
1970  11  24   0 -20.75  -45.15  0.47E-12
1970  11  24   0 -20.70  -45.15  0.95E-12
1970  11  24   0 -20.65  -45.15  0.21E-11
1970  11  24   0 -20.60  -45.15  0.20E-11
1970  11  24   0 -20.55  -45.15  0.15E-11
1970  11  24   0 -20.50  -45.15  0.60E-12
1970  11  24   0 -20.45  -45.15  0.33E-12
1970  11  24   0 -20.40  -45.15  0.12E-12
1970  11  24   0 -20.35  -45.15  0.20E-13
1970  11  24   0 -20.90  -45.10  0.20E-13
1970  11  24   0 -20.85  -45.10  0.10E-12
1970  11  24   0 -20.80  -45.10  0.18E-12
1970  11  24   0 -20.75  -45.10  0.21E-12
1970  11  24   0 -20.70  -45.10  0.91E-12
1970  11  24   0 -20.65  -45.10  0.17E-11
1970  11  24   0 -20.60  -45.10  0.22E-11
1970  11  24   0 -20.55  -45.10  0.16E-11
1970  11  24   0 -20.50  -45.10  0.10E-11
1970  11  24   0 -20.45  -45.10  0.45E-12
1970  11  24   0 -20.40  -45.10  0.20E-12
1970  11  24   0 -20.35  -45.10  0.12E-12
1970  11  24   0 -20.30  -45.10  0.20E-13
1970  11  24   0 -20.90  -45.05  0.41E-13
1970  11  24   0 -20.85  -45.05  0.12E-12
1970  11  24   0 -20.80  -45.05  0.16E-12
1970  11  24   0 -20.75  -45.05  0.39E-12
1970  11  24   0 -20.70  -45.05  0.88E-12
1970  11  24   0 -20.65  -45.05  0.18E-11
1970  11  24   0 -20.60  -45.05  0.19E-11
1970  11  24   0 -20.55  -45.05  0.13E-11
1970  11  24   0 -20.50  -45.05  0.10E-11
1970  11  24   0 -20.45  -45.05  0.61E-12
1970  11  24   0 -20.40  -45.05  0.24E-12
1970  11  24   0 -20.35  -45.05  0.41E-13
1970  11  24   0 -20.85  -45.00  0.18E-12
1970  11  24   0 -20.80  -45.00  0.23E-12
1970  11  24   0 -20.75  -45.00  0.25E-12
1970  11  24   0 -20.70  -45.00  0.11E-11
1970  11  24   0 -20.65  -45.00  0.15E-11
1970  11  24   0 -20.60  -45.00  0.17E-11
1970  11  24   0 -20.55  -45.00  0.13E-11
1970  11  24   0 -20.50  -45.00  0.11E-11
1970  11  24   0 -20.45  -45.00  0.71E-12
1970  11  24   0 -20.40  -45.00  0.28E-12
1970  11  24   0 -20.35  -45.00  0.14E-12
1970  11  24   0 -20.30  -45.00  0.61E-13
1970  11  24   0 -20.90  -44.95  0.41E-13
1970  11  24   0 -20.85  -44.95  0.14E-12
1970  11  24   0 -20.80  -44.95  0.41E-13
1970  11  24   0 -20.75  -44.95  0.21E-12
1970  11  24   0 -20.70  -44.95  0.11E-11
1970  11  24   0 -20.65  -44.95  0.14E-11
1970  11  24   0 -20.60  -44.95  0.17E-11
1970  11  24   0 -20.55  -44.95  0.14E-11
1970  11  24   0 -20.50  -44.95  0.10E-11
1970  11  24   0 -20.45  -44.95  0.67E-12
1970  11  24   0 -20.40  -44.95  0.26E-12
1970  11  24   0 -20.35  -44.95  0.18E-12
1970  11  24   0 -20.30  -44.95  0.18E-12
1970  11  24   0 -20.25  -44.95  0.20E-13
1970  11  24   0 -20.90  -44.90  0.20E-13
1970  11  24   0 -20.85  -44.90  0.14E-12
1970  11  24   0 -20.80  -44.90  0.16E-12
1970  11  24   0 -20.75  -44.90  0.16E-12
1970  11  24   0 -20.70  -44.90  0.88E-12
1970  11  24   0 -20.65  -44.90  0.11E-11
1970  11  24   0 -20.60  -44.90  0.14E-11
1970  11  24   0 -20.55  -44.90  0.16E-11
1970  11  24   0 -20.50  -44.90  0.11E-11
1970  11  24   0 -20.45  -44.90  0.79E-12
1970  11  24   0 -20.40  -44.90  0.35E-12
1970  11  24   0 -20.35  -44.90  0.11E-12
1970  11  24   0 -20.30  -44.90  0.49E-12
1970  11  24   0 -20.25  -44.90  0.20E-13
1970  11  24   0 -20.90  -44.85  0.21E-13
1970  11  24   0 -20.85  -44.85  0.14E-12
1970  11  24   0 -20.80  -44.85  0.16E-12
1970  11  24   0 -20.75  -44.85  0.12E-12
1970  11  24   0 -20.70  -44.85  0.59E-12
1970  11  24   0 -20.65  -44.85  0.12E-11
1970  11  24   0 -20.60  -44.85  0.15E-11
1970  11  24   0 -20.55  -44.85  0.20E-11
1970  11  24   0 -20.50  -44.85  0.15E-11
1970  11  24   0 -20.45  -44.85  0.75E-12
1970  11  24   0 -20.40  -44.85  0.51E-12
1970  11  24   0 -20.35  -44.85  0.35E-12
1970  11  24   0 -20.30  -44.85  0.81E-13
1970  11  24   0 -20.25  -44.85  0.61E-13
1970  11  24   0 -20.20  -44.85  0.40E-13
1970  11  24   0 -20.85  -44.80  0.61E-13
1970  11  24   0 -20.80  -44.80  0.14E-12
1970  11  24   0 -20.75  -44.80  0.20E-12
1970  11  24   0 -20.70  -44.80  0.63E-12
1970  11  24   0 -20.65  -44.80  0.12E-11
1970  11  24   0 -20.60  -44.80  0.12E-11
1970  11  24   0 -20.55  -44.80  0.16E-11
1970  11  24   0 -20.50  -44.80  0.15E-11
1970  11  24   0 -20.45  -44.80  0.71E-12
1970  11  24   0 -20.40  -44.80  0.83E-12
1970  11  24   0 -20.35  -44.80  0.28E-12
1970  11  24   0 -20.30  -44.80  0.12E-12
1970  11  24   0 -20.25  -44.80  0.81E-13
1970  11  24   0 -20.20  -44.80  0.60E-13
1970  11  24   0 -20.85  -44.75  0.20E-13
1970  11  24   0 -20.80  -44.75  0.22E-12
1970  11  24   0 -20.75  -44.75  0.20E-12
1970  11  24   0 -20.70  -44.75  0.49E-12
1970  11  24   0 -20.65  -44.75  0.98E-12
1970  11  24   0 -20.60  -44.75  0.11E-11
1970  11  24   0 -20.55  -44.75  0.17E-11
1970  11  24   0 -20.50  -44.75  0.16E-11
1970  11  24   0 -20.45  -44.75  0.61E-12
1970  11  24   0 -20.40  -44.75  0.95E-12
1970  11  24   0 -20.35  -44.75  0.44E-12
1970  11  24   0 -20.30  -44.75  0.61E-13
1970  11  24   0 -20.25  -44.75  0.14E-12
1970  11  24   0 -20.20  -44.75  0.14E-12
1970  11  24   0 -20.85  -44.70  0.81E-13
1970  11  24   0 -20.80  -44.70  0.14E-12
1970  11  24   0 -20.75  -44.70  0.20E-12
1970  11  24   0 -20.70  -44.70  0.59E-12
1970  11  24   0 -20.65  -44.70  0.53E-12
1970  11  24   0 -20.60  -44.70  0.12E-11
1970  11  24   0 -20.55  -44.70  0.16E-11
1970  11  24   0 -20.50  -44.70  0.16E-11
1970  11  24   0 -20.45  -44.70  0.13E-11
1970  11  24   0 -20.40  -44.70  0.69E-12
1970  11  24   0 -20.35  -44.70  0.53E-12
1970  11  24   0 -20.30  -44.70  0.20E-12
1970  11  24   0 -20.25  -44.70  0.40E-13
1970  11  24   0 -20.20  -44.70  0.81E-13
1970  11  24   0 -20.85  -44.65  0.61E-13
1970  11  24   0 -20.80  -44.65  0.81E-13
1970  11  24   0 -20.75  -44.65  0.22E-12
1970  11  24   0 -20.70  -44.65  0.33E-12
1970  11  24   0 -20.65  -44.65  0.71E-12
1970  11  24   0 -20.60  -44.65  0.11E-11
1970  11  24   0 -20.55  -44.65  0.19E-11
1970  11  24   0 -20.50  -44.65  0.14E-11
1970  11  24   0 -20.45  -44.65  0.12E-11
1970  11  24   0 -20.40  -44.65  0.77E-12
1970  11  24   0 -20.35  -44.65  0.66E-12
1970  11  24   0 -20.30  -44.65  0.18E-12
1970  11  24   0 -20.25  -44.65  0.16E-12
1970  11  24   0 -20.20  -44.65  0.60E-13
1970  11  24   0 -20.15  -44.65  0.60E-13
1970  11  24   0 -20.85  -44.60  0.81E-13
1970  11  24   0 -20.80  -44.60  0.41E-13
1970  11  24   0 -20.75  -44.60  0.81E-13
1970  11  24   0 -20.70  -44.60  0.22E-12
1970  11  24   0 -20.65  -44.60  0.71E-12
1970  11  24   0 -20.60  -44.60  0.81E-12
1970  11  24   0 -20.55  -44.60  0.18E-11
1970  11  24   0 -20.50  -44.60  0.16E-11
1970  11  24   0 -20.45  -44.60  0.19E-11
1970  11  24   0 -20.40  -44.60  0.83E-12
1970  11  24   0 -20.35  -44.60  0.77E-12
1970  11  24   0 -20.30  -44.60  0.38E-12
1970  11  24   0 -20.25  -44.60  0.36E-12
1970  11  24   0 -20.20  -44.60  0.24E-12
1970  11  24   0 -20.15  -44.60  0.60E-13
1970  11  24   0 -20.85  -44.55  0.41E-13
1970  11  24   0 -20.80  -44.55  0.81E-13
1970  11  24   0 -20.75  -44.55  0.18E-12
1970  11  24   0 -20.70  -44.55  0.20E-12
1970  11  24   0 -20.65  -44.55  0.49E-12
1970  11  24   0 -20.60  -44.55  0.53E-12
1970  11  24   0 -20.55  -44.55  0.18E-11
1970  11  24   0 -20.50  -44.55  0.17E-11
1970  11  24   0 -20.45  -44.55  0.19E-11
1970  11  24   0 -20.40  -44.55  0.11E-11
1970  11  24   0 -20.35  -44.55  0.76E-12
1970  11  24   0 -20.30  -44.55  0.56E-12
1970  11  24   0 -20.25  -44.55  0.28E-12
1970  11  24   0 -20.20  -44.55  0.38E-12
1970  11  24   0 -20.15  -44.55  0.12E-12
1970  11  24   0 -20.85  -44.50  0.41E-13
1970  11  24   0 -20.80  -44.50  0.61E-13
1970  11  24   0 -20.75  -44.50  0.24E-12
1970  11  24   0 -20.70  -44.50  0.18E-12
1970  11  24   0 -20.65  -44.50  0.49E-12
1970  11  24   0 -20.60  -44.50  0.79E-12
1970  11  24   0 -20.55  -44.50  0.16E-11
1970  11  24   0 -20.50  -44.50  0.14E-11
1970  11  24   0 -20.45  -44.50  0.15E-11
1970  11  24   0 -20.40  -44.50  0.14E-11
1970  11  24   0 -20.35  -44.50  0.88E-12
1970  11  24   0 -20.30  -44.50  0.66E-12
1970  11  24   0 -20.25  -44.50  0.34E-12
1970  11  24   0 -20.20  -44.50  0.32E-12
1970  11  24   0 -20.15  -44.50  0.18E-12
1970  11  24   0 -20.85  -44.45  0.20E-13
1970  11  24   0 -20.80  -44.45  0.20E-13
1970  11  24   0 -20.75  -44.45  0.22E-12
1970  11  24   0 -20.70  -44.45  0.14E-12
1970  11  24   0 -20.65  -44.45  0.28E-12
1970  11  24   0 -20.60  -44.45  0.88E-12
1970  11  24   0 -20.55  -44.45  0.99E-12
1970  11  24   0 -20.50  -44.45  0.12E-11
1970  11  24   0 -20.45  -44.45  0.13E-11
1970  11  24   0 -20.40  -44.45  0.12E-11
1970  11  24   0 -20.35  -44.45  0.68E-12
1970  11  24   0 -20.30  -44.45  0.72E-12
1970  11  24   0 -20.25  -44.45  0.44E-12
1970  11  24   0 -20.20  -44.45  0.30E-12
1970  11  24   0 -20.15  -44.45  0.18E-12
1970  11  24   0 -20.10  -44.45  0.40E-13
1970  11  24   0 -20.00  -44.45  0.43E-13
1970  11  24   0 -20.85  -44.40  0.20E-13
1970  11  24   0 -20.80  -44.40  0.40E-13
1970  11  24   0 -20.75  -44.40  0.10E-12
1970  11  24   0 -20.70  -44.40  0.22E-12
1970  11  24   0 -20.65  -44.40  0.22E-12
1970  11  24   0 -20.60  -44.40  0.54E-12
1970  11  24   0 -20.55  -44.40  0.77E-12
1970  11  24   0 -20.50  -44.40  0.13E-11
1970  11  24   0 -20.45  -44.40  0.12E-11
1970  11  24   0 -20.40  -44.40  0.13E-11
1970  11  24   0 -20.35  -44.40  0.11E-11
1970  11  24   0 -20.30  -44.40  0.92E-12
1970  11  24   0 -20.25  -44.40  0.89E-12
1970  11  24   0 -20.20  -44.40  0.28E-12
1970  11  24   0 -20.15  -44.40  0.27E-12
1970  11  24   0 -20.10  -44.40  0.22E-12
1970  11  24   0 -20.00  -44.40  0.57E-12
1970  11  24   0 -19.95  -44.40  0.19E-12
1970  11  24   0 -20.80  -44.35  0.81E-13
1970  11  24   0 -20.75  -44.35  0.20E-12
1970  11  24   0 -20.70  -44.35  0.22E-12
1970  11  24   0 -20.65  -44.35  0.40E-12
1970  11  24   0 -20.60  -44.35  0.73E-12
1970  11  24   0 -20.55  -44.35  0.91E-12
1970  11  24   0 -20.50  -44.35  0.13E-11
1970  11  24   0 -20.45  -44.35  0.14E-11
1970  11  24   0 -20.40  -44.35  0.17E-11
1970  11  24   0 -20.35  -44.35  0.18E-11
1970  11  24   0 -20.30  -44.35  0.13E-11
1970  11  24   0 -20.25  -44.35  0.14E-11
1970  11  24   0 -20.20  -44.35  0.48E-12
1970  11  24   0 -20.15  -44.35  0.40E-12
1970  11  24   0 -20.10  -44.35  0.38E-12
1970  11  24   0 -20.05  -44.35  0.60E-13
1970  11  24   0 -20.00  -44.35  0.46E-13
1970  11  24   0 -20.80  -44.30  0.20E-13
1970  11  24   0 -20.75  -44.30  0.20E-13
1970  11  24   0 -20.70  -44.30  0.61E-13
1970  11  24   0 -20.65  -44.30  0.58E-12
1970  11  24   0 -20.60  -44.30  0.65E-12
1970  11  24   0 -20.55  -44.30  0.63E-12
1970  11  24   0 -20.50  -44.30  0.12E-11
1970  11  24   0 -20.45  -44.30  0.14E-11
1970  11  24   0 -20.40  -44.30  0.95E-12
1970  11  24   0 -20.35  -44.30  0.10E-11
1970  11  24   0 -20.30  -44.30  0.12E-11
1970  11  24   0 -20.25  -44.30  0.77E-12
1970  11  24   0 -20.20  -44.30  0.13E-11
1970  11  24   0 -20.15  -44.30  0.91E-12
1970  11  24   0 -20.10  -44.30  0.25E-12
1970  11  24   0 -20.05  -44.30  0.40E-13
1970  11  24   0 -20.00  -44.30  0.20E-13
1970  11  24   0 -20.80  -44.25  0.20E-13
1970  11  24   0 -20.75  -44.25  0.10E-12
1970  11  24   0 -20.70  -44.25  0.60E-13
1970  11  24   0 -20.65  -44.25  0.42E-12
1970  11  24   0 -20.60  -44.25  0.46E-12
1970  11  24   0 -20.55  -44.25  0.87E-12
1970  11  24   0 -20.50  -44.25  0.83E-12
1970  11  24   0 -20.45  -44.25  0.13E-11
1970  11  24   0 -20.40  -44.25  0.98E-12
1970  11  24   0 -20.35  -44.25  0.21E-11
1970  11  24   0 -20.30  -44.25  0.11E-11
1970  11  24   0 -20.25  -44.25  0.43E-12
1970  11  24   0 -20.20  -44.25  0.65E-12
1970  11  24   0 -20.15  -44.25  0.12E-11
1970  11  24   0 -20.10  -44.25  0.35E-12
1970  11  24   0 -20.05  -44.25  0.43E-13
1970  11  24   0 -20.80  -44.20  0.40E-13
1970  11  24   0 -20.75  -44.20  0.11E-12
1970  11  24   0 -20.70  -44.20  0.26E-12
1970  11  24   0 -20.65  -44.20  0.28E-12
1970  11  24   0 -20.60  -44.20  0.12E-12
1970  11  24   0 -20.55  -44.20  0.44E-12
1970  11  24   0 -20.50  -44.20  0.83E-12
1970  11  24   0 -20.45  -44.20  0.13E-11
1970  11  24   0 -20.40  -44.20  0.13E-11
1970  11  24   0 -20.35  -44.20  0.13E-11
1970  11  24   0 -20.30  -44.20  0.19E-11
1970  11  24   0 -20.25  -44.20  0.14E-11
1970  11  24   0 -20.20  -44.20  0.88E-12
1970  11  24   0 -20.15  -44.20  0.74E-12
1970  11  24   0 -20.10  -44.20  0.74E-12
1970  11  24   0 -20.05  -44.20  0.28E-12
1970  11  24   0 -20.00  -44.20  0.16E-12
1970  11  24   0 -20.80  -44.15  0.40E-13
1970  11  24   0 -20.75  -44.15  0.27E-12
1970  11  24   0 -20.70  -44.15  0.12E-12
1970  11  24   0 -20.65  -44.15  0.16E-12
1970  11  24   0 -20.60  -44.15  0.34E-12
1970  11  24   0 -20.55  -44.15  0.45E-12
1970  11  24   0 -20.50  -44.15  0.59E-12
1970  11  24   0 -20.45  -44.15  0.12E-11
1970  11  24   0 -20.40  -44.15  0.12E-11
1970  11  24   0 -20.35  -44.15  0.13E-11
1970  11  24   0 -20.30  -44.15  0.16E-11
1970  11  24   0 -20.25  -44.15  0.12E-11
1970  11  24   0 -20.20  -44.15  0.56E-12
1970  11  24   0 -20.15  -44.15  0.83E-12
1970  11  24   0 -20.10  -44.15  0.36E-12
1970  11  24   0 -20.05  -44.15  0.62E-12
1970  11  24   0 -20.00  -44.15  0.47E-13
1970  11  24   0 -20.80  -44.10  0.40E-13
1970  11  24   0 -20.75  -44.10  0.25E-12
1970  11  24   0 -20.70  -44.10  0.26E-12
1970  11  24   0 -20.65  -44.10  0.30E-12
1970  11  24   0 -20.60  -44.10  0.20E-12
1970  11  24   0 -20.55  -44.10  0.29E-12
1970  11  24   0 -20.50  -44.10  0.82E-12
1970  11  24   0 -20.45  -44.10  0.12E-11
1970  11  24   0 -20.40  -44.10  0.10E-11
1970  11  24   0 -20.35  -44.10  0.12E-11
1970  11  24   0 -20.30  -44.10  0.24E-11
1970  11  24   0 -20.25  -44.10  0.19E-11
1970  11  24   0 -20.20  -44.10  0.78E-12
1970  11  24   0 -20.15  -44.10  0.11E-11
1970  11  24   0 -20.10  -44.10  0.72E-12
1970  11  24   0 -20.05  -44.10  0.46E-12
1970  11  24   0 -20.00  -44.10  0.30E-12
1970  11  24   0 -19.95  -44.10  0.14E-12
1970  11  24   0 -19.90  -44.10  0.15E-12
1970  11  24   0 -19.80  -44.10  0.70E-13
1970  11  24   0 -20.85  -44.05  0.20E-13
1970  11  24   0 -20.80  -44.05  0.60E-13
1970  11  24   0 -20.70  -44.05  0.80E-13
1970  11  24   0 -20.65  -44.05  0.10E-12
1970  11  24   0 -20.60  -44.05  0.42E-12
1970  11  24   0 -20.55  -44.05  0.33E-12
1970  11  24   0 -20.50  -44.05  0.72E-12
1970  11  24   0 -20.45  -44.05  0.11E-11
1970  11  24   0 -20.40  -44.05  0.12E-11
1970  11  24   0 -20.35  -44.05  0.12E-11
1970  11  24   0 -20.30  -44.05  0.12E-11
1970  11  24   0 -20.25  -44.05  0.63E-12
1970  11  24   0 -20.20  -44.05  0.67E-12
1970  11  24   0 -20.15  -44.05  0.10E-11
1970  11  24   0 -20.10  -44.05  0.11E-11
1970  11  24   0 -20.05  -44.05  0.46E-12
1970  11  24   0 -20.00  -44.05  0.74E-12
1970  11  24   0 -19.95  -44.05  0.48E-12
1970  11  24   0 -19.90  -44.05  0.70E-13
1970  11  24   0 -19.85  -44.05  0.18E-12
1970  11  24   0 -19.80  -44.05  0.69E-13
1970  11  24   0 -20.80  -44.00  0.20E-13
1970  11  24   0 -20.70  -44.00  0.20E-13
1970  11  24   0 -20.65  -44.00  0.17E-12
1970  11  24   0 -20.60  -44.00  0.18E-12
1970  11  24   0 -20.55  -44.00  0.68E-12
1970  11  24   0 -20.50  -44.00  0.38E-12
1970  11  24   0 -20.45  -44.00  0.56E-12
1970  11  24   0 -20.40  -44.00  0.14E-11
1970  11  24   0 -20.35  -44.00  0.13E-11
1970  11  24   0 -20.30  -44.00  0.12E-11
1970  11  24   0 -20.25  -44.00  0.11E-11
1970  11  24   0 -20.20  -44.00  0.11E-11
1970  11  24   0 -20.15  -44.00  0.84E-12
1970  11  24   0 -20.10  -44.00  0.92E-12
1970  11  24   0 -20.05  -44.00  0.79E-12
1970  11  24   0 -20.00  -44.00  0.46E-12
1970  11  24   0 -19.95  -44.00  0.10E-12
1970  11  24   0 -19.90  -44.00  0.24E-13
1970  11  24   0 -19.85  -44.00  0.19E-12
1970  11  24   0 -19.80  -44.00  0.12E-12
1970  11  24   0 -20.80  -43.95  0.60E-13
1970  11  24   0 -20.70  -43.95  0.20E-13
1970  11  24   0 -20.65  -43.95  0.79E-13
1970  11  24   0 -20.55  -43.95  0.79E-12
1970  11  24   0 -20.50  -43.95  0.36E-12
1970  11  24   0 -20.45  -43.95  0.67E-12
1970  11  24   0 -20.40  -43.95  0.97E-12
1970  11  24   0 -20.35  -43.95  0.18E-11
1970  11  24   0 -20.30  -43.95  0.16E-11
1970  11  24   0 -20.25  -43.95  0.11E-11
1970  11  24   0 -20.20  -43.95  0.81E-12
1970  11  24   0 -20.15  -43.95  0.12E-11
1970  11  24   0 -20.10  -43.95  0.74E-12
1970  11  24   0 -20.05  -43.95  0.86E-12
1970  11  24   0 -20.00  -43.95  0.69E-12
1970  11  24   0 -19.95  -43.95  0.29E-12
1970  11  24   0 -19.90  -43.95  0.20E-13
1970  11  24   0 -19.85  -43.95  0.19E-12
1970  11  24   0 -19.80  -43.95  0.16E-12
1970  11  24   0 -20.70  -43.90  0.11E-12
1970  11  24   0 -20.65  -43.90  0.16E-12
1970  11  24   0 -20.60  -43.90  0.17E-12
1970  11  24   0 -20.55  -43.90  0.15E-12
1970  11  24   0 -20.50  -43.90  0.70E-12
1970  11  24   0 -20.45  -43.90  0.46E-12
1970  11  24   0 -20.40  -43.90  0.11E-11
1970  11  24   0 -20.35  -43.90  0.84E-12
1970  11  24   0 -20.30  -43.90  0.16E-11
1970  11  24   0 -20.25  -43.90  0.13E-11
1970  11  24   0 -20.20  -43.90  0.14E-11
1970  11  24   0 -20.15  -43.90  0.18E-11
1970  11  24   0 -20.10  -43.90  0.80E-12
1970  11  24   0 -20.05  -43.90  0.73E-12
1970  11  24   0 -20.00  -43.90  0.12E-11
1970  11  24   0 -19.95  -43.90  0.86E-13
1970  11  24   0 -19.90  -43.90  0.21E-12
1970  11  24   0 -19.85  -43.90  0.12E-12
1970  11  24   0 -19.80  -43.90  0.46E-13
1970  11  24   0 -20.80  -43.85  0.40E-13
1970  11  24   0 -20.75  -43.85  0.60E-13
1970  11  24   0 -20.70  -43.85  0.67E-13
1970  11  24   0 -20.65  -43.85  0.15E-12
1970  11  24   0 -20.60  -43.85  0.23E-13
1970  11  24   0 -20.55  -43.85  0.39E-12
1970  11  24   0 -20.50  -43.85  0.32E-12
1970  11  24   0 -20.45  -43.85  0.37E-12
1970  11  24   0 -20.40  -43.85  0.91E-12
1970  11  24   0 -20.35  -43.85  0.12E-11
1970  11  24   0 -20.30  -43.85  0.11E-11
1970  11  24   0 -20.25  -43.85  0.68E-12
1970  11  24   0 -20.20  -43.85  0.11E-11
1970  11  24   0 -20.15  -43.85  0.51E-12
1970  11  24   0 -20.10  -43.85  0.11E-11
1970  11  24   0 -20.05  -43.85  0.76E-12
1970  11  24   0 -20.00  -43.85  0.48E-12
1970  11  24   0 -19.95  -43.85  0.29E-12
1970  11  24   0 -19.90  -43.85  0.53E-12
1970  11  24   0 -20.75  -43.80  0.31E-12
1970  11  24   0 -20.70  -43.80  0.12E-12
1970  11  24   0 -20.65  -43.80  0.12E-12
1970  11  24   0 -20.60  -43.80  0.23E-13
1970  11  24   0 -20.55  -43.80  0.47E-13
1970  11  24   0 -20.50  -43.80  0.30E-12
1970  11  24   0 -20.45  -43.80  0.59E-12
1970  11  24   0 -20.40  -43.80  0.47E-12
1970  11  24   0 -20.35  -43.80  0.10E-11
1970  11  24   0 -20.30  -43.80  0.11E-11
1970  11  24   0 -20.25  -43.80  0.14E-11
1970  11  24   0 -20.20  -43.80  0.96E-12
1970  11  24   0 -20.15  -43.80  0.11E-11
1970  11  24   0 -20.10  -43.80  0.10E-11
1970  11  24   0 -20.05  -43.80  0.10E-11
1970  11  24   0 -20.00  -43.80  0.12E-11
1970  11  24   0 -19.95  -43.80  0.33E-12
1970  11  24   0 -19.90  -43.80  0.34E-12
1970  11  24   0 -19.85  -43.80  0.23E-12
1970  11  24   0 -20.80  -43.75  0.47E-13
1970  11  24   0 -20.75  -43.75  0.12E-12
1970  11  24   0 -20.65  -43.75  0.40E-13
1970  11  24   0 -20.60  -43.75  0.23E-13
1970  11  24   0 -20.55  -43.75  0.22E-12
1970  11  24   0 -20.50  -43.75  0.81E-13
1970  11  24   0 -20.45  -43.75  0.36E-12
1970  11  24   0 -20.40  -43.75  0.19E-12
1970  11  24   0 -20.35  -43.75  0.13E-11
1970  11  24   0 -20.30  -43.75  0.13E-11
1970  11  24   0 -20.25  -43.75  0.69E-12
1970  11  24   0 -20.20  -43.75  0.75E-12
1970  11  24   0 -20.15  -43.75  0.79E-12
1970  11  24   0 -20.10  -43.75  0.45E-12
1970  11  24   0 -20.05  -43.75  0.59E-12
1970  11  24   0 -20.00  -43.75  0.92E-12
1970  11  24   0 -19.95  -43.75  0.69E-12
1970  11  24   0 -19.90  -43.75  0.27E-12
1970  11  24   0 -19.85  -43.75  0.28E-12
1970  11  24   0 -19.80  -43.75  0.23E-12
1970  11  24   0 -20.85  -43.70  0.23E-13
1970  11  24   0 -20.80  -43.70  0.12E-12
1970  11  24   0 -20.55  -43.70  0.13E-12
1970  11  24   0 -20.50  -43.70  0.23E-13
1970  11  24   0 -20.45  -43.70  0.63E-12
1970  11  24   0 -20.40  -43.70  0.74E-12
1970  11  24   0 -20.35  -43.70  0.48E-12
1970  11  24   0 -20.30  -43.70  0.13E-11
1970  11  24   0 -20.25  -43.70  0.16E-11
1970  11  24   0 -20.20  -43.70  0.77E-12
1970  11  24   0 -20.15  -43.70  0.92E-12
1970  11  24   0 -20.10  -43.70  0.78E-12
1970  11  24   0 -20.05  -43.70  0.92E-12
1970  11  24   0 -20.00  -43.70  0.10E-11
1970  11  24   0 -19.95  -43.70  0.69E-12
1970  11  24   0 -19.90  -43.70  0.24E-12
1970  11  24   0 -19.85  -43.70  0.12E-12
1970  11  24   0 -19.80  -43.70  0.40E-13
1970  11  24   0 -20.85  -43.65  0.20E-13
1970  11  24   0 -20.65  -43.65  0.16E-12
1970  11  24   0 -20.55  -43.65  0.20E-13
1970  11  24   0 -20.50  -43.65  0.60E-13
1970  11  24   0 -20.45  -43.65  0.13E-12
1970  11  24   0 -20.40  -43.65  0.51E-12
1970  11  24   0 -20.35  -43.65  0.86E-12
1970  11  24   0 -20.30  -43.65  0.74E-12
1970  11  24   0 -20.25  -43.65  0.17E-11
1970  11  24   0 -20.20  -43.65  0.17E-11
1970  11  24   0 -20.15  -43.65  0.14E-11
1970  11  24   0 -20.10  -43.65  0.15E-11
1970  11  24   0 -20.05  -43.65  0.74E-12
1970  11  24   0 -20.00  -43.65  0.98E-12
1970  11  24   0 -19.95  -43.65  0.65E-12
1970  11  24   0 -19.90  -43.65  0.28E-12
1970  11  24   0 -19.85  -43.65  0.13E-12
1970  11  24   0 -19.80  -43.65  0.99E-13
1970  11  24   0 -19.75  -43.65  0.12E-12
1970  11  24   0 -20.85  -43.60  0.60E-13
1970  11  24   0 -20.65  -43.60  0.66E-13
1970  11  24   0 -20.60  -43.60  0.24E-13
1970  11  24   0 -20.55  -43.60  0.47E-13
1970  11  24   0 -20.50  -43.60  0.87E-13
1970  11  24   0 -20.45  -43.60  0.27E-12
1970  11  24   0 -20.40  -43.60  0.27E-12
1970  11  24   0 -20.35  -43.60  0.21E-12
1970  11  24   0 -20.30  -43.60  0.14E-11
1970  11  24   0 -20.25  -43.60  0.71E-12
1970  11  24   0 -20.20  -43.60  0.88E-12
1970  11  24   0 -20.15  -43.60  0.11E-11
1970  11  24   0 -20.10  -43.60  0.14E-11
1970  11  24   0 -20.05  -43.60  0.10E-11
1970  11  24   0 -20.00  -43.60  0.66E-12
1970  11  24   0 -19.95  -43.60  0.60E-12
1970  11  24   0 -19.90  -43.60  0.70E-13
1970  11  24   0 -19.85  -43.60  0.14E-12
1970  11  24   0 -19.80  -43.60  0.21E-12
1970  11  24   0 -20.60  -43.55  0.71E-13
1970  11  24   0 -20.55  -43.55  0.12E-12
1970  11  24   0 -20.50  -43.55  0.20E-13
1970  11  24   0 -20.45  -43.55  0.12E-12
1970  11  24   0 -20.40  -43.55  0.49E-12
1970  11  24   0 -20.35  -43.55  0.94E-12
1970  11  24   0 -20.30  -43.55  0.10E-11
1970  11  24   0 -20.25  -43.55  0.85E-12
1970  11  24   0 -20.20  -43.55  0.53E-12
1970  11  24   0 -20.15  -43.55  0.73E-12
1970  11  24   0 -20.10  -43.55  0.60E-12
1970  11  24   0 -20.05  -43.55  0.11E-11
1970  11  24   0 -20.00  -43.55  0.80E-12
1970  11  24   0 -19.95  -43.55  0.85E-12
1970  11  24   0 -19.90  -43.55  0.53E-12
1970  11  24   0 -19.80  -43.55  0.21E-12
1970  11  24   0 -19.70  -43.55  0.70E-13
1970  11  24   0 -20.60  -43.50  0.35E-12
1970  11  24   0 -20.50  -43.50  0.70E-13
1970  11  24   0 -20.45  -43.50  0.26E-12
1970  11  24   0 -20.40  -43.50  0.30E-12
1970  11  24   0 -20.35  -43.50  0.93E-12
1970  11  24   0 -20.30  -43.50  0.11E-11
1970  11  24   0 -20.25  -43.50  0.11E-11
1970  11  24   0 -20.20  -43.50  0.84E-12
1970  11  24   0 -20.15  -43.50  0.48E-12
1970  11  24   0 -20.10  -43.50  0.83E-12
1970  11  24   0 -20.05  -43.50  0.13E-11
1970  11  24   0 -20.00  -43.50  0.87E-12
1970  11  24   0 -19.95  -43.50  0.92E-12
1970  11  24   0 -19.90  -43.50  0.28E-12
1970  11  24   0 -19.80  -43.50  0.46E-13
1970  11  24   0 -20.50  -43.45  0.21E-12
1970  11  24   0 -20.45  -43.45  0.14E-12
1970  11  24   0 -20.40  -43.45  0.13E-12
1970  11  24   0 -20.35  -43.45  0.22E-12
1970  11  24   0 -20.30  -43.45  0.12E-11
1970  11  24   0 -20.25  -43.45  0.12E-11
1970  11  24   0 -20.20  -43.45  0.91E-12
1970  11  24   0 -20.15  -43.45  0.17E-11
1970  11  24   0 -20.10  -43.45  0.11E-11
1970  11  24   0 -20.05  -43.45  0.50E-12
1970  11  24   0 -20.00  -43.45  0.32E-12
1970  11  24   0 -19.95  -43.45  0.28E-12
1970  11  24   0 -19.90  -43.45  0.16E-12
1970  11  24   0 -19.75  -43.45  0.23E-13
1970  11  24   0 -20.65  -43.40  0.46E-13
1970  11  24   0 -20.60  -43.40  0.47E-13
1970  11  24   0 -20.45  -43.40  0.70E-13
1970  11  24   0 -20.40  -43.40  0.20E-12
1970  11  24   0 -20.35  -43.40  0.49E-12
1970  11  24   0 -20.30  -43.40  0.41E-12
1970  11  24   0 -20.25  -43.40  0.38E-12
1970  11  24   0 -20.20  -43.40  0.32E-12
1970  11  24   0 -20.15  -43.40  0.17E-11
1970  11  24   0 -20.10  -43.40  0.84E-12
1970  11  24   0 -20.05  -43.40  0.30E-12
1970  11  24   0 -20.00  -43.40  0.47E-12
1970  11  24   0 -19.95  -43.40  0.46E-12
1970  11  24   0 -19.90  -43.40  0.41E-12
1970  11  24   0 -19.85  -43.40  0.24E-12
1970  11  24   0 -19.80  -43.40  0.25E-12
1970  11  24   0 -19.75  -43.40  0.70E-13
1970  11  24   0 -20.70  -43.35  0.23E-13
1970  11  24   0 -20.35  -43.35  0.13E-12
1970  11  24   0 -20.30  -43.35  0.29E-12
1970  11  24   0 -20.25  -43.35  0.27E-12
1970  11  24   0 -20.20  -43.35  0.44E-12
1970  11  24   0 -20.15  -43.35  0.90E-12
1970  11  24   0 -20.10  -43.35  0.87E-12
1970  11  24   0 -20.05  -43.35  0.43E-12
1970  11  24   0 -20.00  -43.35  0.41E-12
1970  11  24   0 -19.95  -43.35  0.37E-12
1970  11  24   0 -19.90  -43.35  0.37E-12
1970  11  24   0 -19.85  -43.35  0.35E-12
1970  11  24   0 -19.80  -43.35  0.21E-12
1970  11  24   0 -19.75  -43.35  0.21E-12
1970  11  24   0 -20.70  -43.30  0.16E-12
1970  11  24   0 -20.65  -43.30  0.93E-13
1970  11  24   0 -20.60  -43.30  0.23E-13
1970  11  24   0 -20.55  -43.30  0.23E-13
1970  11  24   0 -20.35  -43.30  0.23E-12
1970  11  24   0 -20.30  -43.30  0.22E-12
1970  11  24   0 -20.25  -43.30  0.21E-12
1970  11  24   0 -20.20  -43.30  0.66E-12
1970  11  24   0 -20.15  -43.30  0.93E-12
1970  11  24   0 -20.10  -43.30  0.53E-12
1970  11  24   0 -20.05  -43.30  0.10E-11
1970  11  24   0 -20.00  -43.30  0.57E-12
1970  11  24   0 -19.95  -43.30  0.30E-12
1970  11  24   0 -19.90  -43.30  0.70E-12
1970  11  24   0 -19.80  -43.30  0.14E-12
1970  11  24   0 -20.70  -43.25  0.70E-13
1970  11  24   0 -20.50  -43.25  0.70E-13
1970  11  24   0 -20.45  -43.25  0.93E-13
1970  11  24   0 -20.40  -43.25  0.46E-13
1970  11  24   0 -20.35  -43.25  0.46E-13
1970  11  24   0 -20.30  -43.25  0.13E-12
1970  11  24   0 -20.25  -43.25  0.47E-13
1970  11  24   0 -20.20  -43.25  0.18E-12
1970  11  24   0 -20.15  -43.25  0.79E-12
1970  11  24   0 -20.10  -43.25  0.11E-12
1970  11  24   0 -20.05  -43.25  0.14E-12
1970  11  24   0 -20.00  -43.25  0.12E-11
1970  11  24   0 -19.95  -43.25  0.73E-12
1970  11  24   0 -19.90  -43.25  0.49E-12
1970  11  24   0 -19.85  -43.25  0.21E-12
1970  11  24   0 -19.80  -43.25  0.23E-13
1970  11  24   0 -19.75  -43.25  0.12E-12
1970  11  24   0 -20.40  -43.20  0.70E-13
1970  11  24   0 -20.35  -43.20  0.23E-13
1970  11  24   0 -20.30  -43.20  0.56E-12
1970  11  24   0 -20.25  -43.20  0.50E-12
1970  11  24   0 -20.20  -43.20  0.32E-12
1970  11  24   0 -20.15  -43.20  0.56E-12
1970  11  24   0 -20.10  -43.20  0.23E-12
1970  11  24   0 -20.05  -43.20  0.23E-12
1970  11  24   0 -20.00  -43.20  0.92E-13
1970  11  24   0 -19.95  -43.20  0.19E-12
1970  11  24   0 -19.90  -43.20  0.35E-12
1970  11  24   0 -19.70  -43.20  0.69E-13
1970  11  24   0 -20.45  -43.15  0.46E-13
1970  11  24   0 -20.30  -43.15  0.94E-13
1970  11  24   0 -20.25  -43.15  0.23E-13
1970  11  24   0 -20.20  -43.15  0.19E-12
1970  11  24   0 -20.15  -43.15  0.23E-12
1970  11  24   0 -20.10  -43.15  0.12E-12
1970  11  24   0 -20.05  -43.15  0.43E-13
1970  11  24   0 -20.00  -43.15  0.65E-12
1970  11  24   0 -19.95  -43.15  0.39E-12
1970  11  24   0 -19.90  -43.15  0.61E-12
1970  11  24   0 -19.85  -43.15  0.33E-12
1970  11  24   0 -19.70  -43.15  0.21E-12
1970  11  24   0 -20.30  -43.10  0.18E-12
1970  11  24   0 -20.25  -43.10  0.61E-12
1970  11  24   0 -20.20  -43.10  0.14E-12
1970  11  24   0 -20.15  -43.10  0.26E-12
1970  11  24   0 -20.10  -43.10  0.40E-12
1970  11  24   0 -20.05  -43.10  0.12E-11
1970  11  24   0 -20.00  -43.10  0.49E-12
1970  11  24   0 -19.95  -43.10  0.67E-12
1970  11  24   0 -19.90  -43.10  0.14E-12
1970  11  24   0 -19.85  -43.10  0.25E-12
1970  11  24   0 -19.80  -43.10  0.99E-13
1970  11  24   0 -19.75  -43.10  0.12E-12
1970  11  24   0 -19.70  -43.10  0.16E-12
1970  11  24   0 -20.35  -43.05  0.12E-12
1970  11  24   0 -20.30  -43.05  0.28E-12
1970  11  24   0 -20.25  -43.05  0.41E-12
1970  11  24   0 -20.20  -43.05  0.23E-12
1970  11  24   0 -20.15  -43.05  0.14E-12
1970  11  24   0 -20.10  -43.05  0.35E-12
1970  11  24   0 -20.05  -43.05  0.10E-11
1970  11  24   0 -20.00  -43.05  0.58E-12
1970  11  24   0 -19.95  -43.05  0.92E-12
1970  11  24   0 -19.90  -43.05  0.57E-12
1970  11  24   0 -19.85  -43.05  0.19E-12
1970  11  24   0 -19.80  -43.05  0.18E-12
1970  11  24   0 -20.40  -43.00  0.23E-13
1970  11  24   0 -20.35  -43.00  0.23E-13
1970  11  24   0 -20.30  -43.00  0.46E-13
1970  11  24   0 -20.25  -43.00  0.28E-12
1970  11  24   0 -20.20  -43.00  0.93E-13
1970  11  24   0 -20.15  -43.00  0.50E-12
1970  11  24   0 -20.10  -43.00  0.69E-13
1970  11  24   0 -20.05  -43.00  0.12E-12
1970  11  24   0 -20.00  -43.00  0.67E-12
1970  11  24   0 -19.95  -43.00  0.70E-12
1970  11  24   0 -19.90  -43.00  0.16E-12
1970  11  24   0 -19.85  -43.00  0.19E-12
1970  11  24   0 -19.80  -43.00  0.16E-12
1970  11  24   0 -19.75  -43.00  0.16E-12
1970  11  24   0 -19.70  -43.00  0.93E-13
1970  11  24   0 -20.40  -42.95  0.70E-13
1970  11  24   0 -20.25  -42.95  0.40E-13
1970  11  24   0 -20.20  -42.95  0.32E-12
1970  11  24   0 -20.15  -42.95  0.29E-12
1970  11  24   0 -20.10  -42.95  0.15E-12
1970  11  24   0 -20.05  -42.95  0.66E-13
1970  11  24   0 -20.00  -42.95  0.10E-11
1970  11  24   0 -19.95  -42.95  0.23E-12
1970  11  24   0 -19.90  -42.95  0.61E-12
1970  11  24   0 -19.85  -42.95  0.30E-12
1970  11  24   0 -19.80  -42.95  0.25E-12
1970  11  24   0 -20.25  -42.90  0.46E-13
1970  11  24   0 -20.20  -42.90  0.50E-12
1970  11  24   0 -20.15  -42.90  0.27E-12
1970  11  24   0 -20.10  -42.90  0.38E-12
1970  11  24   0 -20.05  -42.90  0.36E-12
1970  11  24   0 -20.00  -42.90  0.31E-12
1970  11  24   0 -19.95  -42.90  0.47E-12
1970  11  24   0 -19.90  -42.90  0.12E-12
1970  11  24   0 -19.85  -42.90  0.14E-12
1970  11  24   0 -19.80  -42.90  0.12E-12
1970  11  24   0 -19.75  -42.90  0.94E-13
1970  11  24   0 -20.25  -42.85  0.30E-12
1970  11  24   0 -20.20  -42.85  0.14E-12
1970  11  24   0 -20.15  -42.85  0.12E-12
1970  11  24   0 -20.10  -42.85  0.30E-12
1970  11  24   0 -20.05  -42.85  0.16E-12
1970  11  24   0 -20.00  -42.85  0.26E-12
1970  11  24   0 -19.95  -42.85  0.11E-12
1970  11  24   0 -19.90  -42.85  0.28E-12
1970  11  24   0 -19.85  -42.85  0.62E-12
1970  11  24   0 -19.80  -42.85  0.46E-13
1970  11  24   0 -19.75  -42.85  0.14E-12
1970  11  24   0 -19.70  -42.85  0.93E-13
1970  11  24   0 -20.25  -42.80  0.46E-13
1970  11  24   0 -20.20  -42.80  0.40E-13
1970  11  24   0 -20.15  -42.80  0.13E-12
1970  11  24   0 -20.10  -42.80  0.44E-12
1970  11  24   0 -20.05  -42.80  0.17E-12
1970  11  24   0 -20.00  -42.80  0.92E-13
1970  11  24   0 -19.95  -42.80  0.92E-13
1970  11  24   0 -19.90  -42.80  0.24E-12
1970  11  24   0 -19.85  -42.80  0.28E-12
1970  11  24   0 -19.80  -42.80  0.21E-12
1970  11  24   0 -19.75  -42.80  0.86E-13
1970  11  24   0 -19.70  -42.80  0.69E-13
1970  11  24   0 -20.20  -42.75  0.46E-13
1970  11  24   0 -20.15  -42.75  0.41E-12
1970  11  24   0 -20.10  -42.75  0.53E-12
1970  11  24   0 -20.05  -42.75  0.68E-12
1970  11  24   0 -20.00  -42.75  0.38E-12
1970  11  24   0 -19.95  -42.75  0.65E-12
1970  11  24   0 -19.90  -42.75  0.12E-12
1970  11  24   0 -19.85  -42.75  0.28E-12
1970  11  24   0 -19.80  -42.75  0.16E-12
1970  11  24   0 -19.75  -42.75  0.37E-12
1970  11  24   0 -19.70  -42.75  0.46E-13
1970  11  24   0 -20.15  -42.70  0.12E-12
1970  11  24   0 -20.10  -42.70  0.67E-13
1970  11  24   0 -20.05  -42.70  0.32E-12
1970  11  24   0 -20.00  -42.70  0.72E-12
1970  11  24   0 -19.95  -42.70  0.16E-12
1970  11  24   0 -19.90  -42.70  0.93E-13
1970  11  24   0 -19.80  -42.70  0.23E-13
1970  11  24   0 -19.70  -42.70  0.69E-13
1970  11  24   0 -20.05  -42.65  0.53E-12
1970  11  24   0 -20.00  -42.65  0.51E-12
1970  11  24   0 -19.95  -42.65  0.14E-12
1970  11  24   0 -19.90  -42.65  0.25E-12
1970  11  24   0 -19.85  -42.65  0.92E-13
1970  11  24   0 -19.80  -42.65  0.23E-13
1970  11  24   0 -19.75  -42.65  0.23E-13
1970  11  24   0 -20.15  -42.60  0.92E-13
1970  11  24   0 -20.10  -42.60  0.69E-13
1970  11  24   0 -20.05  -42.60  0.23E-12
1970  11  24   0 -20.00  -42.60  0.44E-12
1970  11  24   0 -19.95  -42.60  0.39E-12
1970  11  24   0 -19.90  -42.60  0.46E-12
1970  11  24   0 -19.85  -42.60  0.18E-12
1970  11  24   0 -19.80  -42.60  0.16E-12
1970  11  24   0 -19.75  -42.60  0.93E-13
1970  11  24   0 -20.10  -42.55  0.89E-13
1970  11  24   0 -20.05  -42.55  0.29E-12
1970  11  24   0 -20.00  -42.55  0.21E-12
1970  11  24   0 -19.95  -42.55  0.26E-12
1970  11  24   0 -19.90  -42.55  0.16E-12
1970  11  24   0 -19.85  -42.55  0.19E-12
1970  11  24   0 -19.80  -42.55  0.26E-12
1970  11  24   0 -19.75  -42.55  0.69E-13
1970  11  24   0 -20.05  -42.50  0.71E-12
1970  11  24   0 -20.00  -42.50  0.41E-12
1970  11  24   0 -19.95  -42.50  0.25E-12
1970  11  24   0 -19.90  -42.50  0.70E-13
1970  11  24   0 -19.85  -42.50  0.93E-13
1970  11  24   0 -19.80  -42.50  0.23E-13
1970  11  24   0 -19.75  -42.50  0.46E-13
1970  11  24   0 -20.20  -42.45  0.70E-13
1970  11  24   0 -20.05  -42.45  0.30E-12
1970  11  24   0 -20.00  -42.45  0.33E-12
1970  11  24   0 -19.95  -42.45  0.33E-12
1970  11  24   0 -19.90  -42.45  0.13E-12
1970  11  24   0 -19.85  -42.45  0.12E-12
1970  11  24   0 -20.20  -42.40  0.23E-13
1970  11  24   0 -20.15  -42.40  0.20E-13
1970  11  24   0 -20.10  -42.40  0.46E-13
1970  11  24   0 -20.05  -42.40  0.21E-12
1970  11  24   0 -20.00  -42.40  0.69E-13
1970  11  24   0 -19.95  -42.40  0.16E-12
1970  11  24   0 -19.90  -42.40  0.35E-12
1970  11  24   0 -19.85  -42.40  0.44E-12
1970  11  24   0 -19.80  -42.40  0.47E-13
1970  11  24   0 -19.75  -42.40  0.12E-12
1970  11  24   0 -20.15  -42.35  0.16E-12
1970  11  24   0 -20.10  -42.35  0.47E-13
1970  11  24   0 -20.05  -42.35  0.25E-12
1970  11  24   0 -20.00  -42.35  0.18E-12
1970  11  24   0 -19.95  -42.35  0.21E-12
1970  11  24   0 -19.90  -42.35  0.21E-12
1970  11  24   0 -19.85  -42.35  0.41E-12
1970  11  24   0 -19.80  -42.35  0.46E-13
1970  11  24   0 -19.75  -42.35  0.46E-13
1970  11  24   0 -20.10  -42.30  0.23E-13
1970  11  24   0 -20.05  -42.30  0.16E-12
1970  11  24   0 -20.00  -42.30  0.90E-13
1970  11  24   0 -19.95  -42.30  0.39E-12
1970  11  24   0 -19.90  -42.30  0.93E-13
1970  11  24   0 -19.85  -42.30  0.28E-12
1970  11  24   0 -19.80  -42.30  0.23E-13
1970  11  24   0 -20.10  -42.25  0.23E-13
1970  11  24   0 -20.05  -42.25  0.46E-13
1970  11  24   0 -20.00  -42.25  0.99E-13
1970  11  24   0 -19.95  -42.25  0.28E-12
1970  11  24   0 -19.90  -42.25  0.18E-12
1970  11  24   0 -19.85  -42.25  0.12E-12
1970  11  24   0 -19.80  -42.25  0.14E-12
1970  11  24   0 -19.75  -42.25  0.69E-13
1970  11  24   0 -20.05  -42.20  0.12E-12
1970  11  24   0 -20.00  -42.20  0.19E-12
1970  11  24   0 -19.95  -42.20  0.16E-12
1970  11  24   0 -19.90  -42.20  0.14E-12
1970  11  24   0 -19.80  -42.20  0.12E-12
1970  11  24   0 -19.75  -42.20  0.23E-13
1970  11  24   0 -20.10  -42.15  0.46E-13
1970  11  24   0 -20.05  -42.15  0.12E-12
1970  11  24   0 -19.90  -42.15  0.46E-13
1970  11  24   0 -19.80  -42.15  0.69E-13
1970  11  24   0 -20.05  -42.10  0.47E-13
1970  11  24   0 -19.95  -42.10  0.67E-13
1970  11  24   0 -19.90  -42.10  0.47E-13
1970  11  24   0 -19.85  -42.10  0.23E-13
1970  11  24   0 -19.80  -42.10  0.16E-12
1970  11  24   0 -20.00  -42.05  0.12E-12
1970  11  24   0 -19.95  -42.05  0.13E-12
1970  11  24   0 -19.90  -42.05  0.21E-12
1970  11  24   0 -19.85  -42.05  0.16E-12
1970  11  24   0 -19.80  -42.05  0.23E-13
1970  11  24   0 -20.00  -42.00  0.46E-13
1970  11  24   0 -20.00  -41.95  0.23E-13
1970  11  24   0 -19.95  -41.95  0.12E-12
1970  11  24   0 -19.90  -41.95  0.92E-13
1970  11  24   0 -19.85  -41.95  0.46E-13
1970  11  24   0 -20.00  -41.90  0.93E-13
1970  11  24   0 -19.90  -41.90  0.46E-13
1970  11  24   0 -19.80  -41.90  0.46E-13
1970  11  24   0 -19.90  -41.85  0.92E-13
1970  11  24   0 -19.85  -41.85  0.23E-13
1970  11  24   0 -19.80  -41.85  0.46E-13
1970  11  24   0 -20.00  -41.80  0.23E-13
1970  11  24   0 -19.95  -41.80  0.69E-13
1970  11  24   0 -19.90  -41.80  0.12E-12
1970  11  24   0 -19.85  -41.80  0.21E-12
1970  11  24   0 -19.95  -41.75  0.19E-12
1970  11  24   0 -19.90  -41.75  0.12E-12
1970  11  24   0 -19.85  -41.75  0.46E-13
1970  11  24   0 -20.05  -41.70  0.23E-13
1970  11  24   0 -20.00  -41.70  0.92E-13
1970  11  24   0 -19.95  -41.70  0.23E-13
1970  11  24   0 -20.05  -41.65  0.69E-13
1970  11  24   0 -20.00  -41.65  0.46E-13
1970  11  24   0 -20.05  -41.60  0.92E-13
1970  11  24   0 -20.05  -41.55  0.93E-13
