YEAR  MO  DA  HR    LAT     LON Rn2200100
1970   8  29  12 -19.20  -48.55  0.84E-13
1970   8  29  12 -19.15  -48.55  0.59E-12
1970   8  29  12 -19.20  -48.50  0.12E-11
1970   8  29  12 -19.15  -48.50  0.14E-09
1970   8  29  12 -19.10  -48.50  0.40E-10
1970   8  29  12 -19.20  -48.45  0.38E-10
1970   8  29  12 -19.15  -48.45  0.24E-09
1970   8  29  12 -19.10  -48.45  0.18E-09
1970   8  29  12 -19.05  -48.45  0.83E-13
1970   8  29  12 -19.25  -48.40  0.60E-12
1970   8  29  12 -19.20  -48.40  0.15E-09
1970   8  29  12 -19.15  -48.40  0.21E-09
1970   8  29  12 -19.10  -48.40  0.89E-10
1970   8  29  12 -19.25  -48.35  0.56E-10
1970   8  29  12 -19.20  -48.35  0.18E-09
1970   8  29  12 -19.15  -48.35  0.17E-09
1970   8  29  12 -19.10  -48.35  0.23E-11
1970   8  29  12 -19.30  -48.30  0.70E-11
1970   8  29  12 -19.25  -48.30  0.12E-09
1970   8  29  12 -19.20  -48.30  0.17E-09
1970   8  29  12 -19.15  -48.30  0.69E-10
1970   8  29  12 -19.30  -48.25  0.58E-10
1970   8  29  12 -19.25  -48.25  0.16E-09
1970   8  29  12 -19.20  -48.25  0.13E-09
1970   8  29  12 -19.15  -48.25  0.85E-12
1970   8  29  12 -19.35  -48.20  0.26E-10
1970   8  29  12 -19.30  -48.20  0.13E-09
1970   8  29  12 -19.25  -48.20  0.14E-09
1970   8  29  12 -19.20  -48.20  0.31E-10
1970   8  29  12 -19.35  -48.15  0.10E-09
1970   8  29  12 -19.30  -48.15  0.14E-09
1970   8  29  12 -19.25  -48.15  0.80E-10
1970   8  29  12 -19.40  -48.10  0.83E-10
1970   8  29  12 -19.35  -48.10  0.13E-09
1970   8  29  12 -19.30  -48.10  0.12E-09
1970   8  29  12 -19.25  -48.10  0.28E-11
1970   8  29  12 -19.45  -48.05  0.28E-10
1970   8  29  12 -19.40  -48.05  0.12E-09
1970   8  29  12 -19.35  -48.05  0.15E-09
1970   8  29  12 -19.30  -48.05  0.34E-10
1970   8  29  12 -19.50  -48.00  0.33E-10
1970   8  29  12 -19.45  -48.00  0.10E-09
1970   8  29  12 -19.40  -48.00  0.11E-09
1970   8  29  12 -19.35  -48.00  0.61E-10
1970   8  29  12 -19.55  -47.95  0.18E-12
1970   8  29  12 -19.50  -47.95  0.11E-09
1970   8  29  12 -19.45  -47.95  0.13E-09
1970   8  29  12 -19.40  -47.95  0.81E-10
1970   8  29  12 -19.60  -47.90  0.30E-10
1970   8  29  12 -19.55  -47.90  0.12E-09
1970   8  29  12 -19.50  -47.90  0.11E-09
1970   8  29  12 -19.45  -47.90  0.94E-10
1970   8  29  12 -19.40  -47.90  0.20E-10
1970   8  29  12 -20.00  -47.85  0.34E-10
1970   8  29  12 -19.95  -47.85  0.28E-09
1970   8  29  12 -19.90  -47.85  0.16E-09
1970   8  29  12 -19.85  -47.85  0.11E-10
1970   8  29  12 -19.70  -47.85  0.22E-10
1970   8  29  12 -19.65  -47.85  0.92E-10
1970   8  29  12 -19.60  -47.85  0.15E-09
1970   8  29  12 -19.55  -47.85  0.13E-09
1970   8  29  12 -19.50  -47.85  0.12E-09
1970   8  29  12 -19.45  -47.85  0.13E-10
1970   8  29  12 -19.90  -47.80  0.13E-09
1970   8  29  12 -19.85  -47.80  0.34E-09
1970   8  29  12 -19.80  -47.80  0.25E-09
1970   8  29  12 -19.75  -47.80  0.21E-09
1970   8  29  12 -19.70  -47.80  0.19E-09
1970   8  29  12 -19.65  -47.80  0.17E-09
1970   8  29  12 -19.60  -47.80  0.15E-09
1970   8  29  12 -19.55  -47.80  0.97E-10
1970   8  29  12 -19.50  -47.80  0.44E-12
1970   8  29  12 -19.80  -47.75  0.92E-10
1970   8  29  12 -19.75  -47.75  0.14E-09
1970   8  29  12 -19.70  -47.75  0.14E-09
1970   8  29  12 -19.65  -47.75  0.11E-09
1970   8  29  12 -19.60  -47.75  0.22E-10
1970   8  30   0 -18.90  -48.90  0.76E-13
1970   8  30   0 -18.95  -48.85  0.77E-13
1970   8  30   0 -19.15  -48.80  0.15E-12
1970   8  30   0 -19.10  -48.80  0.15E-12
1970   8  30   0 -19.00  -48.80  0.76E-13
1970   8  30   0 -18.95  -48.80  0.15E-12
1970   8  30   0 -18.80  -48.80  0.76E-13
1970   8  30   0 -19.25  -48.75  0.32E-12
1970   8  30   0 -19.15  -48.75  0.23E-12
1970   8  30   0 -19.10  -48.75  0.76E-13
1970   8  30   0 -19.05  -48.75  0.15E-12
1970   8  30   0 -19.00  -48.75  0.31E-12
1970   8  30   0 -18.95  -48.75  0.23E-12
1970   8  30   0 -18.90  -48.75  0.76E-13
1970   8  30   0 -18.85  -48.75  0.15E-12
1970   8  30   0 -19.25  -48.70  0.32E-12
1970   8  30   0 -19.20  -48.70  0.60E-12
1970   8  30   0 -19.15  -48.70  0.15E-12
1970   8  30   0 -19.10  -48.70  0.23E-12
1970   8  30   0 -19.05  -48.70  0.62E-12
1970   8  30   0 -19.00  -48.70  0.69E-12
1970   8  30   0 -18.95  -48.70  0.69E-12
1970   8  30   0 -18.90  -48.70  0.31E-12
1970   8  30   0 -18.85  -48.70  0.23E-12
1970   8  30   0 -19.25  -48.65  0.37E-12
1970   8  30   0 -19.20  -48.65  0.15E-11
1970   8  30   0 -19.15  -48.65  0.30E-11
1970   8  30   0 -19.10  -48.65  0.10E-10
1970   8  30   0 -19.05  -48.65  0.38E-11
1970   8  30   0 -19.00  -48.65  0.20E-11
1970   8  30   0 -18.95  -48.65  0.98E-12
1970   8  30   0 -18.90  -48.65  0.38E-12
1970   8  30   0 -18.85  -48.65  0.31E-12
1970   8  30   0 -18.80  -48.65  0.46E-12
1970   8  30   0 -19.35  -48.60  0.14E-12
1970   8  30   0 -19.30  -48.60  0.24E-12
1970   8  30   0 -19.25  -48.60  0.47E-12
1970   8  30   0 -19.20  -48.60  0.11E-11
1970   8  30   0 -19.15  -48.60  0.80E-11
1970   8  30   0 -19.10  -48.60  0.17E-09
1970   8  30   0 -19.05  -48.60  0.16E-09
1970   8  30   0 -19.00  -48.60  0.17E-10
1970   8  30   0 -18.95  -48.60  0.13E-11
1970   8  30   0 -18.90  -48.60  0.92E-12
1970   8  30   0 -18.85  -48.60  0.31E-12
1970   8  30   0 -18.80  -48.60  0.15E-12
1970   8  30   0 -18.75  -48.60  0.23E-12
1970   8  30   0 -19.40  -48.55  0.81E-13
1970   8  30   0 -19.35  -48.55  0.59E-13
1970   8  30   0 -19.30  -48.55  0.59E-13
1970   8  30   0 -19.25  -48.55  0.75E-12
1970   8  30   0 -19.20  -48.55  0.28E-11
1970   8  30   0 -19.15  -48.55  0.59E-10
1970   8  30   0 -19.10  -48.55  0.42E-09
1970   8  30   0 -19.05  -48.55  0.52E-09
1970   8  30   0 -19.00  -48.55  0.11E-09
1970   8  30   0 -18.95  -48.55  0.72E-11
1970   8  30   0 -18.90  -48.55  0.11E-11
1970   8  30   0 -18.85  -48.55  0.31E-12
1970   8  30   0 -18.80  -48.55  0.46E-12
1970   8  30   0 -19.35  -48.50  0.14E-12
1970   8  30   0 -19.30  -48.50  0.39E-12
1970   8  30   0 -19.25  -48.50  0.17E-11
1970   8  30   0 -19.20  -48.50  0.29E-11
1970   8  30   0 -19.15  -48.50  0.50E-10
1970   8  30   0 -19.10  -48.50  0.30E-09
1970   8  30   0 -19.05  -48.50  0.25E-09
1970   8  30   0 -19.00  -48.50  0.76E-10
1970   8  30   0 -18.95  -48.50  0.11E-10
1970   8  30   0 -18.90  -48.50  0.20E-11
1970   8  30   0 -18.85  -48.50  0.77E-12
1970   8  30   0 -18.80  -48.50  0.23E-12
1970   8  30   0 -18.75  -48.50  0.15E-12
1970   8  30   0 -19.35  -48.45  0.15E-12
1970   8  30   0 -19.30  -48.45  0.35E-12
1970   8  30   0 -19.25  -48.45  0.15E-11
1970   8  30   0 -19.20  -48.45  0.36E-11
1970   8  30   0 -19.15  -48.45  0.70E-11
1970   8  30   0 -19.10  -48.45  0.47E-10
1970   8  30   0 -19.05  -48.45  0.36E-10
1970   8  30   0 -19.00  -48.45  0.24E-10
1970   8  30   0 -18.95  -48.45  0.92E-11
1970   8  30   0 -18.90  -48.45  0.20E-11
1970   8  30   0 -18.85  -48.45  0.69E-12
1970   8  30   0 -19.45  -48.40  0.78E-13
1970   8  30   0 -19.35  -48.40  0.35E-12
1970   8  30   0 -19.30  -48.40  0.39E-12
1970   8  30   0 -19.25  -48.40  0.12E-11
1970   8  30   0 -19.20  -48.40  0.29E-11
1970   8  30   0 -19.15  -48.40  0.47E-11
1970   8  30   0 -19.10  -48.40  0.10E-10
1970   8  30   0 -19.05  -48.40  0.16E-10
1970   8  30   0 -19.00  -48.40  0.11E-10
1970   8  30   0 -18.95  -48.40  0.58E-11
1970   8  30   0 -18.90  -48.40  0.21E-11
1970   8  30   0 -18.85  -48.40  0.62E-12
1970   8  30   0 -18.80  -48.40  0.77E-13
1970   8  30   0 -19.40  -48.35  0.59E-13
1970   8  30   0 -19.35  -48.35  0.14E-12
1970   8  30   0 -19.30  -48.35  0.16E-12
1970   8  30   0 -19.25  -48.35  0.76E-12
1970   8  30   0 -19.20  -48.35  0.15E-11
1970   8  30   0 -19.15  -48.35  0.27E-11
1970   8  30   0 -19.10  -48.35  0.53E-11
1970   8  30   0 -19.05  -48.35  0.56E-11
1970   8  30   0 -19.00  -48.35  0.46E-11
1970   8  30   0 -18.95  -48.35  0.31E-11
1970   8  30   0 -18.90  -48.35  0.13E-11
1970   8  30   0 -18.85  -48.35  0.77E-13
1970   8  30   0 -18.80  -48.35  0.77E-13
1970   8  30   0 -19.40  -48.30  0.79E-13
1970   8  30   0 -19.35  -48.30  0.23E-12
1970   8  30   0 -19.30  -48.30  0.31E-12
1970   8  30   0 -19.25  -48.30  0.53E-12
1970   8  30   0 -19.20  -48.30  0.62E-12
1970   8  30   0 -19.15  -48.30  0.15E-11
1970   8  30   0 -19.10  -48.30  0.21E-11
1970   8  30   0 -19.05  -48.30  0.36E-11
1970   8  30   0 -19.00  -48.30  0.25E-11
1970   8  30   0 -18.95  -48.30  0.11E-11
1970   8  30   0 -18.90  -48.30  0.21E-12
1970   8  30   0 -18.85  -48.30  0.78E-13
1970   8  30   0 -18.80  -48.30  0.77E-13
1970   8  30   0 -19.40  -48.25  0.77E-13
1970   8  30   0 -19.30  -48.25  0.23E-12
1970   8  30   0 -19.25  -48.25  0.38E-12
1970   8  30   0 -19.20  -48.25  0.21E-12
1970   8  30   0 -19.15  -48.25  0.62E-12
1970   8  30   0 -19.10  -48.25  0.12E-11
1970   8  30   0 -19.05  -48.25  0.14E-11
1970   8  30   0 -19.00  -48.25  0.62E-12
1970   8  30   0 -18.95  -48.25  0.23E-12
1970   8  30   0 -18.90  -48.25  0.14E-12
1970   8  30   0 -18.85  -48.25  0.78E-13
1970   8  30   0 -19.35  -48.20  0.15E-12
1970   8  30   0 -19.30  -48.20  0.77E-13
1970   8  30   0 -19.20  -48.20  0.16E-12
1970   8  30   0 -19.05  -48.20  0.31E-12
1970   8  30   0 -19.00  -48.20  0.31E-12
1970   8  30   0 -18.95  -48.20  0.23E-12
1970   8  30   0 -19.20  -48.15  0.31E-12
1970   8  30   0 -19.15  -48.15  0.23E-12
1970   8  30   0 -19.10  -48.15  0.76E-13
1970   8  30   0 -19.30  -48.10  0.78E-13
1970   8  30   0 -19.20  -48.10  0.77E-13
1970   8  30   0 -19.15  -48.10  0.77E-13
1970   8  30   0 -19.10  -48.10  0.76E-13
1970   8  30   0 -19.10  -48.05  0.77E-13
1970   8  30   0 -19.10  -48.00  0.77E-13
1970   8  30   0 -19.05  -48.00  0.77E-13
