YEAR  MO  DA  HR    LAT     LON Rn2200100
1972   5  12  12 -19.70  -50.85  0.13E-12
1972   5  12  12 -19.65  -50.85  0.50E-13
1972   5  12  12 -19.60  -50.85  0.10E-12
1972   5  12  12 -19.70  -50.80  0.10E-12
1972   5  12  12 -19.65  -50.80  0.75E-13
1972   5  12  12 -19.70  -50.75  0.13E-12
1972   5  12  12 -19.65  -50.75  0.10E-12
1972   5  12  12 -19.65  -50.70  0.18E-12
1972   5  12  12 -19.70  -50.65  0.13E-12
1972   5  12  12 -19.65  -50.65  0.18E-12
1972   5  12  12 -19.75  -50.60  0.10E-12
1972   5  12  12 -19.70  -50.60  0.48E-12
1972   5  12  12 -19.65  -50.60  0.93E-12
1972   5  12  12 -19.60  -50.60  0.51E-13
1972   5  12  12 -19.75  -50.55  0.20E-12
1972   5  12  12 -19.70  -50.55  0.45E-12
1972   5  12  12 -19.65  -50.55  0.91E-12
1972   5  12  12 -19.60  -50.55  0.76E-13
1972   5  12  12 -19.75  -50.50  0.10E-12
1972   5  12  12 -19.70  -50.50  0.66E-12
1972   5  12  12 -19.65  -50.50  0.81E-12
1972   5  12  12 -19.60  -50.50  0.43E-12
1972   5  12  12 -19.80  -50.45  0.76E-13
1972   5  12  12 -19.70  -50.45  0.58E-12
1972   5  12  12 -19.65  -50.45  0.86E-12
1972   5  12  12 -19.60  -50.45  0.58E-12
1972   5  12  12 -19.80  -50.40  0.25E-13
1972   5  12  12 -19.75  -50.40  0.25E-13
1972   5  12  12 -19.70  -50.40  0.40E-12
1972   5  12  12 -19.65  -50.40  0.86E-12
1972   5  12  12 -19.60  -50.40  0.36E-12
1972   5  12  12 -19.75  -50.35  0.20E-12
1972   5  12  12 -19.70  -50.35  0.12E-11
1972   5  12  12 -19.65  -50.35  0.21E-11
1972   5  12  12 -19.60  -50.35  0.48E-12
1972   5  12  12 -19.80  -50.30  0.50E-13
1972   5  12  12 -19.75  -50.30  0.76E-13
1972   5  12  12 -19.70  -50.30  0.12E-11
1972   5  12  12 -19.65  -50.30  0.23E-11
1972   5  12  12 -19.60  -50.30  0.68E-12
1972   5  12  12 -19.75  -50.25  0.20E-12
1972   5  12  12 -19.70  -50.25  0.84E-12
1972   5  12  12 -19.65  -50.25  0.21E-11
1972   5  12  12 -19.60  -50.25  0.41E-12
1972   5  12  12 -19.75  -50.20  0.38E-12
1972   5  12  12 -19.70  -50.20  0.19E-11
1972   5  12  12 -19.65  -50.20  0.22E-11
1972   5  12  12 -19.60  -50.20  0.89E-12
1972   5  12  12 -19.80  -50.15  0.13E-12
1972   5  12  12 -19.75  -50.15  0.30E-12
1972   5  12  12 -19.70  -50.15  0.31E-11
1972   5  12  12 -19.65  -50.15  0.27E-11
1972   5  12  12 -19.60  -50.15  0.12E-11
1972   5  12  12 -19.75  -50.10  0.33E-12
1972   5  12  12 -19.70  -50.10  0.30E-11
1972   5  12  12 -19.65  -50.10  0.26E-11
1972   5  12  12 -19.60  -50.10  0.14E-11
1972   5  12  12 -19.80  -50.05  0.30E-12
1972   5  12  12 -19.75  -50.05  0.43E-12
1972   5  12  12 -19.70  -50.05  0.31E-11
1972   5  12  12 -19.65  -50.05  0.32E-11
1972   5  12  12 -19.60  -50.05  0.14E-11
1972   5  12  12 -19.80  -50.00  0.10E-12
1972   5  12  12 -19.75  -50.00  0.84E-12
1972   5  12  12 -19.70  -50.00  0.32E-11
1972   5  12  12 -19.65  -50.00  0.45E-11
1972   5  12  12 -19.60  -50.00  0.23E-11
1972   5  12  12 -19.80  -49.95  0.25E-12
1972   5  12  12 -19.75  -49.95  0.94E-12
1972   5  12  12 -19.70  -49.95  0.31E-11
1972   5  12  12 -19.65  -49.95  0.58E-11
1972   5  12  12 -19.60  -49.95  0.27E-11
1972   5  12  12 -19.80  -49.90  0.46E-12
1972   5  12  12 -19.75  -49.90  0.10E-11
1972   5  12  12 -19.70  -49.90  0.31E-11
1972   5  12  12 -19.65  -49.90  0.58E-11
1972   5  12  12 -19.60  -49.90  0.28E-11
1972   5  12  12 -19.85  -49.85  0.23E-12
1972   5  12  12 -19.80  -49.85  0.35E-12
1972   5  12  12 -19.75  -49.85  0.26E-11
1972   5  12  12 -19.70  -49.85  0.39E-11
1972   5  12  12 -19.65  -49.85  0.47E-11
1972   5  12  12 -19.60  -49.85  0.27E-11
1972   5  12  12 -19.85  -49.80  0.23E-12
1972   5  12  12 -19.80  -49.80  0.41E-12
1972   5  12  12 -19.75  -49.80  0.23E-11
1972   5  12  12 -19.70  -49.80  0.59E-11
1972   5  12  12 -19.65  -49.80  0.41E-11
1972   5  12  12 -19.60  -49.80  0.22E-11
1972   5  12  12 -19.85  -49.75  0.21E-12
1972   5  12  12 -19.80  -49.75  0.11E-11
1972   5  12  12 -19.75  -49.75  0.25E-11
1972   5  12  12 -19.70  -49.75  0.64E-11
1972   5  12  12 -19.65  -49.75  0.40E-11
1972   5  12  12 -19.60  -49.75  0.20E-11
1972   5  12  12 -19.85  -49.70  0.26E-13
1972   5  12  12 -19.80  -49.70  0.17E-11
1972   5  12  12 -19.75  -49.70  0.45E-11
1972   5  12  12 -19.70  -49.70  0.62E-11
1972   5  12  12 -19.65  -49.70  0.35E-11
1972   5  12  12 -19.60  -49.70  0.17E-11
1972   5  12  12 -19.80  -49.65  0.15E-11
1972   5  12  12 -19.75  -49.65  0.69E-11
1972   5  12  12 -19.70  -49.65  0.70E-11
1972   5  12  12 -19.65  -49.65  0.33E-11
1972   5  12  12 -19.60  -49.65  0.12E-11
1972   5  12  12 -19.85  -49.60  0.33E-12
1972   5  12  12 -19.80  -49.60  0.33E-11
1972   5  12  12 -19.75  -49.60  0.79E-11
1972   5  12  12 -19.70  -49.60  0.98E-11
1972   5  12  12 -19.65  -49.60  0.38E-11
1972   5  12  12 -19.60  -49.60  0.60E-12
1972   5  12  12 -19.85  -49.55  0.91E-12
1972   5  12  12 -19.80  -49.55  0.40E-11
1972   5  12  12 -19.75  -49.55  0.13E-10
1972   5  12  12 -19.70  -49.55  0.13E-10
1972   5  12  12 -19.65  -49.55  0.52E-11
1972   5  12  12 -19.60  -49.55  0.51E-12
1972   5  12  12 -19.85  -49.50  0.20E-11
1972   5  12  12 -19.80  -49.50  0.10E-10
1972   5  12  12 -19.75  -49.50  0.21E-10
1972   5  12  12 -19.70  -49.50  0.16E-10
1972   5  12  12 -19.65  -49.50  0.50E-11
1972   5  12  12 -19.60  -49.50  0.56E-12
1972   5  12  12 -19.90  -49.45  0.15E-12
1972   5  12  12 -19.85  -49.45  0.46E-11
1972   5  12  12 -19.80  -49.45  0.21E-10
1972   5  12  12 -19.75  -49.45  0.35E-10
1972   5  12  12 -19.70  -49.45  0.20E-10
1972   5  12  12 -19.65  -49.45  0.47E-11
1972   5  12  12 -19.60  -49.45  0.36E-12
1972   5  12  12 -19.90  -49.40  0.46E-12
1972   5  12  12 -19.85  -49.40  0.88E-11
1972   5  12  12 -19.80  -49.40  0.39E-10
1972   5  12  12 -19.75  -49.40  0.52E-10
1972   5  12  12 -19.70  -49.40  0.25E-10
1972   5  12  12 -19.65  -49.40  0.49E-11
1972   5  12  12 -19.60  -49.40  0.31E-12
1972   5  12  12 -19.90  -49.35  0.13E-11
1972   5  12  12 -19.85  -49.35  0.15E-10
1972   5  12  12 -19.80  -49.35  0.65E-10
1972   5  12  12 -19.75  -49.35  0.69E-10
1972   5  12  12 -19.70  -49.35  0.27E-10
1972   5  12  12 -19.65  -49.35  0.42E-11
1972   5  12  12 -19.60  -49.35  0.15E-12
1972   5  12  12 -19.90  -49.30  0.19E-11
1972   5  12  12 -19.85  -49.30  0.23E-10
1972   5  12  12 -19.80  -49.30  0.81E-10
1972   5  12  12 -19.75  -49.30  0.78E-10
1972   5  12  12 -19.70  -49.30  0.26E-10
1972   5  12  12 -19.65  -49.30  0.35E-11
1972   5  12  12 -19.60  -49.30  0.13E-12
1972   5  12  12 -19.90  -49.25  0.14E-11
1972   5  12  12 -19.85  -49.25  0.22E-10
1972   5  12  12 -19.80  -49.25  0.85E-10
1972   5  12  12 -19.75  -49.25  0.78E-10
1972   5  12  12 -19.70  -49.25  0.24E-10
1972   5  12  12 -19.65  -49.25  0.24E-11
1972   5  12  12 -19.60  -49.25  0.52E-13
1972   5  12  12 -19.90  -49.20  0.15E-11
1972   5  12  12 -19.85  -49.20  0.20E-10
1972   5  12  12 -19.80  -49.20  0.80E-10
1972   5  12  12 -19.75  -49.20  0.75E-10
1972   5  12  12 -19.70  -49.20  0.20E-10
1972   5  12  12 -19.65  -49.20  0.17E-11
1972   5  12  12 -19.90  -49.15  0.12E-11
1972   5  12  12 -19.85  -49.15  0.17E-10
1972   5  12  12 -19.80  -49.15  0.74E-10
1972   5  12  12 -19.75  -49.15  0.69E-10
1972   5  12  12 -19.70  -49.15  0.17E-10
1972   5  12  12 -19.65  -49.15  0.11E-11
1972   5  12  12 -19.90  -49.10  0.83E-12
1972   5  12  12 -19.85  -49.10  0.15E-10
1972   5  12  12 -19.80  -49.10  0.70E-10
1972   5  12  12 -19.75  -49.10  0.65E-10
1972   5  12  12 -19.70  -49.10  0.14E-10
1972   5  12  12 -19.65  -49.10  0.73E-12
1972   5  12  12 -19.90  -49.05  0.65E-12
1972   5  12  12 -19.85  -49.05  0.15E-10
1972   5  12  12 -19.80  -49.05  0.69E-10
1972   5  12  12 -19.75  -49.05  0.59E-10
1972   5  12  12 -19.70  -49.05  0.99E-11
1972   5  12  12 -19.65  -49.05  0.50E-12
1972   5  12  12 -19.90  -49.00  0.57E-12
1972   5  12  12 -19.85  -49.00  0.16E-10
1972   5  12  12 -19.80  -49.00  0.69E-10
1972   5  12  12 -19.75  -49.00  0.51E-10
1972   5  12  12 -19.70  -49.00  0.71E-11
1972   5  12  12 -19.65  -49.00  0.16E-12
1972   5  12  12 -19.90  -48.95  0.50E-12
1972   5  12  12 -19.85  -48.95  0.17E-10
1972   5  12  12 -19.80  -48.95  0.71E-10
1972   5  12  12 -19.75  -48.95  0.42E-10
1972   5  12  12 -19.70  -48.95  0.45E-11
1972   5  12  12 -19.65  -48.95  0.13E-12
1972   5  12  12 -19.90  -48.90  0.60E-12
1972   5  12  12 -19.85  -48.90  0.19E-10
1972   5  12  12 -19.80  -48.90  0.71E-10
1972   5  12  12 -19.75  -48.90  0.36E-10
1972   5  12  12 -19.70  -48.90  0.24E-11
1972   5  12  12 -19.90  -48.85  0.60E-12
1972   5  12  12 -19.85  -48.85  0.23E-10
1972   5  12  12 -19.80  -48.85  0.68E-10
1972   5  12  12 -19.75  -48.85  0.28E-10
1972   5  12  12 -19.70  -48.85  0.13E-11
1972   5  12  12 -19.90  -48.80  0.71E-12
1972   5  12  12 -19.85  -48.80  0.25E-10
1972   5  12  12 -19.80  -48.80  0.68E-10
1972   5  12  12 -19.75  -48.80  0.20E-10
1972   5  12  12 -19.70  -48.80  0.50E-12
1972   5  12  12 -19.90  -48.75  0.11E-11
1972   5  12  12 -19.85  -48.75  0.29E-10
1972   5  12  12 -19.80  -48.75  0.64E-10
1972   5  12  12 -19.75  -48.75  0.14E-10
1972   5  12  12 -19.70  -48.75  0.32E-12
1972   5  12  12 -19.90  -48.70  0.15E-11
1972   5  12  12 -19.85  -48.70  0.35E-10
1972   5  12  12 -19.80  -48.70  0.64E-10
1972   5  12  12 -19.75  -48.70  0.77E-11
1972   5  12  12 -19.70  -48.70  0.79E-13
1972   5  12  12 -19.90  -48.65  0.18E-11
1972   5  12  12 -19.85  -48.65  0.44E-10
1972   5  12  12 -19.80  -48.65  0.56E-10
1972   5  12  12 -19.75  -48.65  0.29E-11
1972   5  12  12 -19.90  -48.60  0.25E-11
1972   5  12  12 -19.85  -48.60  0.53E-10
1972   5  12  12 -19.80  -48.60  0.46E-10
1972   5  12  12 -19.75  -48.60  0.14E-11
1972   5  12  12 -19.90  -48.55  0.46E-11
1972   5  12  12 -19.85  -48.55  0.64E-10
1972   5  12  12 -19.80  -48.55  0.34E-10
1972   5  12  12 -19.75  -48.55  0.43E-12
1972   5  12  12 -19.90  -48.50  0.69E-11
1972   5  12  12 -19.85  -48.50  0.76E-10
1972   5  12  12 -19.80  -48.50  0.22E-10
1972   5  12  12 -19.75  -48.50  0.19E-12
1972   5  12  12 -19.95  -48.45  0.54E-13
1972   5  12  12 -19.90  -48.45  0.12E-10
1972   5  12  12 -19.85  -48.45  0.83E-10
1972   5  12  12 -19.80  -48.45  0.10E-10
1972   5  12  12 -19.95  -48.40  0.81E-13
1972   5  12  12 -19.90  -48.40  0.22E-10
1972   5  12  12 -19.85  -48.40  0.78E-10
1972   5  12  12 -19.80  -48.40  0.28E-11
1972   5  12  12 -19.95  -48.35  0.27E-13
1972   5  12  12 -19.90  -48.35  0.38E-10
1972   5  12  12 -19.85  -48.35  0.65E-10
1972   5  12  12 -19.80  -48.35  0.57E-12
1972   5  12  12 -19.95  -48.30  0.22E-12
1972   5  12  12 -19.90  -48.30  0.63E-10
1972   5  12  12 -19.85  -48.30  0.41E-10
1972   5  12  12 -19.80  -48.30  0.81E-13
1972   5  12  12 -19.95  -48.25  0.65E-12
1972   5  12  12 -19.90  -48.25  0.87E-10
1972   5  12  12 -19.85  -48.25  0.17E-10
1972   5  12  12 -19.95  -48.20  0.27E-11
1972   5  12  12 -19.90  -48.20  0.99E-10
1972   5  12  12 -19.85  -48.20  0.25E-11
1972   5  12  12 -19.95  -48.15  0.12E-10
1972   5  12  12 -19.90  -48.15  0.96E-10
1972   5  12  12 -19.85  -48.15  0.82E-13
1972   5  12  12 -19.95  -48.10  0.44E-10
1972   5  12  12 -19.90  -48.10  0.64E-10
1972   5  12  12 -19.95  -48.05  0.10E-09
1972   5  12  12 -19.90  -48.05  0.12E-10
1972   5  12  12 -19.95  -48.00  0.13E-09
1972   5  12  12 -19.90  -48.00  0.27E-13
1972   5  12  12 -19.95  -47.95  0.15E-09
1972   5  12  12 -20.00  -47.90  0.73E-10
1972   5  12  12 -19.95  -47.90  0.11E-09
1972   5  13   0 -20.30  -53.15  0.77E-13
1972   5  13   0 -20.10  -53.15  0.12E-12
1972   5  13   0 -20.45  -53.10  0.39E-13
1972   5  13   0 -20.10  -53.10  0.12E-12
1972   5  13   0 -20.45  -53.05  0.12E-12
1972   5  13   0 -20.30  -53.05  0.15E-12
1972   5  13   0 -20.45  -53.00  0.78E-13
1972   5  13   0 -20.30  -53.00  0.19E-12
1972   5  13   0 -20.25  -53.00  0.77E-13
1972   5  13   0 -20.40  -52.95  0.39E-13
1972   5  13   0 -20.35  -52.95  0.12E-12
1972   5  13   0 -20.30  -52.95  0.31E-12
1972   5  13   0 -20.25  -52.95  0.77E-13
1972   5  13   0 -20.10  -52.95  0.39E-13
1972   5  13   0 -20.00  -52.95  0.77E-13
1972   5  13   0 -20.45  -52.90  0.77E-13
1972   5  13   0 -20.35  -52.90  0.77E-13
1972   5  13   0 -20.30  -52.90  0.27E-12
1972   5  13   0 -20.25  -52.90  0.15E-12
1972   5  13   0 -20.10  -52.90  0.39E-13
1972   5  13   0 -20.00  -52.90  0.12E-12
1972   5  13   0 -20.45  -52.85  0.12E-12
1972   5  13   0 -20.40  -52.85  0.77E-13
1972   5  13   0 -20.30  -52.85  0.35E-12
1972   5  13   0 -20.25  -52.85  0.43E-12
1972   5  13   0 -20.10  -52.85  0.77E-13
1972   5  13   0 -20.00  -52.85  0.12E-12
1972   5  13   0 -20.40  -52.80  0.78E-13
1972   5  13   0 -20.35  -52.80  0.39E-12
1972   5  13   0 -20.30  -52.80  0.27E-12
1972   5  13   0 -20.25  -52.80  0.50E-12
1972   5  13   0 -20.20  -52.80  0.12E-12
1972   5  13   0 -20.15  -52.80  0.12E-12
1972   5  13   0 -20.10  -52.80  0.24E-12
1972   5  13   0 -20.00  -52.80  0.15E-12
1972   5  13   0 -20.45  -52.75  0.77E-13
1972   5  13   0 -20.35  -52.75  0.50E-12
1972   5  13   0 -20.30  -52.75  0.39E-12
1972   5  13   0 -20.25  -52.75  0.43E-12
1972   5  13   0 -20.20  -52.75  0.12E-12
1972   5  13   0 -20.15  -52.75  0.19E-12
1972   5  13   0 -20.10  -52.75  0.27E-12
1972   5  13   0 -20.00  -52.75  0.23E-12
1972   5  13   0 -20.45  -52.70  0.77E-13
1972   5  13   0 -20.35  -52.70  0.27E-12
1972   5  13   0 -20.30  -52.70  0.46E-12
1972   5  13   0 -20.25  -52.70  0.58E-12
1972   5  13   0 -20.20  -52.70  0.16E-12
1972   5  13   0 -20.15  -52.70  0.27E-12
1972   5  13   0 -20.10  -52.70  0.46E-12
1972   5  13   0 -20.00  -52.70  0.15E-12
1972   5  13   0 -20.50  -52.65  0.39E-13
1972   5  13   0 -20.45  -52.65  0.78E-13
1972   5  13   0 -20.40  -52.65  0.39E-13
1972   5  13   0 -20.35  -52.65  0.39E-13
1972   5  13   0 -20.30  -52.65  0.31E-12
1972   5  13   0 -20.25  -52.65  0.10E-11
1972   5  13   0 -20.20  -52.65  0.23E-12
1972   5  13   0 -20.15  -52.65  0.25E-12
1972   5  13   0 -20.10  -52.65  0.31E-12
1972   5  13   0 -20.00  -52.65  0.15E-12
1972   5  13   0 -20.50  -52.60  0.12E-12
1972   5  13   0 -20.40  -52.60  0.35E-12
1972   5  13   0 -20.35  -52.60  0.16E-12
1972   5  13   0 -20.30  -52.60  0.46E-12
1972   5  13   0 -20.25  -52.60  0.83E-12
1972   5  13   0 -20.20  -52.60  0.28E-12
1972   5  13   0 -20.15  -52.60  0.27E-12
1972   5  13   0 -20.10  -52.60  0.33E-12
1972   5  13   0 -20.05  -52.60  0.78E-13
1972   5  13   0 -20.00  -52.60  0.12E-12
1972   5  13   0 -20.45  -52.55  0.39E-13
1972   5  13   0 -20.40  -52.55  0.31E-12
1972   5  13   0 -20.35  -52.55  0.27E-12
1972   5  13   0 -20.30  -52.55  0.47E-12
1972   5  13   0 -20.25  -52.55  0.82E-12
1972   5  13   0 -20.20  -52.55  0.43E-12
1972   5  13   0 -20.15  -52.55  0.21E-12
1972   5  13   0 -20.10  -52.55  0.25E-12
1972   5  13   0 -20.05  -52.55  0.19E-12
1972   5  13   0 -20.00  -52.55  0.21E-12
1972   5  13   0 -20.40  -52.50  0.12E-12
1972   5  13   0 -20.35  -52.50  0.12E-12
1972   5  13   0 -20.30  -52.50  0.35E-12
1972   5  13   0 -20.25  -52.50  0.66E-12
1972   5  13   0 -20.20  -52.50  0.91E-12
1972   5  13   0 -20.15  -52.50  0.47E-12
1972   5  13   0 -20.10  -52.50  0.16E-12
1972   5  13   0 -20.05  -52.50  0.25E-12
1972   5  13   0 -20.00  -52.50  0.78E-13
1972   5  13   0 -20.40  -52.45  0.12E-12
1972   5  13   0 -20.35  -52.45  0.39E-12
1972   5  13   0 -20.30  -52.45  0.27E-12
1972   5  13   0 -20.25  -52.45  0.59E-12
1972   5  13   0 -20.20  -52.45  0.63E-12
1972   5  13   0 -20.15  -52.45  0.53E-12
1972   5  13   0 -20.10  -52.45  0.51E-12
1972   5  13   0 -20.05  -52.45  0.23E-12
1972   5  13   0 -20.00  -52.45  0.47E-13
1972   5  13   0 -20.45  -52.40  0.12E-12
1972   5  13   0 -20.35  -52.40  0.52E-12
1972   5  13   0 -20.30  -52.40  0.31E-12
1972   5  13   0 -20.25  -52.40  0.64E-12
1972   5  13   0 -20.20  -52.40  0.51E-12
1972   5  13   0 -20.15  -52.40  0.98E-12
1972   5  13   0 -20.10  -52.40  0.61E-12
1972   5  13   0 -20.05  -52.40  0.36E-12
1972   5  13   0 -20.00  -52.40  0.21E-12
1972   5  13   0 -20.45  -52.35  0.39E-13
1972   5  13   0 -20.40  -52.35  0.12E-12
1972   5  13   0 -20.35  -52.35  0.39E-13
1972   5  13   0 -20.30  -52.35  0.98E-12
1972   5  13   0 -20.25  -52.35  0.89E-12
1972   5  13   0 -20.20  -52.35  0.77E-12
1972   5  13   0 -20.15  -52.35  0.12E-11
1972   5  13   0 -20.10  -52.35  0.69E-12
1972   5  13   0 -20.05  -52.35  0.51E-12
1972   5  13   0 -20.00  -52.35  0.31E-12
1972   5  13   0 -19.95  -52.35  0.72E-13
1972   5  13   0 -19.90  -52.35  0.24E-13
1972   5  13   0 -20.40  -52.30  0.16E-12
1972   5  13   0 -20.35  -52.30  0.21E-12
1972   5  13   0 -20.30  -52.30  0.60E-12
1972   5  13   0 -20.25  -52.30  0.77E-12
1972   5  13   0 -20.20  -52.30  0.11E-11
1972   5  13   0 -20.15  -52.30  0.62E-12
1972   5  13   0 -20.10  -52.30  0.72E-12
1972   5  13   0 -20.05  -52.30  0.51E-12
1972   5  13   0 -20.00  -52.30  0.87E-13
1972   5  13   0 -19.95  -52.30  0.63E-13
1972   5  13   0 -20.40  -52.25  0.19E-12
1972   5  13   0 -20.35  -52.25  0.39E-13
1972   5  13   0 -20.30  -52.25  0.24E-12
1972   5  13   0 -20.25  -52.25  0.60E-12
1972   5  13   0 -20.20  -52.25  0.67E-12
1972   5  13   0 -20.15  -52.25  0.99E-12
1972   5  13   0 -20.10  -52.25  0.99E-12
1972   5  13   0 -20.05  -52.25  0.52E-12
1972   5  13   0 -20.00  -52.25  0.16E-12
1972   5  13   0 -19.95  -52.25  0.18E-12
1972   5  13   0 -20.40  -52.20  0.78E-13
1972   5  13   0 -20.35  -52.20  0.19E-12
1972   5  13   0 -20.30  -52.20  0.37E-12
1972   5  13   0 -20.25  -52.20  0.68E-12
1972   5  13   0 -20.20  -52.20  0.70E-12
1972   5  13   0 -20.15  -52.20  0.10E-11
1972   5  13   0 -20.10  -52.20  0.68E-12
1972   5  13   0 -20.05  -52.20  0.65E-12
1972   5  13   0 -20.00  -52.20  0.39E-12
1972   5  13   0 -19.95  -52.20  0.48E-13
1972   5  13   0 -19.90  -52.20  0.12E-12
1972   5  13   0 -19.85  -52.20  0.73E-13
1972   5  13   0 -20.35  -52.15  0.17E-12
1972   5  13   0 -20.30  -52.15  0.19E-12
1972   5  13   0 -20.25  -52.15  0.35E-12
1972   5  13   0 -20.20  -52.15  0.49E-12
1972   5  13   0 -20.15  -52.15  0.11E-11
1972   5  13   0 -20.10  -52.15  0.80E-12
1972   5  13   0 -20.05  -52.15  0.70E-12
1972   5  13   0 -20.00  -52.15  0.50E-12
1972   5  13   0 -19.95  -52.15  0.23E-12
1972   5  13   0 -19.90  -52.15  0.96E-13
1972   5  13   0 -19.85  -52.15  0.73E-13
1972   5  13   0 -20.35  -52.10  0.14E-12
1972   5  13   0 -20.30  -52.10  0.23E-12
1972   5  13   0 -20.25  -52.10  0.40E-12
1972   5  13   0 -20.20  -52.10  0.55E-12
1972   5  13   0 -20.15  -52.10  0.12E-11
1972   5  13   0 -20.10  -52.10  0.11E-11
1972   5  13   0 -20.05  -52.10  0.65E-12
1972   5  13   0 -20.00  -52.10  0.92E-12
1972   5  13   0 -19.95  -52.10  0.44E-12
1972   5  13   0 -19.90  -52.10  0.96E-13
1972   5  13   0 -20.35  -52.05  0.48E-13
1972   5  13   0 -20.30  -52.05  0.19E-12
1972   5  13   0 -20.25  -52.05  0.16E-12
1972   5  13   0 -20.20  -52.05  0.89E-12
1972   5  13   0 -20.15  -52.05  0.11E-11
1972   5  13   0 -20.10  -52.05  0.16E-11
1972   5  13   0 -20.05  -52.05  0.83E-12
1972   5  13   0 -20.00  -52.05  0.11E-11
1972   5  13   0 -19.95  -52.05  0.49E-12
1972   5  13   0 -19.90  -52.05  0.30E-12
1972   5  13   0 -20.30  -52.00  0.28E-12
1972   5  13   0 -20.25  -52.00  0.23E-12
1972   5  13   0 -20.20  -52.00  0.81E-12
1972   5  13   0 -20.15  -52.00  0.12E-11
1972   5  13   0 -20.10  -52.00  0.16E-11
1972   5  13   0 -20.05  -52.00  0.91E-12
1972   5  13   0 -20.00  -52.00  0.12E-11
1972   5  13   0 -19.95  -52.00  0.45E-12
1972   5  13   0 -19.90  -52.00  0.33E-12
1972   5  13   0 -19.85  -52.00  0.19E-12
1972   5  13   0 -20.30  -51.95  0.20E-12
1972   5  13   0 -20.25  -51.95  0.95E-13
1972   5  13   0 -20.20  -51.95  0.11E-11
1972   5  13   0 -20.15  -51.95  0.91E-12
1972   5  13   0 -20.10  -51.95  0.12E-11
1972   5  13   0 -20.05  -51.95  0.13E-11
1972   5  13   0 -20.00  -51.95  0.68E-12
1972   5  13   0 -19.95  -51.95  0.57E-12
1972   5  13   0 -19.90  -51.95  0.34E-12
1972   5  13   0 -20.30  -51.90  0.12E-12
1972   5  13   0 -20.25  -51.90  0.48E-13
1972   5  13   0 -20.20  -51.90  0.95E-12
1972   5  13   0 -20.15  -51.90  0.83E-12
1972   5  13   0 -20.10  -51.90  0.75E-12
1972   5  13   0 -20.05  -51.90  0.98E-12
1972   5  13   0 -20.00  -51.90  0.10E-11
1972   5  13   0 -19.95  -51.90  0.93E-12
1972   5  13   0 -19.90  -51.90  0.40E-12
1972   5  13   0 -19.85  -51.90  0.24E-13
1972   5  13   0 -19.80  -51.90  0.73E-13
1972   5  13   0 -20.30  -51.85  0.12E-12
1972   5  13   0 -20.25  -51.85  0.95E-13
1972   5  13   0 -20.20  -51.85  0.52E-12
1972   5  13   0 -20.15  -51.85  0.96E-12
1972   5  13   0 -20.10  -51.85  0.10E-11
1972   5  13   0 -20.05  -51.85  0.93E-12
1972   5  13   0 -20.00  -51.85  0.69E-12
1972   5  13   0 -19.95  -51.85  0.83E-12
1972   5  13   0 -19.90  -51.85  0.50E-12
1972   5  13   0 -19.85  -51.85  0.22E-12
1972   5  13   0 -19.80  -51.85  0.24E-12
1972   5  13   0 -20.30  -51.80  0.78E-13
1972   5  13   0 -20.25  -51.80  0.24E-12
1972   5  13   0 -20.20  -51.80  0.12E-12
1972   5  13   0 -20.15  -51.80  0.89E-12
1972   5  13   0 -20.10  -51.80  0.85E-12
1972   5  13   0 -20.05  -51.80  0.10E-11
1972   5  13   0 -20.00  -51.80  0.11E-11
1972   5  13   0 -19.95  -51.80  0.13E-11
1972   5  13   0 -19.90  -51.80  0.68E-12
1972   5  13   0 -19.85  -51.80  0.56E-12
1972   5  13   0 -19.80  -51.80  0.98E-13
1972   5  13   0 -19.75  -51.80  0.12E-12
1972   5  13   0 -20.25  -51.75  0.48E-13
1972   5  13   0 -20.20  -51.75  0.25E-12
1972   5  13   0 -20.15  -51.75  0.38E-12
1972   5  13   0 -20.10  -51.75  0.41E-12
1972   5  13   0 -20.05  -51.75  0.65E-12
1972   5  13   0 -20.00  -51.75  0.13E-11
1972   5  13   0 -19.95  -51.75  0.95E-12
1972   5  13   0 -19.90  -51.75  0.87E-12
1972   5  13   0 -19.85  -51.75  0.56E-12
1972   5  13   0 -19.80  -51.75  0.17E-12
1972   5  13   0 -19.75  -51.75  0.12E-12
1972   5  13   0 -19.70  -51.75  0.48E-13
1972   5  13   0 -20.20  -51.70  0.19E-12
1972   5  13   0 -20.15  -51.70  0.16E-12
1972   5  13   0 -20.10  -51.70  0.26E-12
1972   5  13   0 -20.05  -51.70  0.11E-11
1972   5  13   0 -20.00  -51.70  0.13E-11
1972   5  13   0 -19.95  -51.70  0.70E-12
1972   5  13   0 -19.90  -51.70  0.14E-11
1972   5  13   0 -19.85  -51.70  0.77E-12
1972   5  13   0 -19.80  -51.70  0.64E-13
1972   5  13   0 -19.75  -51.70  0.25E-12
1972   5  13   0 -19.70  -51.70  0.97E-13
1972   5  13   0 -20.30  -51.65  0.39E-13
1972   5  13   0 -20.20  -51.65  0.80E-13
1972   5  13   0 -20.15  -51.65  0.24E-12
1972   5  13   0 -20.10  -51.65  0.52E-12
1972   5  13   0 -20.05  -51.65  0.48E-12
1972   5  13   0 -20.00  -51.65  0.75E-12
1972   5  13   0 -19.95  -51.65  0.78E-12
1972   5  13   0 -19.90  -51.65  0.15E-11
1972   5  13   0 -19.85  -51.65  0.86E-12
1972   5  13   0 -19.80  -51.65  0.50E-12
1972   5  13   0 -19.75  -51.65  0.15E-12
1972   5  13   0 -19.70  -51.65  0.22E-12
1972   5  13   0 -20.30  -51.60  0.21E-12
1972   5  13   0 -20.20  -51.60  0.13E-12
1972   5  13   0 -20.15  -51.60  0.12E-12
1972   5  13   0 -20.10  -51.60  0.29E-12
1972   5  13   0 -20.05  -51.60  0.48E-12
1972   5  13   0 -20.00  -51.60  0.46E-12
1972   5  13   0 -19.95  -51.60  0.83E-12
1972   5  13   0 -19.90  -51.60  0.19E-11
1972   5  13   0 -19.85  -51.60  0.16E-11
1972   5  13   0 -19.80  -51.60  0.71E-12
1972   5  13   0 -19.75  -51.60  0.42E-12
1972   5  13   0 -19.70  -51.60  0.74E-13
1972   5  13   0 -20.30  -51.55  0.21E-12
1972   5  13   0 -20.25  -51.55  0.48E-13
1972   5  13   0 -20.20  -51.55  0.94E-13
1972   5  13   0 -20.15  -51.55  0.20E-12
1972   5  13   0 -20.10  -51.55  0.11E-12
1972   5  13   0 -20.05  -51.55  0.68E-12
1972   5  13   0 -20.00  -51.55  0.52E-12
1972   5  13   0 -19.95  -51.55  0.14E-11
1972   5  13   0 -19.90  -51.55  0.12E-11
1972   5  13   0 -19.85  -51.55  0.14E-11
1972   5  13   0 -19.80  -51.55  0.76E-12
1972   5  13   0 -19.75  -51.55  0.46E-12
1972   5  13   0 -19.70  -51.55  0.17E-12
1972   5  13   0 -20.25  -51.50  0.48E-13
1972   5  13   0 -20.15  -51.50  0.96E-13
1972   5  13   0 -20.10  -51.50  0.13E-12
1972   5  13   0 -20.05  -51.50  0.35E-12
1972   5  13   0 -20.00  -51.50  0.11E-11
1972   5  13   0 -19.95  -51.50  0.48E-12
1972   5  13   0 -19.90  -51.50  0.11E-11
1972   5  13   0 -19.85  -51.50  0.80E-12
1972   5  13   0 -19.80  -51.50  0.53E-12
1972   5  13   0 -19.75  -51.50  0.64E-12
1972   5  13   0 -20.30  -51.45  0.78E-13
1972   5  13   0 -20.25  -51.45  0.39E-13
1972   5  13   0 -20.10  -51.45  0.95E-13
1972   5  13   0 -20.05  -51.45  0.14E-12
1972   5  13   0 -20.00  -51.45  0.93E-12
1972   5  13   0 -19.95  -51.45  0.45E-12
1972   5  13   0 -19.90  -51.45  0.86E-12
1972   5  13   0 -19.85  -51.45  0.77E-12
1972   5  13   0 -19.80  -51.45  0.74E-12
1972   5  13   0 -19.75  -51.45  0.44E-12
1972   5  13   0 -19.70  -51.45  0.17E-12
1972   5  13   0 -20.30  -51.40  0.16E-12
1972   5  13   0 -20.25  -51.40  0.12E-12
1972   5  13   0 -20.10  -51.40  0.27E-12
1972   5  13   0 -20.05  -51.40  0.72E-13
1972   5  13   0 -20.00  -51.40  0.44E-12
1972   5  13   0 -19.95  -51.40  0.67E-12
1972   5  13   0 -19.90  -51.40  0.63E-12
1972   5  13   0 -19.85  -51.40  0.15E-11
1972   5  13   0 -19.80  -51.40  0.87E-12
1972   5  13   0 -19.75  -51.40  0.81E-12
1972   5  13   0 -19.70  -51.40  0.21E-12
1972   5  13   0 -20.30  -51.35  0.23E-12
1972   5  13   0 -20.25  -51.35  0.24E-12
1972   5  13   0 -20.10  -51.35  0.22E-12
1972   5  13   0 -20.00  -51.35  0.52E-12
1972   5  13   0 -19.95  -51.35  0.85E-12
1972   5  13   0 -19.90  -51.35  0.10E-11
1972   5  13   0 -19.85  -51.35  0.13E-11
1972   5  13   0 -19.80  -51.35  0.13E-11
1972   5  13   0 -19.75  -51.35  0.43E-12
1972   5  13   0 -19.70  -51.35  0.23E-12
1972   5  13   0 -20.30  -51.30  0.78E-13
1972   5  13   0 -20.25  -51.30  0.16E-12
1972   5  13   0 -20.10  -51.30  0.18E-12
1972   5  13   0 -20.05  -51.30  0.40E-13
1972   5  13   0 -20.00  -51.30  0.22E-12
1972   5  13   0 -19.95  -51.30  0.66E-12
1972   5  13   0 -19.90  -51.30  0.68E-12
1972   5  13   0 -19.85  -51.30  0.10E-11
1972   5  13   0 -19.80  -51.30  0.75E-12
1972   5  13   0 -19.75  -51.30  0.80E-12
1972   5  13   0 -19.70  -51.30  0.63E-13
1972   5  13   0 -19.65  -51.30  0.73E-13
1972   5  13   0 -20.30  -51.25  0.12E-12
1972   5  13   0 -20.25  -51.25  0.78E-13
1972   5  13   0 -20.10  -51.25  0.14E-12
1972   5  13   0 -20.05  -51.25  0.87E-13
1972   5  13   0 -20.00  -51.25  0.39E-12
1972   5  13   0 -19.95  -51.25  0.64E-12
1972   5  13   0 -19.90  -51.25  0.35E-12
1972   5  13   0 -19.85  -51.25  0.58E-12
1972   5  13   0 -19.80  -51.25  0.76E-12
1972   5  13   0 -19.75  -51.25  0.62E-12
1972   5  13   0 -19.70  -51.25  0.28E-12
1972   5  13   0 -19.65  -51.25  0.24E-13
1972   5  13   0 -20.30  -51.20  0.39E-13
1972   5  13   0 -20.20  -51.20  0.48E-13
1972   5  13   0 -20.10  -51.20  0.40E-13
1972   5  13   0 -20.05  -51.20  0.16E-12
1972   5  13   0 -20.00  -51.20  0.15E-12
1972   5  13   0 -19.95  -51.20  0.77E-12
1972   5  13   0 -19.90  -51.20  0.81E-12
1972   5  13   0 -19.85  -51.20  0.44E-12
1972   5  13   0 -19.80  -51.20  0.77E-12
1972   5  13   0 -19.75  -51.20  0.45E-12
1972   5  13   0 -19.70  -51.20  0.49E-12
1972   5  13   0 -19.65  -51.20  0.15E-12
1972   5  13   0 -20.05  -51.15  0.78E-13
1972   5  13   0 -19.95  -51.15  0.37E-12
1972   5  13   0 -19.90  -51.15  0.48E-12
1972   5  13   0 -19.85  -51.15  0.19E-12
1972   5  13   0 -19.80  -51.15  0.22E-12
1972   5  13   0 -19.75  -51.15  0.22E-12
1972   5  13   0 -19.70  -51.15  0.11E-12
1972   5  13   0 -19.65  -51.15  0.12E-12
1972   5  13   0 -20.25  -51.10  0.95E-13
1972   5  13   0 -20.05  -51.10  0.12E-12
1972   5  13   0 -19.95  -51.10  0.13E-12
1972   5  13   0 -19.90  -51.10  0.98E-12
1972   5  13   0 -19.85  -51.10  0.65E-12
1972   5  13   0 -19.80  -51.10  0.16E-12
1972   5  13   0 -19.75  -51.10  0.75E-12
1972   5  13   0 -19.65  -51.10  0.17E-12
1972   5  13   0 -20.25  -51.05  0.95E-13
1972   5  13   0 -20.05  -51.05  0.16E-12
1972   5  13   0 -20.00  -51.05  0.16E-12
1972   5  13   0 -19.95  -51.05  0.28E-12
1972   5  13   0 -19.90  -51.05  0.11E-11
1972   5  13   0 -19.85  -51.05  0.83E-12
1972   5  13   0 -19.80  -51.05  0.52E-12
1972   5  13   0 -19.75  -51.05  0.86E-12
1972   5  13   0 -19.70  -51.05  0.50E-12
1972   5  13   0 -19.65  -51.05  0.22E-12
1972   5  13   0 -20.05  -51.00  0.16E-12
1972   5  13   0 -19.95  -51.00  0.27E-12
1972   5  13   0 -19.90  -51.00  0.56E-12
1972   5  13   0 -19.85  -51.00  0.93E-12
1972   5  13   0 -19.80  -51.00  0.84E-12
1972   5  13   0 -19.75  -51.00  0.14E-11
1972   5  13   0 -19.70  -51.00  0.60E-12
1972   5  13   0 -19.65  -51.00  0.20E-12
1972   5  13   0 -19.60  -51.00  0.15E-12
1972   5  13   0 -19.55  -51.00  0.74E-13
1972   5  13   0 -20.10  -50.95  0.19E-12
1972   5  13   0 -20.00  -50.95  0.24E-13
1972   5  13   0 -19.95  -50.95  0.28E-12
1972   5  13   0 -19.90  -50.95  0.33E-12
1972   5  13   0 -19.85  -50.95  0.62E-12
1972   5  13   0 -19.80  -50.95  0.11E-11
1972   5  13   0 -19.75  -50.95  0.10E-11
1972   5  13   0 -19.70  -50.95  0.69E-12
1972   5  13   0 -19.65  -50.95  0.53E-12
1972   5  13   0 -19.60  -50.95  0.75E-13
1972   5  13   0 -19.55  -50.95  0.22E-12
1972   5  13   0 -20.10  -50.90  0.19E-12
1972   5  13   0 -19.95  -50.90  0.50E-12
1972   5  13   0 -19.90  -50.90  0.22E-12
1972   5  13   0 -19.85  -50.90  0.31E-12
1972   5  13   0 -19.80  -50.90  0.14E-11
1972   5  13   0 -19.75  -50.90  0.12E-11
1972   5  13   0 -19.70  -50.90  0.23E-11
1972   5  13   0 -19.65  -50.90  0.10E-11
1972   5  13   0 -19.60  -50.90  0.18E-12
1972   5  13   0 -19.55  -50.90  0.27E-12
1972   5  13   0 -20.05  -50.85  0.17E-12
1972   5  13   0 -19.95  -50.85  0.16E-12
1972   5  13   0 -19.90  -50.85  0.24E-12
1972   5  13   0 -19.85  -50.85  0.21E-12
1972   5  13   0 -19.80  -50.85  0.95E-12
1972   5  13   0 -19.75  -50.85  0.15E-11
1972   5  13   0 -19.70  -50.85  0.24E-11
1972   5  13   0 -19.65  -50.85  0.14E-11
1972   5  13   0 -19.60  -50.85  0.25E-12
1972   5  13   0 -20.05  -50.80  0.40E-13
1972   5  13   0 -19.95  -50.80  0.39E-13
1972   5  13   0 -19.90  -50.80  0.23E-12
1972   5  13   0 -19.85  -50.80  0.46E-12
1972   5  13   0 -19.80  -50.80  0.14E-11
1972   5  13   0 -19.75  -50.80  0.14E-11
1972   5  13   0 -19.70  -50.80  0.20E-11
1972   5  13   0 -19.65  -50.80  0.16E-11
1972   5  13   0 -19.60  -50.80  0.31E-12
1972   5  13   0 -20.00  -50.75  0.38E-13
1972   5  13   0 -19.90  -50.75  0.86E-13
1972   5  13   0 -19.85  -50.75  0.49E-12
1972   5  13   0 -19.80  -50.75  0.22E-11
1972   5  13   0 -19.75  -50.75  0.16E-11
1972   5  13   0 -19.70  -50.75  0.23E-11
1972   5  13   0 -19.65  -50.75  0.23E-11
1972   5  13   0 -19.60  -50.75  0.26E-12
1972   5  13   0 -19.55  -50.75  0.80E-13
1972   5  13   0 -20.00  -50.70  0.15E-12
1972   5  13   0 -19.95  -50.70  0.77E-13
1972   5  13   0 -19.90  -50.70  0.27E-12
1972   5  13   0 -19.85  -50.70  0.54E-12
1972   5  13   0 -19.80  -50.70  0.13E-11
1972   5  13   0 -19.75  -50.70  0.31E-11
1972   5  13   0 -19.70  -50.70  0.41E-11
1972   5  13   0 -19.65  -50.70  0.32E-11
1972   5  13   0 -19.60  -50.70  0.19E-12
1972   5  13   0 -19.55  -50.70  0.27E-12
1972   5  13   0 -20.05  -50.65  0.39E-13
1972   5  13   0 -20.00  -50.65  0.12E-12
1972   5  13   0 -19.95  -50.65  0.15E-12
1972   5  13   0 -19.90  -50.65  0.39E-12
1972   5  13   0 -19.85  -50.65  0.44E-12
1972   5  13   0 -19.80  -50.65  0.17E-11
1972   5  13   0 -19.75  -50.65  0.33E-11
1972   5  13   0 -19.70  -50.65  0.44E-11
1972   5  13   0 -19.65  -50.65  0.28E-11
1972   5  13   0 -19.60  -50.65  0.48E-12
1972   5  13   0 -19.55  -50.65  0.37E-12
1972   5  13   0 -20.00  -50.60  0.15E-12
1972   5  13   0 -19.95  -50.60  0.39E-13
1972   5  13   0 -19.90  -50.60  0.79E-13
1972   5  13   0 -19.85  -50.60  0.56E-12
1972   5  13   0 -19.80  -50.60  0.25E-11
1972   5  13   0 -19.75  -50.60  0.49E-11
1972   5  13   0 -19.70  -50.60  0.39E-11
1972   5  13   0 -19.65  -50.60  0.29E-11
1972   5  13   0 -19.60  -50.60  0.82E-12
1972   5  13   0 -19.55  -50.60  0.36E-12
1972   5  13   0 -20.00  -50.55  0.23E-12
1972   5  13   0 -19.90  -50.55  0.78E-13
1972   5  13   0 -19.85  -50.55  0.81E-12
1972   5  13   0 -19.80  -50.55  0.26E-11
1972   5  13   0 -19.75  -50.55  0.56E-11
1972   5  13   0 -19.70  -50.55  0.48E-11
1972   5  13   0 -19.65  -50.55  0.38E-11
1972   5  13   0 -19.60  -50.55  0.10E-11
1972   5  13   0 -19.55  -50.55  0.35E-12
1972   5  13   0 -20.00  -50.50  0.20E-12
1972   5  13   0 -19.95  -50.50  0.19E-12
1972   5  13   0 -19.90  -50.50  0.27E-12
1972   5  13   0 -19.85  -50.50  0.10E-11
1972   5  13   0 -19.80  -50.50  0.23E-11
1972   5  13   0 -19.75  -50.50  0.49E-11
1972   5  13   0 -19.70  -50.50  0.55E-11
1972   5  13   0 -19.65  -50.50  0.48E-11
1972   5  13   0 -19.60  -50.50  0.40E-12
1972   5  13   0 -20.00  -50.45  0.44E-12
1972   5  13   0 -19.95  -50.45  0.12E-12
1972   5  13   0 -19.90  -50.45  0.50E-13
1972   5  13   0 -19.85  -50.45  0.95E-12
1972   5  13   0 -19.80  -50.45  0.24E-11
1972   5  13   0 -19.75  -50.45  0.64E-11
1972   5  13   0 -19.70  -50.45  0.56E-11
1972   5  13   0 -19.65  -50.45  0.58E-11
1972   5  13   0 -19.60  -50.45  0.12E-12
1972   5  13   0 -20.00  -50.40  0.41E-12
1972   5  13   0 -19.95  -50.40  0.23E-12
1972   5  13   0 -19.90  -50.40  0.21E-12
1972   5  13   0 -19.85  -50.40  0.49E-12
1972   5  13   0 -19.80  -50.40  0.30E-11
1972   5  13   0 -19.75  -50.40  0.70E-11
1972   5  13   0 -19.70  -50.40  0.60E-11
1972   5  13   0 -19.65  -50.40  0.65E-11
1972   5  13   0 -19.60  -50.40  0.41E-12
1972   5  13   0 -20.00  -50.35  0.16E-12
1972   5  13   0 -19.95  -50.35  0.26E-12
1972   5  13   0 -19.90  -50.35  0.26E-12
1972   5  13   0 -19.85  -50.35  0.54E-12
1972   5  13   0 -19.80  -50.35  0.35E-11
1972   5  13   0 -19.75  -50.35  0.79E-11
1972   5  13   0 -19.70  -50.35  0.62E-11
1972   5  13   0 -19.65  -50.35  0.56E-11
1972   5  13   0 -19.60  -50.35  0.11E-11
1972   5  13   0 -19.55  -50.35  0.77E-13
1972   5  13   0 -19.95  -50.30  0.72E-12
1972   5  13   0 -19.90  -50.30  0.16E-12
1972   5  13   0 -19.85  -50.30  0.93E-12
1972   5  13   0 -19.80  -50.30  0.31E-11
1972   5  13   0 -19.75  -50.30  0.83E-11
1972   5  13   0 -19.70  -50.30  0.77E-11
1972   5  13   0 -19.65  -50.30  0.44E-11
1972   5  13   0 -19.60  -50.30  0.19E-11
1972   5  13   0 -19.55  -50.30  0.77E-13
1972   5  13   0 -20.00  -50.25  0.35E-12
1972   5  13   0 -19.95  -50.25  0.40E-12
1972   5  13   0 -19.90  -50.25  0.53E-12
1972   5  13   0 -19.85  -50.25  0.86E-12
1972   5  13   0 -19.80  -50.25  0.28E-11
1972   5  13   0 -19.75  -50.25  0.75E-11
1972   5  13   0 -19.70  -50.25  0.10E-10
1972   5  13   0 -19.65  -50.25  0.51E-11
1972   5  13   0 -19.60  -50.25  0.21E-11
1972   5  13   0 -20.00  -50.20  0.25E-12
1972   5  13   0 -19.95  -50.20  0.37E-12
1972   5  13   0 -19.90  -50.20  0.21E-12
1972   5  13   0 -19.85  -50.20  0.20E-11
1972   5  13   0 -19.80  -50.20  0.41E-11
1972   5  13   0 -19.75  -50.20  0.83E-11
1972   5  13   0 -19.70  -50.20  0.12E-10
1972   5  13   0 -19.65  -50.20  0.62E-11
1972   5  13   0 -19.60  -50.20  0.19E-11
1972   5  13   0 -20.00  -50.15  0.56E-12
1972   5  13   0 -19.90  -50.15  0.66E-12
1972   5  13   0 -19.85  -50.15  0.19E-11
1972   5  13   0 -19.80  -50.15  0.59E-11
1972   5  13   0 -19.75  -50.15  0.12E-10
1972   5  13   0 -19.70  -50.15  0.14E-10
1972   5  13   0 -19.65  -50.15  0.66E-11
1972   5  13   0 -19.60  -50.15  0.15E-11
1972   5  13   0 -20.00  -50.10  0.21E-12
1972   5  13   0 -19.95  -50.10  0.44E-12
1972   5  13   0 -19.90  -50.10  0.88E-12
1972   5  13   0 -19.85  -50.10  0.44E-11
1972   5  13   0 -19.80  -50.10  0.77E-11
1972   5  13   0 -19.75  -50.10  0.13E-10
1972   5  13   0 -19.70  -50.10  0.15E-10
1972   5  13   0 -19.65  -50.10  0.94E-11
1972   5  13   0 -19.60  -50.10  0.19E-11
1972   5  13   0 -20.00  -50.05  0.48E-13
1972   5  13   0 -19.95  -50.05  0.22E-12
1972   5  13   0 -19.90  -50.05  0.15E-11
1972   5  13   0 -19.85  -50.05  0.69E-11
1972   5  13   0 -19.80  -50.05  0.11E-10
1972   5  13   0 -19.75  -50.05  0.19E-10
1972   5  13   0 -19.70  -50.05  0.17E-10
1972   5  13   0 -19.65  -50.05  0.10E-10
1972   5  13   0 -19.60  -50.05  0.20E-11
1972   5  13   0 -19.95  -50.00  0.12E-12
1972   5  13   0 -19.90  -50.00  0.25E-11
1972   5  13   0 -19.85  -50.00  0.11E-10
1972   5  13   0 -19.80  -50.00  0.16E-10
1972   5  13   0 -19.75  -50.00  0.29E-10
1972   5  13   0 -19.70  -50.00  0.18E-10
1972   5  13   0 -19.65  -50.00  0.82E-11
1972   5  13   0 -19.60  -50.00  0.19E-11
1972   5  13   0 -19.95  -49.95  0.29E-12
1972   5  13   0 -19.90  -49.95  0.29E-11
1972   5  13   0 -19.85  -49.95  0.14E-10
1972   5  13   0 -19.80  -49.95  0.23E-10
1972   5  13   0 -19.75  -49.95  0.38E-10
1972   5  13   0 -19.70  -49.95  0.20E-10
1972   5  13   0 -19.65  -49.95  0.54E-11
1972   5  13   0 -19.60  -49.95  0.22E-11
1972   5  13   0 -19.95  -49.90  0.39E-12
1972   5  13   0 -19.90  -49.90  0.43E-11
1972   5  13   0 -19.85  -49.90  0.19E-10
1972   5  13   0 -19.80  -49.90  0.35E-10
1972   5  13   0 -19.75  -49.90  0.46E-10
1972   5  13   0 -19.70  -49.90  0.23E-10
1972   5  13   0 -19.65  -49.90  0.65E-11
1972   5  13   0 -19.60  -49.90  0.98E-12
1972   5  13   0 -19.95  -49.85  0.86E-12
1972   5  13   0 -19.90  -49.85  0.64E-11
1972   5  13   0 -19.85  -49.85  0.25E-10
1972   5  13   0 -19.80  -49.85  0.51E-10
1972   5  13   0 -19.75  -49.85  0.54E-10
1972   5  13   0 -19.70  -49.85  0.24E-10
1972   5  13   0 -19.65  -49.85  0.57E-11
1972   5  13   0 -19.60  -49.85  0.62E-12
1972   5  13   0 -19.95  -49.80  0.18E-11
1972   5  13   0 -19.90  -49.80  0.11E-10
1972   5  13   0 -19.85  -49.80  0.32E-10
1972   5  13   0 -19.80  -49.80  0.66E-10
1972   5  13   0 -19.75  -49.80  0.59E-10
1972   5  13   0 -19.70  -49.80  0.29E-10
1972   5  13   0 -19.65  -49.80  0.42E-11
1972   5  13   0 -19.60  -49.80  0.56E-12
1972   5  13   0 -20.00  -49.75  0.27E-12
1972   5  13   0 -19.95  -49.75  0.29E-11
1972   5  13   0 -19.90  -49.75  0.16E-10
1972   5  13   0 -19.85  -49.75  0.44E-10
1972   5  13   0 -19.80  -49.75  0.85E-10
1972   5  13   0 -19.75  -49.75  0.65E-10
1972   5  13   0 -19.70  -49.75  0.29E-10
1972   5  13   0 -19.65  -49.75  0.31E-11
1972   5  13   0 -19.60  -49.75  0.15E-12
1972   5  13   0 -20.00  -49.70  0.20E-12
1972   5  13   0 -19.95  -49.70  0.37E-11
1972   5  13   0 -19.90  -49.70  0.19E-10
1972   5  13   0 -19.85  -49.70  0.62E-10
1972   5  13   0 -19.80  -49.70  0.11E-09
1972   5  13   0 -19.75  -49.70  0.62E-10
1972   5  13   0 -19.70  -49.70  0.24E-10
1972   5  13   0 -19.65  -49.70  0.29E-11
1972   5  13   0 -19.60  -49.70  0.39E-13
1972   5  13   0 -20.00  -49.65  0.17E-12
1972   5  13   0 -19.95  -49.65  0.52E-11
1972   5  13   0 -19.90  -49.65  0.27E-10
1972   5  13   0 -19.85  -49.65  0.86E-10
1972   5  13   0 -19.80  -49.65  0.13E-09
1972   5  13   0 -19.75  -49.65  0.67E-10
1972   5  13   0 -19.70  -49.65  0.20E-10
1972   5  13   0 -19.65  -49.65  0.34E-11
1972   5  13   0 -20.00  -49.60  0.14E-12
1972   5  13   0 -19.95  -49.60  0.50E-11
1972   5  13   0 -19.90  -49.60  0.32E-10
1972   5  13   0 -19.85  -49.60  0.11E-09
1972   5  13   0 -19.80  -49.60  0.14E-09
1972   5  13   0 -19.75  -49.60  0.74E-10
1972   5  13   0 -19.70  -49.60  0.17E-10
1972   5  13   0 -19.65  -49.60  0.26E-11
1972   5  13   0 -19.60  -49.60  0.15E-12
1972   5  13   0 -19.95  -49.55  0.40E-11
1972   5  13   0 -19.90  -49.55  0.41E-10
1972   5  13   0 -19.85  -49.55  0.13E-09
1972   5  13   0 -19.80  -49.55  0.15E-09
1972   5  13   0 -19.75  -49.55  0.69E-10
1972   5  13   0 -19.70  -49.55  0.12E-10
1972   5  13   0 -19.65  -49.55  0.85E-12
1972   5  13   0 -19.60  -49.55  0.15E-12
1972   5  13   0 -19.95  -49.50  0.56E-11
1972   5  13   0 -19.90  -49.50  0.40E-10
1972   5  13   0 -19.85  -49.50  0.15E-09
1972   5  13   0 -19.80  -49.50  0.15E-09
1972   5  13   0 -19.75  -49.50  0.60E-10
1972   5  13   0 -19.70  -49.50  0.12E-10
1972   5  13   0 -19.65  -49.50  0.43E-12
1972   5  13   0 -19.95  -49.45  0.15E-11
1972   5  13   0 -19.90  -49.45  0.37E-10
1972   5  13   0 -19.85  -49.45  0.12E-09
1972   5  13   0 -19.80  -49.45  0.13E-09
1972   5  13   0 -19.75  -49.45  0.48E-10
1972   5  13   0 -19.70  -49.45  0.93E-11
1972   5  13   0 -19.65  -49.45  0.13E-12
1972   5  13   0 -19.95  -49.40  0.15E-11
1972   5  13   0 -19.90  -49.40  0.20E-10
1972   5  13   0 -19.85  -49.40  0.90E-10
1972   5  13   0 -19.80  -49.40  0.96E-10
1972   5  13   0 -19.75  -49.40  0.31E-10
1972   5  13   0 -19.70  -49.40  0.43E-11
1972   5  13   0 -19.65  -49.40  0.22E-12
1972   5  13   0 -19.95  -49.35  0.11E-11
1972   5  13   0 -19.90  -49.35  0.11E-10
1972   5  13   0 -19.85  -49.35  0.49E-10
1972   5  13   0 -19.80  -49.35  0.57E-10
1972   5  13   0 -19.75  -49.35  0.18E-10
1972   5  13   0 -19.70  -49.35  0.83E-12
1972   5  13   0 -19.65  -49.35  0.18E-12
1972   5  13   0 -19.95  -49.30  0.47E-12
1972   5  13   0 -19.90  -49.30  0.42E-11
1972   5  13   0 -19.85  -49.30  0.17E-10
1972   5  13   0 -19.80  -49.30  0.23E-10
1972   5  13   0 -19.75  -49.30  0.71E-11
1972   5  13   0 -19.95  -49.25  0.20E-12
1972   5  13   0 -19.90  -49.25  0.17E-11
1972   5  13   0 -19.85  -49.25  0.50E-11
1972   5  13   0 -19.80  -49.25  0.53E-11
1972   5  13   0 -19.75  -49.25  0.13E-11
1972   5  13   0 -19.90  -49.20  0.23E-12
1972   5  13   0 -19.85  -49.20  0.93E-12
1972   5  13   0 -19.80  -49.20  0.40E-12
1972   5  13   0 -19.75  -49.20  0.18E-12
1972   5  13   0 -19.80  -49.15  0.51E-13
