YEAR  MO  DA  HR    LAT     LON Rn2200100
1978   5  14  12 -21.05  -48.60  0.51E-13
1978   5  14  12 -21.00  -48.60  0.10E-12
1978   5  14  12 -20.95  -48.60  0.13E-12
1978   5  14  12 -20.90  -48.60  0.13E-12
1978   5  14  12 -20.85  -48.60  0.41E-12
1978   5  14  12 -20.80  -48.60  0.25E-12
1978   5  14  12 -20.75  -48.60  0.76E-13
1978   5  14  12 -21.25  -48.55  0.25E-13
1978   5  14  12 -21.20  -48.55  0.18E-12
1978   5  14  12 -21.15  -48.55  0.20E-12
1978   5  14  12 -21.10  -48.55  0.56E-12
1978   5  14  12 -21.05  -48.55  0.99E-12
1978   5  14  12 -21.00  -48.55  0.19E-11
1978   5  14  12 -20.95  -48.55  0.24E-11
1978   5  14  12 -20.90  -48.55  0.34E-11
1978   5  14  12 -20.85  -48.55  0.52E-11
1978   5  14  12 -20.80  -48.55  0.51E-11
1978   5  14  12 -20.75  -48.55  0.16E-11
1978   5  14  12 -20.70  -48.55  0.31E-12
1978   5  14  12 -21.45  -48.50  0.25E-13
1978   5  14  12 -21.40  -48.50  0.10E-12
1978   5  14  12 -21.35  -48.50  0.15E-12
1978   5  14  12 -21.30  -48.50  0.33E-12
1978   5  14  12 -21.25  -48.50  0.48E-12
1978   5  14  12 -21.20  -48.50  0.89E-12
1978   5  14  12 -21.15  -48.50  0.17E-11
1978   5  14  12 -21.10  -48.50  0.32E-11
1978   5  14  12 -21.05  -48.50  0.39E-11
1978   5  14  12 -21.00  -48.50  0.81E-11
1978   5  14  12 -20.95  -48.50  0.11E-10
1978   5  14  12 -20.90  -48.50  0.16E-10
1978   5  14  12 -20.85  -48.50  0.20E-10
1978   5  14  12 -20.80  -48.50  0.19E-10
1978   5  14  12 -20.75  -48.50  0.13E-10
1978   5  14  12 -20.70  -48.50  0.38E-11
1978   5  14  12 -20.65  -48.50  0.36E-12
1978   5  14  12 -21.50  -48.45  0.10E-12
1978   5  14  12 -21.45  -48.45  0.10E-12
1978   5  14  12 -21.40  -48.45  0.71E-12
1978   5  14  12 -21.35  -48.45  0.97E-12
1978   5  14  12 -21.30  -48.45  0.17E-11
1978   5  14  12 -21.25  -48.45  0.25E-11
1978   5  14  12 -21.20  -48.45  0.30E-11
1978   5  14  12 -21.15  -48.45  0.32E-11
1978   5  14  12 -21.10  -48.45  0.56E-11
1978   5  14  12 -21.05  -48.45  0.79E-11
1978   5  14  12 -21.00  -48.45  0.88E-11
1978   5  14  12 -20.95  -48.45  0.15E-10
1978   5  14  12 -20.90  -48.45  0.20E-10
1978   5  14  12 -20.85  -48.45  0.27E-10
1978   5  14  12 -20.80  -48.45  0.29E-10
1978   5  14  12 -20.75  -48.45  0.25E-10
1978   5  14  12 -20.70  -48.45  0.15E-10
1978   5  14  12 -20.65  -48.45  0.50E-11
1978   5  14  12 -20.60  -48.45  0.59E-12
1978   5  14  12 -21.65  -48.40  0.26E-13
1978   5  14  12 -21.60  -48.40  0.20E-12
1978   5  14  12 -21.55  -48.40  0.13E-12
1978   5  14  12 -21.50  -48.40  0.46E-12
1978   5  14  12 -21.45  -48.40  0.12E-11
1978   5  14  12 -21.40  -48.40  0.14E-11
1978   5  14  12 -21.35  -48.40  0.32E-11
1978   5  14  12 -21.30  -48.40  0.29E-11
1978   5  14  12 -21.25  -48.40  0.31E-11
1978   5  14  12 -21.20  -48.40  0.43E-11
1978   5  14  12 -21.15  -48.40  0.39E-11
1978   5  14  12 -21.10  -48.40  0.48E-11
1978   5  14  12 -21.05  -48.40  0.59E-11
1978   5  14  12 -21.00  -48.40  0.86E-11
1978   5  14  12 -20.95  -48.40  0.92E-11
1978   5  14  12 -20.90  -48.40  0.15E-10
1978   5  14  12 -20.85  -48.40  0.20E-10
1978   5  14  12 -20.80  -48.40  0.28E-10
1978   5  14  12 -20.75  -48.40  0.30E-10
1978   5  14  12 -20.70  -48.40  0.28E-10
1978   5  14  12 -20.65  -48.40  0.19E-10
1978   5  14  12 -20.60  -48.40  0.70E-11
1978   5  14  12 -20.55  -48.40  0.11E-11
1978   5  14  12 -21.65  -48.35  0.20E-12
1978   5  14  12 -21.60  -48.35  0.59E-12
1978   5  14  12 -21.55  -48.35  0.97E-12
1978   5  14  12 -21.50  -48.35  0.14E-11
1978   5  14  12 -21.45  -48.35  0.19E-11
1978   5  14  12 -21.40  -48.35  0.27E-11
1978   5  14  12 -21.35  -48.35  0.28E-11
1978   5  14  12 -21.30  -48.35  0.35E-11
1978   5  14  12 -21.25  -48.35  0.35E-11
1978   5  14  12 -21.20  -48.35  0.36E-11
1978   5  14  12 -21.15  -48.35  0.39E-11
1978   5  14  12 -21.10  -48.35  0.39E-11
1978   5  14  12 -21.05  -48.35  0.49E-11
1978   5  14  12 -21.00  -48.35  0.48E-11
1978   5  14  12 -20.95  -48.35  0.76E-11
1978   5  14  12 -20.90  -48.35  0.88E-11
1978   5  14  12 -20.85  -48.35  0.13E-10
1978   5  14  12 -20.80  -48.35  0.19E-10
1978   5  14  12 -20.75  -48.35  0.26E-10
1978   5  14  12 -20.70  -48.35  0.30E-10
1978   5  14  12 -20.65  -48.35  0.31E-10
1978   5  14  12 -20.60  -48.35  0.24E-10
1978   5  14  12 -20.55  -48.35  0.10E-10
1978   5  14  12 -20.50  -48.35  0.19E-11
1978   5  14  12 -20.45  -48.35  0.78E-13
1978   5  14  12 -21.75  -48.30  0.13E-12
1978   5  14  12 -21.70  -48.30  0.18E-12
1978   5  14  12 -21.65  -48.30  0.36E-12
1978   5  14  12 -21.60  -48.30  0.72E-12
1978   5  14  12 -21.55  -48.30  0.14E-11
1978   5  14  12 -21.50  -48.30  0.16E-11
1978   5  14  12 -21.45  -48.30  0.24E-11
1978   5  14  12 -21.40  -48.30  0.24E-11
1978   5  14  12 -21.35  -48.30  0.26E-11
1978   5  14  12 -21.30  -48.30  0.31E-11
1978   5  14  12 -21.25  -48.30  0.33E-11
1978   5  14  12 -21.20  -48.30  0.33E-11
1978   5  14  12 -21.15  -48.30  0.32E-11
1978   5  14  12 -21.10  -48.30  0.35E-11
1978   5  14  12 -21.05  -48.30  0.32E-11
1978   5  14  12 -21.00  -48.30  0.42E-11
1978   5  14  12 -20.95  -48.30  0.43E-11
1978   5  14  12 -20.90  -48.30  0.57E-11
1978   5  14  12 -20.85  -48.30  0.81E-11
1978   5  14  12 -20.80  -48.30  0.96E-11
1978   5  14  12 -20.75  -48.30  0.17E-10
1978   5  14  12 -20.70  -48.30  0.23E-10
1978   5  14  12 -20.65  -48.30  0.31E-10
1978   5  14  12 -20.60  -48.30  0.33E-10
1978   5  14  12 -20.55  -48.30  0.28E-10
1978   5  14  12 -20.50  -48.30  0.15E-10
1978   5  14  12 -20.45  -48.30  0.35E-11
1978   5  14  12 -20.40  -48.30  0.16E-12
1978   5  14  12 -21.75  -48.25  0.20E-12
1978   5  14  12 -21.70  -48.25  0.41E-12
1978   5  14  12 -21.65  -48.25  0.51E-12
1978   5  14  12 -21.60  -48.25  0.14E-11
1978   5  14  12 -21.55  -48.25  0.11E-11
1978   5  14  12 -21.50  -48.25  0.14E-11
1978   5  14  12 -21.45  -48.25  0.19E-11
1978   5  14  12 -21.40  -48.25  0.21E-11
1978   5  14  12 -21.35  -48.25  0.21E-11
1978   5  14  12 -21.30  -48.25  0.21E-11
1978   5  14  12 -21.25  -48.25  0.23E-11
1978   5  14  12 -21.20  -48.25  0.31E-11
1978   5  14  12 -21.15  -48.25  0.28E-11
1978   5  14  12 -21.10  -48.25  0.22E-11
1978   5  14  12 -21.05  -48.25  0.26E-11
1978   5  14  12 -21.00  -48.25  0.26E-11
1978   5  14  12 -20.95  -48.25  0.34E-11
1978   5  14  12 -20.90  -48.25  0.32E-11
1978   5  14  12 -20.85  -48.25  0.38E-11
1978   5  14  12 -20.80  -48.25  0.60E-11
1978   5  14  12 -20.75  -48.25  0.79E-11
1978   5  14  12 -20.70  -48.25  0.13E-10
1978   5  14  12 -20.65  -48.25  0.19E-10
1978   5  14  12 -20.60  -48.25  0.28E-10
1978   5  14  12 -20.55  -48.25  0.33E-10
1978   5  14  12 -20.50  -48.25  0.33E-10
1978   5  14  12 -20.45  -48.25  0.22E-10
1978   5  14  12 -20.40  -48.25  0.62E-11
1978   5  14  12 -20.35  -48.25  0.55E-12
1978   5  14  12 -21.85  -48.20  0.26E-13
1978   5  14  12 -21.80  -48.20  0.20E-12
1978   5  14  12 -21.75  -48.20  0.28E-12
1978   5  14  12 -21.70  -48.20  0.95E-12
1978   5  14  12 -21.65  -48.20  0.59E-12
1978   5  14  12 -21.60  -48.20  0.10E-11
1978   5  14  12 -21.55  -48.20  0.17E-11
1978   5  14  12 -21.50  -48.20  0.87E-12
1978   5  14  12 -21.45  -48.20  0.82E-12
1978   5  14  12 -21.40  -48.20  0.14E-11
1978   5  14  12 -21.35  -48.20  0.14E-11
1978   5  14  12 -21.30  -48.20  0.14E-11
1978   5  14  12 -21.25  -48.20  0.11E-11
1978   5  14  12 -21.20  -48.20  0.17E-11
1978   5  14  12 -21.15  -48.20  0.21E-11
1978   5  14  12 -21.10  -48.20  0.22E-11
1978   5  14  12 -21.05  -48.20  0.19E-11
1978   5  14  12 -21.00  -48.20  0.19E-11
1978   5  14  12 -20.95  -48.20  0.19E-11
1978   5  14  12 -20.90  -48.20  0.18E-11
1978   5  14  12 -20.85  -48.20  0.23E-11
1978   5  14  12 -20.80  -48.20  0.24E-11
1978   5  14  12 -20.75  -48.20  0.31E-11
1978   5  14  12 -20.70  -48.20  0.47E-11
1978   5  14  12 -20.65  -48.20  0.74E-11
1978   5  14  12 -20.60  -48.20  0.13E-10
1978   5  14  12 -20.55  -48.20  0.21E-10
1978   5  14  12 -20.50  -48.20  0.30E-10
1978   5  14  12 -20.45  -48.20  0.35E-10
1978   5  14  12 -20.40  -48.20  0.29E-10
1978   5  14  12 -20.35  -48.20  0.11E-10
1978   5  14  12 -20.30  -48.20  0.13E-11
1978   5  14  12 -21.90  -48.15  0.51E-13
1978   5  14  12 -21.85  -48.15  0.26E-13
1978   5  14  12 -21.80  -48.15  0.15E-12
1978   5  14  12 -21.75  -48.15  0.43E-12
1978   5  14  12 -21.70  -48.15  0.56E-12
1978   5  14  12 -21.65  -48.15  0.56E-12
1978   5  14  12 -21.60  -48.15  0.41E-12
1978   5  14  12 -21.55  -48.15  0.75E-12
1978   5  14  12 -21.50  -48.15  0.14E-11
1978   5  14  12 -21.45  -48.15  0.80E-12
1978   5  14  12 -21.40  -48.15  0.57E-12
1978   5  14  12 -21.35  -48.15  0.83E-12
1978   5  14  12 -21.30  -48.15  0.54E-12
1978   5  14  12 -21.25  -48.15  0.62E-12
1978   5  14  12 -21.20  -48.15  0.49E-12
1978   5  14  12 -21.15  -48.15  0.91E-12
1978   5  14  12 -21.10  -48.15  0.13E-11
1978   5  14  12 -21.05  -48.15  0.13E-11
1978   5  14  12 -21.00  -48.15  0.91E-12
1978   5  14  12 -20.95  -48.15  0.14E-11
1978   5  14  12 -20.90  -48.15  0.11E-11
1978   5  14  12 -20.85  -48.15  0.63E-12
1978   5  14  12 -20.80  -48.15  0.12E-11
1978   5  14  12 -20.75  -48.15  0.58E-12
1978   5  14  12 -20.70  -48.15  0.84E-12
1978   5  14  12 -20.65  -48.15  0.15E-11
1978   5  14  12 -20.60  -48.15  0.31E-11
1978   5  14  12 -20.55  -48.15  0.61E-11
1978   5  14  12 -20.50  -48.15  0.13E-10
1978   5  14  12 -20.45  -48.15  0.22E-10
1978   5  14  12 -20.40  -48.15  0.33E-10
1978   5  14  12 -20.35  -48.15  0.35E-10
1978   5  14  12 -20.30  -48.15  0.17E-10
1978   5  14  12 -20.25  -48.15  0.27E-11
1978   5  14  12 -21.85  -48.10  0.18E-12
1978   5  14  12 -21.80  -48.10  0.36E-12
1978   5  14  12 -21.75  -48.10  0.41E-12
1978   5  14  12 -21.70  -48.10  0.33E-12
1978   5  14  12 -21.65  -48.10  0.28E-12
1978   5  14  12 -21.60  -48.10  0.26E-12
1978   5  14  12 -21.55  -48.10  0.18E-12
1978   5  14  12 -21.50  -48.10  0.34E-12
1978   5  14  12 -21.45  -48.10  0.70E-12
1978   5  14  12 -21.40  -48.10  0.47E-12
1978   5  14  12 -21.35  -48.10  0.26E-12
1978   5  14  12 -21.30  -48.10  0.23E-12
1978   5  14  12 -21.25  -48.10  0.13E-12
1978   5  14  12 -21.20  -48.10  0.16E-12
1978   5  14  12 -21.15  -48.10  0.29E-12
1978   5  14  12 -21.10  -48.10  0.34E-12
1978   5  14  12 -21.05  -48.10  0.60E-12
1978   5  14  12 -21.00  -48.10  0.63E-12
1978   5  14  12 -20.95  -48.10  0.10E-12
1978   5  14  12 -20.90  -48.10  0.34E-12
1978   5  14  12 -20.85  -48.10  0.34E-12
1978   5  14  12 -20.80  -48.10  0.26E-13
1978   5  14  12 -20.75  -48.10  0.16E-12
1978   5  14  12 -20.70  -48.10  0.13E-12
1978   5  14  12 -20.65  -48.10  0.13E-12
1978   5  14  12 -20.60  -48.10  0.26E-12
1978   5  14  12 -20.55  -48.10  0.10E-11
1978   5  14  12 -20.50  -48.10  0.19E-11
1978   5  14  12 -20.45  -48.10  0.51E-11
1978   5  14  12 -20.40  -48.10  0.13E-10
1978   5  14  12 -20.35  -48.10  0.23E-10
1978   5  14  12 -20.30  -48.10  0.35E-10
1978   5  14  12 -20.25  -48.10  0.27E-10
1978   5  14  12 -20.20  -48.10  0.63E-11
1978   5  14  12 -22.10  -48.05  0.26E-13
1978   5  14  12 -21.90  -48.05  0.15E-12
1978   5  14  12 -21.85  -48.05  0.26E-13
1978   5  14  12 -21.80  -48.05  0.10E-12
1978   5  14  12 -21.75  -48.05  0.36E-12
1978   5  14  12 -21.70  -48.05  0.44E-12
1978   5  14  12 -21.60  -48.05  0.77E-13
1978   5  14  12 -21.55  -48.05  0.16E-12
1978   5  14  12 -21.50  -48.05  0.10E-12
1978   5  14  12 -21.45  -48.05  0.52E-13
1978   5  14  12 -21.40  -48.05  0.13E-12
1978   5  14  12 -21.35  -48.05  0.26E-13
1978   5  14  12 -21.25  -48.05  0.26E-13
1978   5  14  12 -21.15  -48.05  0.26E-13
1978   5  14  12 -21.10  -48.05  0.13E-12
1978   5  14  12 -21.05  -48.05  0.26E-13
1978   5  14  12 -21.00  -48.05  0.26E-13
1978   5  14  12 -20.95  -48.05  0.10E-12
1978   5  14  12 -20.60  -48.05  0.79E-13
1978   5  14  12 -20.55  -48.05  0.53E-13
1978   5  14  12 -20.50  -48.05  0.89E-13
1978   5  14  12 -20.45  -48.05  0.50E-12
1978   5  14  12 -20.40  -48.05  0.16E-11
1978   5  14  12 -20.35  -48.05  0.45E-11
1978   5  14  12 -20.30  -48.05  0.13E-10
1978   5  14  12 -20.25  -48.05  0.28E-10
1978   5  14  12 -20.20  -48.05  0.41E-10
1978   5  14  12 -20.15  -48.05  0.19E-10
1978   5  14  12 -20.10  -48.05  0.32E-12
1978   5  14  12 -21.95  -48.00  0.51E-13
1978   5  14  12 -21.90  -48.00  0.77E-13
1978   5  14  12 -21.85  -48.00  0.13E-12
1978   5  14  12 -21.70  -48.00  0.13E-12
1978   5  14  12 -21.65  -48.00  0.77E-13
1978   5  14  12 -20.35  -48.00  0.53E-13
1978   5  14  12 -20.30  -48.00  0.56E-12
1978   5  14  12 -20.25  -48.00  0.23E-11
1978   5  14  12 -20.20  -48.00  0.14E-10
1978   5  14  12 -20.15  -48.00  0.52E-10
1978   5  14  12 -20.10  -48.00  0.79E-10
1978   5  14  12 -20.05  -48.00  0.29E-11
1978   5  14  12 -22.00  -47.95  0.26E-13
1978   5  14  12 -21.85  -47.95  0.10E-12
1978   5  14  12 -21.65  -47.95  0.52E-13
1978   5  14  12 -20.20  -47.95  0.54E-13
1978   5  14  12 -20.15  -47.95  0.12E-11
1978   5  14  12 -20.10  -47.95  0.20E-10
1978   5  14  12 -20.05  -47.95  0.24E-09
1978   5  14  12 -20.00  -47.90  0.10E-08
1978   5  15   0 -22.60  -48.90  0.39E-13
1978   5  15   0 -22.60  -48.85  0.79E-13
1978   5  15   0 -22.40  -48.85  0.40E-13
1978   5  15   0 -22.70  -48.75  0.12E-12
1978   5  15   0 -22.25  -48.75  0.40E-13
1978   5  15   0 -22.20  -48.75  0.39E-13
1978   5  15   0 -22.10  -48.75  0.39E-13
1978   5  15   0 -22.00  -48.75  0.39E-13
1978   5  15   0 -21.35  -48.75  0.99E-13
1978   5  15   0 -21.30  -48.75  0.12E-12
1978   5  15   0 -21.25  -48.75  0.12E-12
1978   5  15   0 -21.20  -48.75  0.75E-13
1978   5  15   0 -21.15  -48.75  0.99E-13
1978   5  15   0 -21.10  -48.75  0.15E-12
1978   5  15   0 -21.05  -48.75  0.75E-13
1978   5  15   0 -21.00  -48.75  0.50E-13
1978   5  15   0 -22.60  -48.70  0.39E-13
1978   5  15   0 -22.55  -48.70  0.79E-13
1978   5  15   0 -22.40  -48.70  0.40E-13
1978   5  15   0 -22.05  -48.70  0.39E-13
1978   5  15   0 -22.00  -48.70  0.39E-13
1978   5  15   0 -21.75  -48.70  0.12E-12
1978   5  15   0 -21.70  -48.70  0.49E-13
1978   5  15   0 -21.55  -48.70  0.99E-13
1978   5  15   0 -21.50  -48.70  0.15E-12
1978   5  15   0 -21.45  -48.70  0.20E-12
1978   5  15   0 -21.40  -48.70  0.42E-12
1978   5  15   0 -21.35  -48.70  0.62E-12
1978   5  15   0 -21.30  -48.70  0.50E-12
1978   5  15   0 -21.25  -48.70  0.47E-12
1978   5  15   0 -21.20  -48.70  0.85E-12
1978   5  15   0 -21.15  -48.70  0.90E-12
1978   5  15   0 -21.10  -48.70  0.62E-12
1978   5  15   0 -21.05  -48.70  0.78E-12
1978   5  15   0 -21.00  -48.70  0.73E-12
1978   5  15   0 -20.95  -48.70  0.25E-12
1978   5  15   0 -20.90  -48.70  0.25E-13
1978   5  15   0 -23.10  -48.65  0.39E-13
1978   5  15   0 -22.80  -48.65  0.39E-13
1978   5  15   0 -22.65  -48.65  0.40E-13
1978   5  15   0 -22.60  -48.65  0.40E-13
1978   5  15   0 -22.50  -48.65  0.79E-13
1978   5  15   0 -22.20  -48.65  0.40E-13
1978   5  15   0 -21.85  -48.65  0.74E-13
1978   5  15   0 -21.80  -48.65  0.25E-13
1978   5  15   0 -21.75  -48.65  0.12E-12
1978   5  15   0 -21.70  -48.65  0.98E-13
1978   5  15   0 -21.65  -48.65  0.30E-12
1978   5  15   0 -21.60  -48.65  0.32E-12
1978   5  15   0 -21.55  -48.65  0.45E-12
1978   5  15   0 -21.50  -48.65  0.62E-12
1978   5  15   0 -21.45  -48.65  0.45E-12
1978   5  15   0 -21.40  -48.65  0.10E-11
1978   5  15   0 -21.35  -48.65  0.17E-11
1978   5  15   0 -21.30  -48.65  0.24E-11
1978   5  15   0 -21.25  -48.65  0.23E-11
1978   5  15   0 -21.20  -48.65  0.38E-11
1978   5  15   0 -21.15  -48.65  0.38E-11
1978   5  15   0 -21.10  -48.65  0.46E-11
1978   5  15   0 -21.05  -48.65  0.44E-11
1978   5  15   0 -21.00  -48.65  0.35E-11
1978   5  15   0 -20.95  -48.65  0.26E-11
1978   5  15   0 -20.90  -48.65  0.14E-11
1978   5  15   0 -20.85  -48.65  0.25E-12
1978   5  15   0 -20.80  -48.65  0.76E-13
1978   5  15   0 -23.05  -48.60  0.39E-13
1978   5  15   0 -23.00  -48.60  0.39E-13
1978   5  15   0 -22.85  -48.60  0.79E-13
1978   5  15   0 -22.75  -48.60  0.40E-13
1978   5  15   0 -22.70  -48.60  0.80E-13
1978   5  15   0 -22.55  -48.60  0.12E-12
1978   5  15   0 -22.50  -48.60  0.80E-13
1978   5  15   0 -22.45  -48.60  0.40E-13
1978   5  15   0 -22.35  -48.60  0.40E-13
1978   5  15   0 -22.30  -48.60  0.40E-13
1978   5  15   0 -22.25  -48.60  0.25E-13
1978   5  15   0 -22.15  -48.60  0.24E-13
1978   5  15   0 -22.10  -48.60  0.12E-12
1978   5  15   0 -22.05  -48.60  0.24E-13
1978   5  15   0 -22.00  -48.60  0.49E-13
1978   5  15   0 -21.95  -48.60  0.80E-13
1978   5  15   0 -21.90  -48.60  0.37E-12
1978   5  15   0 -21.85  -48.60  0.21E-12
1978   5  15   0 -21.80  -48.60  0.35E-12
1978   5  15   0 -21.75  -48.60  0.81E-12
1978   5  15   0 -21.70  -48.60  0.86E-12
1978   5  15   0 -21.65  -48.60  0.49E-12
1978   5  15   0 -21.60  -48.60  0.91E-12
1978   5  15   0 -21.55  -48.60  0.19E-11
1978   5  15   0 -21.50  -48.60  0.21E-11
1978   5  15   0 -21.45  -48.60  0.21E-11
1978   5  15   0 -21.40  -48.60  0.29E-11
1978   5  15   0 -21.35  -48.60  0.34E-11
1978   5  15   0 -21.30  -48.60  0.40E-11
1978   5  15   0 -21.25  -48.60  0.54E-11
1978   5  15   0 -21.20  -48.60  0.68E-11
1978   5  15   0 -21.15  -48.60  0.82E-11
1978   5  15   0 -21.10  -48.60  0.96E-11
1978   5  15   0 -21.05  -48.60  0.12E-10
1978   5  15   0 -21.00  -48.60  0.12E-10
1978   5  15   0 -20.95  -48.60  0.11E-10
1978   5  15   0 -20.90  -48.60  0.84E-11
1978   5  15   0 -20.85  -48.60  0.49E-11
1978   5  15   0 -20.80  -48.60  0.10E-11
1978   5  15   0 -20.75  -48.60  0.10E-12
1978   5  15   0 -22.95  -48.55  0.39E-13
1978   5  15   0 -22.55  -48.55  0.39E-13
1978   5  15   0 -22.50  -48.55  0.12E-12
1978   5  15   0 -22.45  -48.55  0.80E-13
1978   5  15   0 -22.40  -48.55  0.16E-12
1978   5  15   0 -22.30  -48.55  0.10E-12
1978   5  15   0 -22.25  -48.55  0.40E-13
1978   5  15   0 -22.20  -48.55  0.11E-12
1978   5  15   0 -22.15  -48.55  0.90E-13
1978   5  15   0 -22.10  -48.55  0.25E-12
1978   5  15   0 -22.05  -48.55  0.15E-12
1978   5  15   0 -22.00  -48.55  0.46E-12
1978   5  15   0 -21.95  -48.55  0.36E-12
1978   5  15   0 -21.90  -48.55  0.58E-12
1978   5  15   0 -21.85  -48.55  0.53E-12
1978   5  15   0 -21.80  -48.55  0.90E-12
1978   5  15   0 -21.75  -48.55  0.12E-11
1978   5  15   0 -21.70  -48.55  0.16E-11
1978   5  15   0 -21.65  -48.55  0.21E-11
1978   5  15   0 -21.60  -48.55  0.13E-11
1978   5  15   0 -21.55  -48.55  0.20E-11
1978   5  15   0 -21.50  -48.55  0.27E-11
1978   5  15   0 -21.45  -48.55  0.43E-11
1978   5  15   0 -21.40  -48.55  0.37E-11
1978   5  15   0 -21.35  -48.55  0.41E-11
1978   5  15   0 -21.30  -48.55  0.44E-11
1978   5  15   0 -21.25  -48.55  0.55E-11
1978   5  15   0 -21.20  -48.55  0.59E-11
1978   5  15   0 -21.15  -48.55  0.70E-11
1978   5  15   0 -21.10  -48.55  0.89E-11
1978   5  15   0 -21.05  -48.55  0.12E-10
1978   5  15   0 -21.00  -48.55  0.16E-10
1978   5  15   0 -20.95  -48.55  0.17E-10
1978   5  15   0 -20.90  -48.55  0.17E-10
1978   5  15   0 -20.85  -48.55  0.12E-10
1978   5  15   0 -20.80  -48.55  0.52E-11
1978   5  15   0 -20.75  -48.55  0.11E-11
1978   5  15   0 -22.90  -48.50  0.40E-13
1978   5  15   0 -22.75  -48.50  0.39E-13
1978   5  15   0 -22.70  -48.50  0.79E-13
1978   5  15   0 -22.60  -48.50  0.39E-13
1978   5  15   0 -22.55  -48.50  0.79E-13
1978   5  15   0 -22.45  -48.50  0.40E-13
1978   5  15   0 -22.40  -48.50  0.80E-13
1978   5  15   0 -22.35  -48.50  0.40E-13
1978   5  15   0 -22.30  -48.50  0.65E-13
1978   5  15   0 -22.25  -48.50  0.11E-12
1978   5  15   0 -22.20  -48.50  0.37E-12
1978   5  15   0 -22.15  -48.50  0.49E-13
1978   5  15   0 -22.10  -48.50  0.22E-12
1978   5  15   0 -22.05  -48.50  0.36E-12
1978   5  15   0 -22.00  -48.50  0.72E-12
1978   5  15   0 -21.95  -48.50  0.89E-12
1978   5  15   0 -21.90  -48.50  0.98E-12
1978   5  15   0 -21.85  -48.50  0.94E-12
1978   5  15   0 -21.80  -48.50  0.19E-11
1978   5  15   0 -21.75  -48.50  0.18E-11
1978   5  15   0 -21.70  -48.50  0.20E-11
1978   5  15   0 -21.65  -48.50  0.24E-11
1978   5  15   0 -21.60  -48.50  0.25E-11
1978   5  15   0 -21.55  -48.50  0.23E-11
1978   5  15   0 -21.50  -48.50  0.31E-11
1978   5  15   0 -21.45  -48.50  0.37E-11
1978   5  15   0 -21.40  -48.50  0.33E-11
1978   5  15   0 -21.35  -48.50  0.36E-11
1978   5  15   0 -21.30  -48.50  0.32E-11
1978   5  15   0 -21.25  -48.50  0.31E-11
1978   5  15   0 -21.20  -48.50  0.30E-11
1978   5  15   0 -21.15  -48.50  0.41E-11
1978   5  15   0 -21.10  -48.50  0.47E-11
1978   5  15   0 -21.05  -48.50  0.52E-11
1978   5  15   0 -21.00  -48.50  0.75E-11
1978   5  15   0 -20.95  -48.50  0.85E-11
1978   5  15   0 -20.90  -48.50  0.10E-10
1978   5  15   0 -20.85  -48.50  0.72E-11
1978   5  15   0 -20.80  -48.50  0.25E-11
1978   5  15   0 -20.75  -48.50  0.38E-12
1978   5  15   0 -23.35  -48.45  0.79E-13
1978   5  15   0 -22.95  -48.45  0.79E-13
1978   5  15   0 -22.85  -48.45  0.40E-13
1978   5  15   0 -22.70  -48.45  0.12E-12
1978   5  15   0 -22.65  -48.45  0.16E-12
1978   5  15   0 -22.55  -48.45  0.79E-13
1978   5  15   0 -22.50  -48.45  0.79E-13
1978   5  15   0 -22.45  -48.45  0.26E-12
1978   5  15   0 -22.40  -48.45  0.80E-13
1978   5  15   0 -22.35  -48.45  0.37E-12
1978   5  15   0 -22.30  -48.45  0.53E-12
1978   5  15   0 -22.25  -48.45  0.35E-12
1978   5  15   0 -22.20  -48.45  0.38E-12
1978   5  15   0 -22.15  -48.45  0.36E-12
1978   5  15   0 -22.10  -48.45  0.52E-12
1978   5  15   0 -22.05  -48.45  0.12E-11
1978   5  15   0 -22.00  -48.45  0.14E-11
1978   5  15   0 -21.95  -48.45  0.10E-11
1978   5  15   0 -21.90  -48.45  0.14E-11
1978   5  15   0 -21.85  -48.45  0.14E-11
1978   5  15   0 -21.80  -48.45  0.17E-11
1978   5  15   0 -21.75  -48.45  0.18E-11
1978   5  15   0 -21.70  -48.45  0.25E-11
1978   5  15   0 -21.65  -48.45  0.28E-11
1978   5  15   0 -21.60  -48.45  0.26E-11
1978   5  15   0 -21.55  -48.45  0.26E-11
1978   5  15   0 -21.50  -48.45  0.27E-11
1978   5  15   0 -21.45  -48.45  0.24E-11
1978   5  15   0 -21.40  -48.45  0.25E-11
1978   5  15   0 -21.35  -48.45  0.25E-11
1978   5  15   0 -21.30  -48.45  0.18E-11
1978   5  15   0 -21.25  -48.45  0.18E-11
1978   5  15   0 -21.20  -48.45  0.14E-11
1978   5  15   0 -21.15  -48.45  0.12E-11
1978   5  15   0 -21.10  -48.45  0.11E-11
1978   5  15   0 -21.05  -48.45  0.96E-12
1978   5  15   0 -21.00  -48.45  0.79E-12
1978   5  15   0 -20.95  -48.45  0.89E-12
1978   5  15   0 -20.90  -48.45  0.13E-11
1978   5  15   0 -20.85  -48.45  0.96E-12
1978   5  15   0 -20.80  -48.45  0.30E-12
1978   5  15   0 -23.15  -48.40  0.40E-13
1978   5  15   0 -23.10  -48.40  0.80E-13
1978   5  15   0 -23.00  -48.40  0.79E-13
1978   5  15   0 -22.95  -48.40  0.40E-13
1978   5  15   0 -22.85  -48.40  0.40E-13
1978   5  15   0 -22.75  -48.40  0.39E-13
1978   5  15   0 -22.70  -48.40  0.79E-13
1978   5  15   0 -22.65  -48.40  0.79E-13
1978   5  15   0 -22.60  -48.40  0.20E-12
1978   5  15   0 -22.55  -48.40  0.24E-12
1978   5  15   0 -22.50  -48.40  0.25E-12
1978   5  15   0 -22.45  -48.40  0.26E-12
1978   5  15   0 -22.40  -48.40  0.64E-13
1978   5  15   0 -22.35  -48.40  0.17E-12
1978   5  15   0 -22.30  -48.40  0.55E-12
1978   5  15   0 -22.25  -48.40  0.41E-12
1978   5  15   0 -22.20  -48.40  0.87E-12
1978   5  15   0 -22.15  -48.40  0.63E-12
1978   5  15   0 -22.10  -48.40  0.11E-11
1978   5  15   0 -22.05  -48.40  0.68E-12
1978   5  15   0 -22.00  -48.40  0.12E-11
1978   5  15   0 -21.95  -48.40  0.12E-11
1978   5  15   0 -21.90  -48.40  0.14E-11
1978   5  15   0 -21.85  -48.40  0.14E-11
1978   5  15   0 -21.80  -48.40  0.14E-11
1978   5  15   0 -21.75  -48.40  0.19E-11
1978   5  15   0 -21.70  -48.40  0.20E-11
1978   5  15   0 -21.65  -48.40  0.23E-11
1978   5  15   0 -21.60  -48.40  0.20E-11
1978   5  15   0 -21.55  -48.40  0.20E-11
1978   5  15   0 -21.50  -48.40  0.20E-11
1978   5  15   0 -21.45  -48.40  0.16E-11
1978   5  15   0 -21.40  -48.40  0.14E-11
1978   5  15   0 -21.35  -48.40  0.61E-12
1978   5  15   0 -21.30  -48.40  0.56E-12
1978   5  15   0 -21.25  -48.40  0.58E-12
1978   5  15   0 -21.20  -48.40  0.18E-12
1978   5  15   0 -21.15  -48.40  0.18E-12
1978   5  15   0 -21.10  -48.40  0.51E-13
1978   5  15   0 -21.05  -48.40  0.25E-13
1978   5  15   0 -21.00  -48.40  0.15E-12
1978   5  15   0 -20.95  -48.40  0.51E-13
1978   5  15   0 -20.90  -48.40  0.51E-13
1978   5  15   0 -23.50  -48.35  0.39E-13
1978   5  15   0 -23.20  -48.35  0.39E-13
1978   5  15   0 -23.15  -48.35  0.40E-13
1978   5  15   0 -23.10  -48.35  0.40E-13
1978   5  15   0 -23.00  -48.35  0.39E-13
1978   5  15   0 -22.75  -48.35  0.13E-12
1978   5  15   0 -22.70  -48.35  0.24E-12
1978   5  15   0 -22.65  -48.35  0.12E-12
1978   5  15   0 -22.60  -48.35  0.80E-13
1978   5  15   0 -22.55  -48.35  0.27E-12
1978   5  15   0 -22.50  -48.35  0.39E-12
1978   5  15   0 -22.45  -48.35  0.33E-12
1978   5  15   0 -22.40  -48.35  0.36E-12
1978   5  15   0 -22.35  -48.35  0.67E-12
1978   5  15   0 -22.30  -48.35  0.33E-12
1978   5  15   0 -22.25  -48.35  0.82E-12
1978   5  15   0 -22.20  -48.35  0.48E-12
1978   5  15   0 -22.15  -48.35  0.12E-11
1978   5  15   0 -22.10  -48.35  0.11E-11
1978   5  15   0 -22.05  -48.35  0.12E-11
1978   5  15   0 -22.00  -48.35  0.15E-11
1978   5  15   0 -21.95  -48.35  0.26E-11
1978   5  15   0 -21.90  -48.35  0.18E-11
1978   5  15   0 -21.85  -48.35  0.14E-11
1978   5  15   0 -21.80  -48.35  0.18E-11
1978   5  15   0 -21.75  -48.35  0.18E-11
1978   5  15   0 -21.70  -48.35  0.16E-11
1978   5  15   0 -21.65  -48.35  0.14E-11
1978   5  15   0 -21.60  -48.35  0.14E-11
1978   5  15   0 -21.55  -48.35  0.11E-11
1978   5  15   0 -21.50  -48.35  0.10E-11
1978   5  15   0 -21.45  -48.35  0.58E-12
1978   5  15   0 -21.40  -48.35  0.31E-12
1978   5  15   0 -21.35  -48.35  0.23E-12
1978   5  15   0 -21.30  -48.35  0.51E-13
1978   5  15   0 -21.25  -48.35  0.25E-13
1978   5  15   0 -21.15  -48.35  0.25E-13
1978   5  15   0 -23.40  -48.30  0.12E-12
1978   5  15   0 -23.35  -48.30  0.40E-13
1978   5  15   0 -23.20  -48.30  0.40E-13
1978   5  15   0 -23.05  -48.30  0.80E-13
1978   5  15   0 -22.90  -48.30  0.12E-12
1978   5  15   0 -22.85  -48.30  0.12E-12
1978   5  15   0 -22.80  -48.30  0.24E-12
1978   5  15   0 -22.75  -48.30  0.24E-13
1978   5  15   0 -22.70  -48.30  0.20E-12
1978   5  15   0 -22.65  -48.30  0.21E-12
1978   5  15   0 -22.60  -48.30  0.20E-12
1978   5  15   0 -22.55  -48.30  0.25E-12
1978   5  15   0 -22.50  -48.30  0.31E-12
1978   5  15   0 -22.45  -48.30  0.46E-12
1978   5  15   0 -22.40  -48.30  0.67E-12
1978   5  15   0 -22.35  -48.30  0.62E-12
1978   5  15   0 -22.30  -48.30  0.64E-12
1978   5  15   0 -22.25  -48.30  0.10E-11
1978   5  15   0 -22.20  -48.30  0.12E-11
1978   5  15   0 -22.15  -48.30  0.13E-11
1978   5  15   0 -22.10  -48.30  0.12E-11
1978   5  15   0 -22.05  -48.30  0.11E-11
1978   5  15   0 -22.00  -48.30  0.12E-11
1978   5  15   0 -21.95  -48.30  0.13E-11
1978   5  15   0 -21.90  -48.30  0.13E-11
1978   5  15   0 -21.85  -48.30  0.17E-11
1978   5  15   0 -21.80  -48.30  0.19E-11
1978   5  15   0 -21.75  -48.30  0.14E-11
1978   5  15   0 -21.70  -48.30  0.11E-11
1978   5  15   0 -21.65  -48.30  0.14E-11
1978   5  15   0 -21.60  -48.30  0.76E-12
1978   5  15   0 -21.55  -48.30  0.65E-12
1978   5  15   0 -21.50  -48.30  0.69E-12
1978   5  15   0 -21.45  -48.30  0.31E-12
1978   5  15   0 -21.40  -48.30  0.13E-12
1978   5  15   0 -23.30  -48.25  0.12E-12
1978   5  15   0 -23.10  -48.25  0.39E-13
1978   5  15   0 -22.95  -48.25  0.39E-13
1978   5  15   0 -22.90  -48.25  0.11E-12
1978   5  15   0 -22.85  -48.25  0.40E-13
1978   5  15   0 -22.80  -48.25  0.16E-12
1978   5  15   0 -22.75  -48.25  0.20E-12
1978   5  15   0 -22.70  -48.25  0.25E-12
1978   5  15   0 -22.65  -48.25  0.24E-12
1978   5  15   0 -22.60  -48.25  0.27E-12
1978   5  15   0 -22.55  -48.25  0.50E-12
1978   5  15   0 -22.50  -48.25  0.39E-12
1978   5  15   0 -22.45  -48.25  0.49E-12
1978   5  15   0 -22.40  -48.25  0.53E-12
1978   5  15   0 -22.35  -48.25  0.12E-11
1978   5  15   0 -22.30  -48.25  0.95E-12
1978   5  15   0 -22.25  -48.25  0.93E-12
1978   5  15   0 -22.20  -48.25  0.78E-12
1978   5  15   0 -22.15  -48.25  0.12E-11
1978   5  15   0 -22.10  -48.25  0.10E-11
1978   5  15   0 -22.05  -48.25  0.17E-11
1978   5  15   0 -22.00  -48.25  0.16E-11
1978   5  15   0 -21.95  -48.25  0.10E-11
1978   5  15   0 -21.90  -48.25  0.88E-12
1978   5  15   0 -21.85  -48.25  0.92E-12
1978   5  15   0 -21.80  -48.25  0.13E-11
1978   5  15   0 -21.75  -48.25  0.16E-11
1978   5  15   0 -21.70  -48.25  0.13E-11
1978   5  15   0 -21.65  -48.25  0.68E-12
1978   5  15   0 -21.60  -48.25  0.56E-12
1978   5  15   0 -21.55  -48.25  0.10E-12
1978   5  15   0 -21.50  -48.25  0.50E-13
1978   5  15   0 -21.45  -48.25  0.51E-13
1978   5  15   0 -23.35  -48.20  0.39E-13
1978   5  15   0 -23.30  -48.20  0.79E-13
1978   5  15   0 -23.25  -48.20  0.40E-13
1978   5  15   0 -23.15  -48.20  0.40E-13
1978   5  15   0 -23.10  -48.20  0.12E-12
1978   5  15   0 -23.05  -48.20  0.81E-13
1978   5  15   0 -22.95  -48.20  0.64E-13
1978   5  15   0 -22.90  -48.20  0.12E-12
1978   5  15   0 -22.85  -48.20  0.64E-13
1978   5  15   0 -22.80  -48.20  0.14E-12
1978   5  15   0 -22.75  -48.20  0.79E-13
1978   5  15   0 -22.70  -48.20  0.31E-12
1978   5  15   0 -22.65  -48.20  0.52E-12
1978   5  15   0 -22.60  -48.20  0.60E-12
1978   5  15   0 -22.55  -48.20  0.65E-12
1978   5  15   0 -22.50  -48.20  0.58E-12
1978   5  15   0 -22.45  -48.20  0.55E-12
1978   5  15   0 -22.40  -48.20  0.58E-12
1978   5  15   0 -22.35  -48.20  0.59E-12
1978   5  15   0 -22.30  -48.20  0.12E-11
1978   5  15   0 -22.25  -48.20  0.83E-12
1978   5  15   0 -22.20  -48.20  0.79E-12
1978   5  15   0 -22.15  -48.20  0.83E-12
1978   5  15   0 -22.10  -48.20  0.15E-11
1978   5  15   0 -22.05  -48.20  0.64E-12
1978   5  15   0 -22.00  -48.20  0.89E-12
1978   5  15   0 -21.95  -48.20  0.66E-12
1978   5  15   0 -21.90  -48.20  0.77E-12
1978   5  15   0 -21.85  -48.20  0.67E-12
1978   5  15   0 -21.80  -48.20  0.80E-12
1978   5  15   0 -21.75  -48.20  0.59E-12
1978   5  15   0 -21.70  -48.20  0.34E-12
1978   5  15   0 -21.65  -48.20  0.28E-12
1978   5  15   0 -21.60  -48.20  0.10E-12
1978   5  15   0 -21.55  -48.20  0.12E-12
1978   5  15   0 -23.30  -48.15  0.40E-13
1978   5  15   0 -23.10  -48.15  0.39E-13
1978   5  15   0 -23.05  -48.15  0.40E-13
1978   5  15   0 -23.00  -48.15  0.16E-12
1978   5  15   0 -22.95  -48.15  0.81E-13
1978   5  15   0 -22.90  -48.15  0.49E-13
1978   5  15   0 -22.85  -48.15  0.18E-12
1978   5  15   0 -22.80  -48.15  0.39E-12
1978   5  15   0 -22.75  -48.15  0.41E-12
1978   5  15   0 -22.70  -48.15  0.37E-12
1978   5  15   0 -22.65  -48.15  0.35E-12
1978   5  15   0 -22.60  -48.15  0.30E-12
1978   5  15   0 -22.55  -48.15  0.46E-12
1978   5  15   0 -22.50  -48.15  0.48E-12
1978   5  15   0 -22.45  -48.15  0.86E-12
1978   5  15   0 -22.40  -48.15  0.83E-12
1978   5  15   0 -22.35  -48.15  0.97E-12
1978   5  15   0 -22.30  -48.15  0.87E-12
1978   5  15   0 -22.25  -48.15  0.82E-12
1978   5  15   0 -22.20  -48.15  0.14E-11
1978   5  15   0 -22.15  -48.15  0.63E-12
1978   5  15   0 -22.10  -48.15  0.90E-12
1978   5  15   0 -22.05  -48.15  0.94E-12
1978   5  15   0 -22.00  -48.15  0.54E-12
1978   5  15   0 -21.95  -48.15  0.70E-12
1978   5  15   0 -21.90  -48.15  0.69E-12
1978   5  15   0 -21.85  -48.15  0.83E-12
1978   5  15   0 -21.80  -48.15  0.43E-12
1978   5  15   0 -21.75  -48.15  0.28E-12
1978   5  15   0 -21.70  -48.15  0.23E-12
1978   5  15   0 -21.60  -48.15  0.73E-13
1978   5  15   0 -23.65  -48.10  0.40E-13
1978   5  15   0 -23.50  -48.10  0.39E-13
1978   5  15   0 -23.40  -48.10  0.40E-13
1978   5  15   0 -23.35  -48.10  0.40E-13
1978   5  15   0 -23.30  -48.10  0.12E-12
1978   5  15   0 -23.10  -48.10  0.39E-13
1978   5  15   0 -23.05  -48.10  0.10E-12
1978   5  15   0 -23.00  -48.10  0.64E-13
1978   5  15   0 -22.95  -48.10  0.11E-12
1978   5  15   0 -22.90  -48.10  0.20E-12
1978   5  15   0 -22.85  -48.10  0.27E-12
1978   5  15   0 -22.80  -48.10  0.42E-12
1978   5  15   0 -22.75  -48.10  0.43E-12
1978   5  15   0 -22.70  -48.10  0.50E-12
1978   5  15   0 -22.65  -48.10  0.62E-12
1978   5  15   0 -22.60  -48.10  0.80E-12
1978   5  15   0 -22.55  -48.10  0.77E-12
1978   5  15   0 -22.50  -48.10  0.92E-12
1978   5  15   0 -22.45  -48.10  0.68E-12
1978   5  15   0 -22.40  -48.10  0.11E-11
1978   5  15   0 -22.35  -48.10  0.11E-11
1978   5  15   0 -22.30  -48.10  0.11E-11
1978   5  15   0 -22.25  -48.10  0.68E-12
1978   5  15   0 -22.20  -48.10  0.88E-12
1978   5  15   0 -22.15  -48.10  0.93E-12
1978   5  15   0 -22.10  -48.10  0.60E-12
1978   5  15   0 -22.05  -48.10  0.78E-12
1978   5  15   0 -22.00  -48.10  0.71E-12
1978   5  15   0 -21.95  -48.10  0.51E-12
1978   5  15   0 -21.90  -48.10  0.26E-12
1978   5  15   0 -21.85  -48.10  0.29E-12
1978   5  15   0 -21.80  -48.10  0.15E-12
1978   5  15   0 -21.75  -48.10  0.27E-12
1978   5  15   0 -21.65  -48.10  0.24E-13
1978   5  15   0 -21.60  -48.10  0.40E-13
1978   5  15   0 -23.60  -48.05  0.40E-13
1978   5  15   0 -23.55  -48.05  0.40E-13
1978   5  15   0 -23.40  -48.05  0.40E-13
1978   5  15   0 -23.30  -48.05  0.81E-13
1978   5  15   0 -23.20  -48.05  0.24E-12
1978   5  15   0 -23.15  -48.05  0.15E-12
1978   5  15   0 -23.10  -48.05  0.20E-12
1978   5  15   0 -23.05  -48.05  0.89E-13
1978   5  15   0 -23.00  -48.05  0.80E-13
1978   5  15   0 -22.95  -48.05  0.13E-12
1978   5  15   0 -22.90  -48.05  0.38E-12
1978   5  15   0 -22.85  -48.05  0.34E-12
1978   5  15   0 -22.80  -48.05  0.74E-13
1978   5  15   0 -22.75  -48.05  0.29E-12
1978   5  15   0 -22.70  -48.05  0.91E-12
1978   5  15   0 -22.65  -48.05  0.50E-12
1978   5  15   0 -22.60  -48.05  0.11E-11
1978   5  15   0 -22.55  -48.05  0.77E-12
1978   5  15   0 -22.50  -48.05  0.12E-11
1978   5  15   0 -22.45  -48.05  0.13E-11
1978   5  15   0 -22.40  -48.05  0.93E-12
1978   5  15   0 -22.35  -48.05  0.78E-12
1978   5  15   0 -22.30  -48.05  0.81E-12
1978   5  15   0 -22.25  -48.05  0.73E-12
1978   5  15   0 -22.20  -48.05  0.64E-12
1978   5  15   0 -22.15  -48.05  0.69E-12
1978   5  15   0 -22.10  -48.05  0.99E-12
1978   5  15   0 -22.05  -48.05  0.56E-12
1978   5  15   0 -22.00  -48.05  0.38E-12
1978   5  15   0 -21.95  -48.05  0.21E-12
1978   5  15   0 -21.90  -48.05  0.21E-12
1978   5  15   0 -21.85  -48.05  0.13E-12
1978   5  15   0 -21.80  -48.05  0.40E-13
1978   5  15   0 -21.75  -48.05  0.17E-12
1978   5  15   0 -23.45  -48.00  0.40E-13
1978   5  15   0 -23.30  -48.00  0.40E-13
1978   5  15   0 -23.25  -48.00  0.40E-13
1978   5  15   0 -23.20  -48.00  0.41E-13
1978   5  15   0 -23.15  -48.00  0.25E-12
1978   5  15   0 -23.10  -48.00  0.12E-12
1978   5  15   0 -23.05  -48.00  0.14E-12
1978   5  15   0 -23.00  -48.00  0.28E-12
1978   5  15   0 -22.95  -48.00  0.20E-12
1978   5  15   0 -22.90  -48.00  0.15E-12
1978   5  15   0 -22.85  -48.00  0.28E-12
1978   5  15   0 -22.80  -48.00  0.46E-12
1978   5  15   0 -22.75  -48.00  0.79E-12
1978   5  15   0 -22.70  -48.00  0.10E-11
1978   5  15   0 -22.65  -48.00  0.42E-12
1978   5  15   0 -22.60  -48.00  0.78E-12
1978   5  15   0 -22.55  -48.00  0.98E-12
1978   5  15   0 -22.50  -48.00  0.13E-11
1978   5  15   0 -22.45  -48.00  0.92E-12
1978   5  15   0 -22.40  -48.00  0.79E-12
1978   5  15   0 -22.35  -48.00  0.79E-12
1978   5  15   0 -22.30  -48.00  0.72E-12
1978   5  15   0 -22.25  -48.00  0.97E-12
1978   5  15   0 -22.20  -48.00  0.81E-12
1978   5  15   0 -22.15  -48.00  0.47E-12
1978   5  15   0 -22.10  -48.00  0.34E-12
1978   5  15   0 -22.05  -48.00  0.31E-12
1978   5  15   0 -22.00  -48.00  0.37E-12
1978   5  15   0 -21.95  -48.00  0.15E-12
1978   5  15   0 -21.90  -48.00  0.33E-12
1978   5  15   0 -21.85  -48.00  0.51E-13
1978   5  15   0 -23.65  -47.95  0.40E-13
1978   5  15   0 -23.55  -47.95  0.40E-13
1978   5  15   0 -23.50  -47.95  0.80E-13
1978   5  15   0 -23.45  -47.95  0.12E-12
1978   5  15   0 -23.40  -47.95  0.40E-13
1978   5  15   0 -23.35  -47.95  0.12E-12
1978   5  15   0 -23.30  -47.95  0.81E-13
1978   5  15   0 -23.25  -47.95  0.80E-13
1978   5  15   0 -23.20  -47.95  0.64E-13
1978   5  15   0 -23.15  -47.95  0.15E-12
1978   5  15   0 -23.10  -47.95  0.19E-12
1978   5  15   0 -23.05  -47.95  0.37E-12
1978   5  15   0 -23.00  -47.95  0.28E-12
1978   5  15   0 -22.95  -47.95  0.58E-12
1978   5  15   0 -22.90  -47.95  0.24E-12
1978   5  15   0 -22.85  -47.95  0.51E-12
1978   5  15   0 -22.80  -47.95  0.54E-12
1978   5  15   0 -22.75  -47.95  0.79E-12
1978   5  15   0 -22.70  -47.95  0.89E-12
1978   5  15   0 -22.65  -47.95  0.82E-12
1978   5  15   0 -22.60  -47.95  0.11E-11
1978   5  15   0 -22.55  -47.95  0.12E-11
1978   5  15   0 -22.50  -47.95  0.91E-12
1978   5  15   0 -22.45  -47.95  0.80E-12
1978   5  15   0 -22.40  -47.95  0.11E-11
1978   5  15   0 -22.35  -47.95  0.99E-12
1978   5  15   0 -22.30  -47.95  0.60E-12
1978   5  15   0 -22.25  -47.95  0.28E-12
1978   5  15   0 -22.20  -47.95  0.38E-12
1978   5  15   0 -22.15  -47.95  0.36E-12
1978   5  15   0 -22.10  -47.95  0.73E-12
1978   5  15   0 -22.05  -47.95  0.12E-12
1978   5  15   0 -22.00  -47.95  0.16E-12
1978   5  15   0 -21.90  -47.95  0.40E-13
1978   5  15   0 -23.80  -47.90  0.79E-13
1978   5  15   0 -23.75  -47.90  0.39E-13
1978   5  15   0 -23.65  -47.90  0.80E-13
1978   5  15   0 -23.55  -47.90  0.40E-13
1978   5  15   0 -23.45  -47.90  0.39E-13
1978   5  15   0 -23.35  -47.90  0.12E-12
1978   5  15   0 -23.30  -47.90  0.40E-13
1978   5  15   0 -23.25  -47.90  0.40E-13
1978   5  15   0 -23.20  -47.90  0.28E-12
1978   5  15   0 -23.15  -47.90  0.21E-12
1978   5  15   0 -23.10  -47.90  0.36E-12
1978   5  15   0 -23.05  -47.90  0.19E-12
1978   5  15   0 -23.00  -47.90  0.43E-12
1978   5  15   0 -22.95  -47.90  0.74E-12
1978   5  15   0 -22.90  -47.90  0.35E-12
1978   5  15   0 -22.85  -47.90  0.67E-12
1978   5  15   0 -22.80  -47.90  0.82E-12
1978   5  15   0 -22.75  -47.90  0.11E-11
1978   5  15   0 -22.70  -47.90  0.99E-12
1978   5  15   0 -22.65  -47.90  0.12E-11
1978   5  15   0 -22.60  -47.90  0.13E-11
1978   5  15   0 -22.55  -47.90  0.10E-11
1978   5  15   0 -22.50  -47.90  0.96E-12
1978   5  15   0 -22.45  -47.90  0.85E-12
1978   5  15   0 -22.40  -47.90  0.67E-12
1978   5  15   0 -22.35  -47.90  0.42E-12
1978   5  15   0 -22.30  -47.90  0.32E-12
1978   5  15   0 -22.25  -47.90  0.25E-12
1978   5  15   0 -22.20  -47.90  0.30E-12
1978   5  15   0 -22.15  -47.90  0.12E-12
1978   5  15   0 -22.10  -47.90  0.18E-12
1978   5  15   0 -22.05  -47.90  0.79E-13
1978   5  15   0 -22.00  -47.90  0.40E-13
1978   5  15   0 -23.75  -47.85  0.40E-13
1978   5  15   0 -23.70  -47.85  0.40E-13
1978   5  15   0 -23.65  -47.85  0.40E-13
1978   5  15   0 -23.60  -47.85  0.40E-13
1978   5  15   0 -23.55  -47.85  0.12E-12
1978   5  15   0 -23.50  -47.85  0.81E-13
1978   5  15   0 -23.45  -47.85  0.40E-13
1978   5  15   0 -23.40  -47.85  0.80E-13
1978   5  15   0 -23.35  -47.85  0.80E-13
1978   5  15   0 -23.30  -47.85  0.12E-12
1978   5  15   0 -23.25  -47.85  0.18E-12
1978   5  15   0 -23.20  -47.85  0.15E-12
1978   5  15   0 -23.15  -47.85  0.26E-12
1978   5  15   0 -23.10  -47.85  0.38E-12
1978   5  15   0 -23.05  -47.85  0.56E-12
1978   5  15   0 -23.00  -47.85  0.52E-12
1978   5  15   0 -22.95  -47.85  0.49E-12
1978   5  15   0 -22.90  -47.85  0.21E-12
1978   5  15   0 -22.85  -47.85  0.67E-12
1978   5  15   0 -22.80  -47.85  0.72E-12
1978   5  15   0 -22.75  -47.85  0.84E-12
1978   5  15   0 -22.70  -47.85  0.84E-12
1978   5  15   0 -22.65  -47.85  0.12E-11
1978   5  15   0 -22.60  -47.85  0.83E-12
1978   5  15   0 -22.55  -47.85  0.13E-11
1978   5  15   0 -22.50  -47.85  0.84E-12
1978   5  15   0 -22.45  -47.85  0.86E-12
1978   5  15   0 -22.40  -47.85  0.59E-12
1978   5  15   0 -22.35  -47.85  0.22E-12
1978   5  15   0 -22.30  -47.85  0.20E-12
1978   5  15   0 -22.25  -47.85  0.12E-12
1978   5  15   0 -22.15  -47.85  0.79E-13
1978   5  15   0 -22.10  -47.85  0.80E-13
1978   5  15   0 -21.75  -47.85  0.40E-13
1978   5  15   0 -23.60  -47.80  0.40E-13
1978   5  15   0 -23.50  -47.80  0.41E-13
1978   5  15   0 -23.45  -47.80  0.80E-13
1978   5  15   0 -23.40  -47.80  0.12E-12
1978   5  15   0 -23.35  -47.80  0.81E-13
1978   5  15   0 -23.30  -47.80  0.23E-12
1978   5  15   0 -23.25  -47.80  0.10E-12
1978   5  15   0 -23.20  -47.80  0.23E-12
1978   5  15   0 -23.15  -47.80  0.46E-12
1978   5  15   0 -23.10  -47.80  0.38E-12
1978   5  15   0 -23.05  -47.80  0.39E-12
1978   5  15   0 -23.00  -47.80  0.50E-12
1978   5  15   0 -22.95  -47.80  0.49E-12
1978   5  15   0 -22.90  -47.80  0.11E-11
1978   5  15   0 -22.85  -47.80  0.83E-12
1978   5  15   0 -22.80  -47.80  0.59E-12
1978   5  15   0 -22.75  -47.80  0.94E-12
1978   5  15   0 -22.70  -47.80  0.11E-11
1978   5  15   0 -22.65  -47.80  0.87E-12
1978   5  15   0 -22.60  -47.80  0.33E-12
1978   5  15   0 -22.55  -47.80  0.70E-12
1978   5  15   0 -22.50  -47.80  0.27E-12
1978   5  15   0 -22.45  -47.80  0.19E-12
1978   5  15   0 -22.40  -47.80  0.20E-12
1978   5  15   0 -22.35  -47.80  0.10E-12
1978   5  15   0 -22.30  -47.80  0.16E-12
1978   5  15   0 -22.25  -47.80  0.79E-13
1978   5  15   0 -22.15  -47.80  0.16E-12
1978   5  15   0 -21.90  -47.80  0.40E-13
1978   5  15   0 -21.80  -47.80  0.40E-13
1978   5  15   0 -23.85  -47.75  0.40E-13
1978   5  15   0 -23.70  -47.75  0.40E-13
1978   5  15   0 -23.65  -47.75  0.80E-13
1978   5  15   0 -23.60  -47.75  0.12E-12
1978   5  15   0 -23.55  -47.75  0.40E-13
1978   5  15   0 -23.45  -47.75  0.16E-12
1978   5  15   0 -23.40  -47.75  0.14E-12
1978   5  15   0 -23.35  -47.75  0.81E-13
1978   5  15   0 -23.25  -47.75  0.19E-12
1978   5  15   0 -23.20  -47.75  0.33E-12
1978   5  15   0 -23.15  -47.75  0.33E-12
1978   5  15   0 -23.10  -47.75  0.22E-12
1978   5  15   0 -23.05  -47.75  0.41E-12
1978   5  15   0 -23.00  -47.75  0.74E-12
1978   5  15   0 -22.95  -47.75  0.73E-12
1978   5  15   0 -22.90  -47.75  0.83E-12
1978   5  15   0 -22.85  -47.75  0.84E-12
1978   5  15   0 -22.80  -47.75  0.14E-11
1978   5  15   0 -22.75  -47.75  0.89E-12
1978   5  15   0 -22.70  -47.75  0.76E-12
1978   5  15   0 -22.65  -47.75  0.88E-12
1978   5  15   0 -22.60  -47.75  0.66E-12
1978   5  15   0 -22.55  -47.75  0.18E-12
1978   5  15   0 -22.50  -47.75  0.10E-12
1978   5  15   0 -22.40  -47.75  0.16E-12
1978   5  15   0 -22.35  -47.75  0.20E-12
1978   5  15   0 -22.30  -47.75  0.79E-13
1978   5  15   0 -22.25  -47.75  0.79E-13
1978   5  15   0 -22.15  -47.75  0.39E-13
1978   5  15   0 -22.00  -47.75  0.40E-13
1978   5  15   0 -23.80  -47.70  0.40E-13
1978   5  15   0 -23.75  -47.70  0.40E-13
1978   5  15   0 -23.70  -47.70  0.40E-13
1978   5  15   0 -23.60  -47.70  0.40E-13
1978   5  15   0 -23.55  -47.70  0.40E-13
1978   5  15   0 -23.50  -47.70  0.28E-12
1978   5  15   0 -23.45  -47.70  0.13E-12
1978   5  15   0 -23.40  -47.70  0.39E-12
1978   5  15   0 -23.35  -47.70  0.19E-12
1978   5  15   0 -23.30  -47.70  0.16E-12
1978   5  15   0 -23.25  -47.70  0.22E-12
1978   5  15   0 -23.20  -47.70  0.52E-12
1978   5  15   0 -23.15  -47.70  0.63E-12
1978   5  15   0 -23.10  -47.70  0.46E-12
1978   5  15   0 -23.05  -47.70  0.77E-12
1978   5  15   0 -23.00  -47.70  0.92E-12
1978   5  15   0 -22.95  -47.70  0.86E-12
1978   5  15   0 -22.90  -47.70  0.84E-12
1978   5  15   0 -22.85  -47.70  0.86E-12
1978   5  15   0 -22.80  -47.70  0.80E-12
1978   5  15   0 -22.75  -47.70  0.38E-12
1978   5  15   0 -22.70  -47.70  0.50E-12
1978   5  15   0 -22.65  -47.70  0.28E-12
1978   5  15   0 -22.60  -47.70  0.13E-12
1978   5  15   0 -22.55  -47.70  0.65E-13
1978   5  15   0 -22.50  -47.70  0.39E-13
1978   5  15   0 -22.45  -47.70  0.79E-13
1978   5  15   0 -22.40  -47.70  0.39E-13
1978   5  15   0 -22.35  -47.70  0.80E-13
1978   5  15   0 -22.25  -47.70  0.80E-13
1978   5  15   0 -23.95  -47.65  0.40E-13
1978   5  15   0 -23.90  -47.65  0.40E-13
1978   5  15   0 -23.75  -47.65  0.80E-13
1978   5  15   0 -23.70  -47.65  0.79E-13
1978   5  15   0 -23.65  -47.65  0.16E-12
1978   5  15   0 -23.60  -47.65  0.79E-13
1978   5  15   0 -23.55  -47.65  0.12E-12
1978   5  15   0 -23.50  -47.65  0.12E-12
1978   5  15   0 -23.45  -47.65  0.26E-12
1978   5  15   0 -23.40  -47.65  0.22E-12
1978   5  15   0 -23.35  -47.65  0.21E-12
1978   5  15   0 -23.30  -47.65  0.48E-12
1978   5  15   0 -23.25  -47.65  0.57E-12
1978   5  15   0 -23.20  -47.65  0.50E-12
1978   5  15   0 -23.15  -47.65  0.69E-12
1978   5  15   0 -23.10  -47.65  0.81E-12
1978   5  15   0 -23.05  -47.65  0.10E-11
1978   5  15   0 -23.00  -47.65  0.12E-11
1978   5  15   0 -22.95  -47.65  0.11E-11
1978   5  15   0 -22.90  -47.65  0.80E-12
1978   5  15   0 -22.85  -47.65  0.89E-12
1978   5  15   0 -22.80  -47.65  0.38E-12
1978   5  15   0 -22.75  -47.65  0.28E-12
1978   5  15   0 -22.70  -47.65  0.39E-12
1978   5  15   0 -22.65  -47.65  0.39E-13
1978   5  15   0 -22.60  -47.65  0.49E-13
1978   5  15   0 -22.45  -47.65  0.12E-12
1978   5  15   0 -22.40  -47.65  0.79E-13
1978   5  15   0 -22.30  -47.65  0.40E-13
1978   5  15   0 -22.25  -47.65  0.79E-13
1978   5  15   0 -24.00  -47.60  0.79E-13
1978   5  15   0 -23.95  -47.60  0.40E-13
1978   5  15   0 -23.70  -47.60  0.40E-13
1978   5  15   0 -23.65  -47.60  0.20E-12
1978   5  15   0 -23.60  -47.60  0.79E-13
1978   5  15   0 -23.55  -47.60  0.32E-12
1978   5  15   0 -23.50  -47.60  0.20E-12
1978   5  15   0 -23.45  -47.60  0.20E-12
1978   5  15   0 -23.40  -47.60  0.12E-12
1978   5  15   0 -23.35  -47.60  0.58E-12
1978   5  15   0 -23.30  -47.60  0.53E-12
1978   5  15   0 -23.25  -47.60  0.49E-12
1978   5  15   0 -23.20  -47.60  0.73E-12
1978   5  15   0 -23.15  -47.60  0.89E-12
1978   5  15   0 -23.10  -47.60  0.77E-12
1978   5  15   0 -23.05  -47.60  0.11E-11
1978   5  15   0 -23.00  -47.60  0.12E-11
1978   5  15   0 -22.95  -47.60  0.95E-12
1978   5  15   0 -22.90  -47.60  0.50E-12
1978   5  15   0 -22.85  -47.60  0.38E-12
1978   5  15   0 -22.80  -47.60  0.17E-12
1978   5  15   0 -22.75  -47.60  0.15E-12
1978   5  15   0 -22.70  -47.60  0.65E-13
1978   5  15   0 -22.65  -47.60  0.79E-13
1978   5  15   0 -22.60  -47.60  0.64E-13
1978   5  15   0 -22.50  -47.60  0.16E-12
1978   5  15   0 -22.25  -47.60  0.39E-13
1978   5  15   0 -24.40  -47.55  0.40E-13
1978   5  15   0 -24.05  -47.55  0.40E-13
1978   5  15   0 -24.00  -47.55  0.39E-13
1978   5  15   0 -23.95  -47.55  0.40E-13
1978   5  15   0 -23.80  -47.55  0.80E-13
1978   5  15   0 -23.65  -47.55  0.24E-12
1978   5  15   0 -23.60  -47.55  0.36E-12
1978   5  15   0 -23.55  -47.55  0.24E-12
1978   5  15   0 -23.50  -47.55  0.20E-12
1978   5  15   0 -23.45  -47.55  0.20E-12
1978   5  15   0 -23.40  -47.55  0.34E-12
1978   5  15   0 -23.35  -47.55  0.45E-12
1978   5  15   0 -23.30  -47.55  0.44E-12
1978   5  15   0 -23.25  -47.55  0.30E-12
1978   5  15   0 -23.20  -47.55  0.54E-12
1978   5  15   0 -23.15  -47.55  0.92E-12
1978   5  15   0 -23.10  -47.55  0.90E-12
1978   5  15   0 -23.05  -47.55  0.11E-11
1978   5  15   0 -23.00  -47.55  0.37E-12
1978   5  15   0 -22.95  -47.55  0.23E-12
1978   5  15   0 -22.90  -47.55  0.27E-12
1978   5  15   0 -22.85  -47.55  0.29E-12
1978   5  15   0 -22.80  -47.55  0.49E-13
1978   5  15   0 -22.75  -47.55  0.17E-12
1978   5  15   0 -22.65  -47.55  0.12E-12
1978   5  15   0 -22.60  -47.55  0.16E-12
1978   5  15   0 -22.55  -47.55  0.79E-13
1978   5  15   0 -22.50  -47.55  0.40E-13
1978   5  15   0 -24.10  -47.50  0.40E-13
1978   5  15   0 -24.00  -47.50  0.12E-12
1978   5  15   0 -23.95  -47.50  0.80E-13
1978   5  15   0 -23.90  -47.50  0.40E-13
1978   5  15   0 -23.85  -47.50  0.40E-13
1978   5  15   0 -23.80  -47.50  0.16E-12
1978   5  15   0 -23.70  -47.50  0.28E-12
1978   5  15   0 -23.65  -47.50  0.16E-12
1978   5  15   0 -23.60  -47.50  0.18E-12
1978   5  15   0 -23.55  -47.50  0.16E-12
1978   5  15   0 -23.50  -47.50  0.51E-12
1978   5  15   0 -23.45  -47.50  0.32E-12
1978   5  15   0 -23.40  -47.50  0.33E-12
1978   5  15   0 -23.35  -47.50  0.36E-12
1978   5  15   0 -23.30  -47.50  0.93E-12
1978   5  15   0 -23.25  -47.50  0.69E-12
1978   5  15   0 -23.20  -47.50  0.11E-11
1978   5  15   0 -23.15  -47.50  0.10E-11
1978   5  15   0 -23.10  -47.50  0.73E-12
1978   5  15   0 -23.05  -47.50  0.58E-12
1978   5  15   0 -23.00  -47.50  0.58E-12
1978   5  15   0 -22.95  -47.50  0.14E-12
1978   5  15   0 -22.90  -47.50  0.15E-12
1978   5  15   0 -22.85  -47.50  0.18E-12
1978   5  15   0 -22.80  -47.50  0.40E-13
1978   5  15   0 -22.75  -47.50  0.40E-13
1978   5  15   0 -22.60  -47.50  0.16E-12
1978   5  15   0 -22.45  -47.50  0.40E-13
1978   5  15   0 -24.20  -47.45  0.79E-13
1978   5  15   0 -24.15  -47.45  0.80E-13
1978   5  15   0 -23.95  -47.45  0.40E-13
1978   5  15   0 -23.90  -47.45  0.40E-13
1978   5  15   0 -23.80  -47.45  0.12E-12
1978   5  15   0 -23.75  -47.45  0.12E-12
1978   5  15   0 -23.70  -47.45  0.24E-12
1978   5  15   0 -23.65  -47.45  0.16E-12
1978   5  15   0 -23.60  -47.45  0.28E-12
1978   5  15   0 -23.55  -47.45  0.28E-12
1978   5  15   0 -23.50  -47.45  0.37E-12
1978   5  15   0 -23.45  -47.45  0.51E-12
1978   5  15   0 -23.40  -47.45  0.66E-12
1978   5  15   0 -23.35  -47.45  0.44E-12
1978   5  15   0 -23.30  -47.45  0.56E-12
1978   5  15   0 -23.25  -47.45  0.67E-12
1978   5  15   0 -23.20  -47.45  0.84E-12
1978   5  15   0 -23.15  -47.45  0.58E-12
1978   5  15   0 -23.10  -47.45  0.70E-12
1978   5  15   0 -23.05  -47.45  0.17E-12
1978   5  15   0 -23.00  -47.45  0.21E-12
1978   5  15   0 -22.95  -47.45  0.15E-12
1978   5  15   0 -22.90  -47.45  0.15E-12
1978   5  15   0 -22.85  -47.45  0.24E-13
1978   5  15   0 -22.80  -47.45  0.16E-12
1978   5  15   0 -22.75  -47.45  0.40E-13
1978   5  15   0 -22.65  -47.45  0.79E-13
1978   5  15   0 -22.60  -47.45  0.39E-13
1978   5  15   0 -24.10  -47.40  0.40E-13
1978   5  15   0 -24.05  -47.40  0.40E-13
1978   5  15   0 -23.90  -47.40  0.12E-12
1978   5  15   0 -23.85  -47.40  0.12E-12
1978   5  15   0 -23.80  -47.40  0.32E-12
1978   5  15   0 -23.75  -47.40  0.16E-12
1978   5  15   0 -23.70  -47.40  0.32E-12
1978   5  15   0 -23.65  -47.40  0.32E-12
1978   5  15   0 -23.60  -47.40  0.36E-12
1978   5  15   0 -23.55  -47.40  0.23E-12
1978   5  15   0 -23.50  -47.40  0.63E-12
1978   5  15   0 -23.45  -47.40  0.49E-12
1978   5  15   0 -23.40  -47.40  0.10E-11
1978   5  15   0 -23.35  -47.40  0.91E-12
1978   5  15   0 -23.30  -47.40  0.66E-12
1978   5  15   0 -23.25  -47.40  0.84E-12
1978   5  15   0 -23.20  -47.40  0.57E-12
1978   5  15   0 -23.15  -47.40  0.42E-12
1978   5  15   0 -23.10  -47.40  0.33E-12
1978   5  15   0 -23.05  -47.40  0.22E-12
1978   5  15   0 -23.00  -47.40  0.65E-13
1978   5  15   0 -22.95  -47.40  0.98E-13
1978   5  15   0 -22.90  -47.40  0.11E-12
1978   5  15   0 -22.85  -47.40  0.40E-13
1978   5  15   0 -22.70  -47.40  0.40E-13
1978   5  15   0 -22.60  -47.40  0.39E-13
1978   5  15   0 -24.10  -47.35  0.80E-13
1978   5  15   0 -24.05  -47.35  0.39E-13
1978   5  15   0 -24.00  -47.35  0.40E-13
1978   5  15   0 -23.95  -47.35  0.80E-13
1978   5  15   0 -23.90  -47.35  0.12E-12
1978   5  15   0 -23.85  -47.35  0.12E-12
1978   5  15   0 -23.80  -47.35  0.24E-12
1978   5  15   0 -23.75  -47.35  0.28E-12
1978   5  15   0 -23.70  -47.35  0.16E-12
1978   5  15   0 -23.65  -47.35  0.16E-12
1978   5  15   0 -23.60  -47.35  0.40E-12
1978   5  15   0 -23.55  -47.35  0.36E-12
1978   5  15   0 -23.50  -47.35  0.47E-12
1978   5  15   0 -23.45  -47.35  0.59E-12
1978   5  15   0 -23.40  -47.35  0.99E-12
1978   5  15   0 -23.35  -47.35  0.58E-12
1978   5  15   0 -23.30  -47.35  0.47E-12
1978   5  15   0 -23.25  -47.35  0.55E-12
1978   5  15   0 -23.20  -47.35  0.44E-12
1978   5  15   0 -23.15  -47.35  0.61E-12
1978   5  15   0 -23.10  -47.35  0.26E-12
1978   5  15   0 -23.05  -47.35  0.14E-12
1978   5  15   0 -23.00  -47.35  0.40E-13
1978   5  15   0 -22.95  -47.35  0.19E-12
1978   5  15   0 -22.90  -47.35  0.25E-13
1978   5  15   0 -22.85  -47.35  0.40E-13
1978   5  15   0 -24.15  -47.30  0.40E-13
1978   5  15   0 -24.05  -47.30  0.40E-13
1978   5  15   0 -24.00  -47.30  0.40E-13
1978   5  15   0 -23.95  -47.30  0.40E-13
1978   5  15   0 -23.90  -47.30  0.36E-12
1978   5  15   0 -23.85  -47.30  0.80E-13
1978   5  15   0 -23.80  -47.30  0.20E-12
1978   5  15   0 -23.75  -47.30  0.32E-12
1978   5  15   0 -23.70  -47.30  0.56E-12
1978   5  15   0 -23.65  -47.30  0.44E-12
1978   5  15   0 -23.60  -47.30  0.27E-12
1978   5  15   0 -23.55  -47.30  0.49E-12
1978   5  15   0 -23.50  -47.30  0.54E-12
1978   5  15   0 -23.45  -47.30  0.63E-12
1978   5  15   0 -23.40  -47.30  0.39E-12
1978   5  15   0 -23.35  -47.30  0.46E-12
1978   5  15   0 -23.30  -47.30  0.60E-12
1978   5  15   0 -23.25  -47.30  0.30E-12
1978   5  15   0 -23.20  -47.30  0.16E-12
1978   5  15   0 -23.15  -47.30  0.22E-12
1978   5  15   0 -23.10  -47.30  0.16E-12
1978   5  15   0 -23.05  -47.30  0.14E-12
1978   5  15   0 -23.00  -47.30  0.11E-12
1978   5  15   0 -22.95  -47.30  0.25E-13
1978   5  15   0 -22.90  -47.30  0.14E-12
1978   5  15   0 -24.15  -47.25  0.40E-13
1978   5  15   0 -24.10  -47.25  0.79E-13
1978   5  15   0 -24.05  -47.25  0.16E-12
1978   5  15   0 -24.00  -47.25  0.24E-12
1978   5  15   0 -23.95  -47.25  0.16E-12
1978   5  15   0 -23.90  -47.25  0.24E-12
1978   5  15   0 -23.85  -47.25  0.40E-12
1978   5  15   0 -23.80  -47.25  0.24E-12
1978   5  15   0 -23.75  -47.25  0.36E-12
1978   5  15   0 -23.70  -47.25  0.40E-12
1978   5  15   0 -23.65  -47.25  0.48E-12
1978   5  15   0 -23.60  -47.25  0.80E-12
1978   5  15   0 -23.55  -47.25  0.46E-12
1978   5  15   0 -23.50  -47.25  0.61E-12
1978   5  15   0 -23.45  -47.25  0.38E-12
1978   5  15   0 -23.40  -47.25  0.58E-12
1978   5  15   0 -23.35  -47.25  0.44E-12
1978   5  15   0 -23.30  -47.25  0.21E-12
1978   5  15   0 -23.25  -47.25  0.32E-12
1978   5  15   0 -23.20  -47.25  0.13E-12
1978   5  15   0 -23.15  -47.25  0.81E-13
1978   5  15   0 -23.10  -47.25  0.40E-13
1978   5  15   0 -23.05  -47.25  0.12E-12
1978   5  15   0 -23.00  -47.25  0.40E-13
1978   5  15   0 -22.95  -47.25  0.90E-13
1978   5  15   0 -22.90  -47.25  0.40E-13
1978   5  15   0 -24.25  -47.20  0.40E-13
1978   5  15   0 -24.10  -47.20  0.80E-13
1978   5  15   0 -24.05  -47.20  0.80E-13
1978   5  15   0 -24.00  -47.20  0.40E-13
1978   5  15   0 -23.95  -47.20  0.12E-12
1978   5  15   0 -23.90  -47.20  0.20E-12
1978   5  15   0 -23.85  -47.20  0.20E-12
1978   5  15   0 -23.80  -47.20  0.28E-12
1978   5  15   0 -23.75  -47.20  0.44E-12
1978   5  15   0 -23.70  -47.20  0.52E-12
1978   5  15   0 -23.65  -47.20  0.48E-12
1978   5  15   0 -23.60  -47.20  0.47E-12
1978   5  15   0 -23.55  -47.20  0.40E-12
1978   5  15   0 -23.50  -47.20  0.39E-12
1978   5  15   0 -23.45  -47.20  0.65E-12
1978   5  15   0 -23.40  -47.20  0.22E-12
1978   5  15   0 -23.35  -47.20  0.37E-12
1978   5  15   0 -23.30  -47.20  0.23E-12
1978   5  15   0 -23.25  -47.20  0.65E-13
1978   5  15   0 -23.20  -47.20  0.80E-13
1978   5  15   0 -23.10  -47.20  0.40E-13
1978   5  15   0 -23.05  -47.20  0.25E-13
1978   5  15   0 -22.95  -47.20  0.41E-13
1978   5  15   0 -24.45  -47.15  0.40E-13
1978   5  15   0 -24.40  -47.15  0.80E-13
1978   5  15   0 -24.20  -47.15  0.40E-13
1978   5  15   0 -24.15  -47.15  0.79E-13
1978   5  15   0 -24.10  -47.15  0.12E-12
1978   5  15   0 -24.05  -47.15  0.12E-12
1978   5  15   0 -24.00  -47.15  0.40E-13
1978   5  15   0 -23.95  -47.15  0.24E-12
1978   5  15   0 -23.90  -47.15  0.12E-12
1978   5  15   0 -23.85  -47.15  0.36E-12
1978   5  15   0 -23.80  -47.15  0.80E-13
1978   5  15   0 -23.75  -47.15  0.28E-12
1978   5  15   0 -23.70  -47.15  0.12E-12
1978   5  15   0 -23.65  -47.15  0.16E-12
1978   5  15   0 -23.60  -47.15  0.36E-12
1978   5  15   0 -23.55  -47.15  0.28E-12
1978   5  15   0 -23.50  -47.15  0.61E-12
1978   5  15   0 -23.45  -47.15  0.33E-12
1978   5  15   0 -23.40  -47.15  0.38E-12
1978   5  15   0 -23.35  -47.15  0.39E-12
1978   5  15   0 -23.30  -47.15  0.24E-12
1978   5  15   0 -23.25  -47.15  0.12E-12
1978   5  15   0 -23.15  -47.15  0.40E-13
1978   5  15   0 -23.10  -47.15  0.10E-12
1978   5  15   0 -23.00  -47.15  0.25E-13
1978   5  15   0 -22.80  -47.15  0.40E-13
1978   5  15   0 -24.20  -47.10  0.40E-13
1978   5  15   0 -24.15  -47.10  0.40E-13
1978   5  15   0 -24.10  -47.10  0.16E-12
1978   5  15   0 -24.05  -47.10  0.80E-13
1978   5  15   0 -24.00  -47.10  0.12E-12
1978   5  15   0 -23.95  -47.10  0.80E-13
1978   5  15   0 -23.90  -47.10  0.79E-13
1978   5  15   0 -23.85  -47.10  0.32E-12
1978   5  15   0 -23.80  -47.10  0.24E-12
1978   5  15   0 -23.75  -47.10  0.16E-12
1978   5  15   0 -23.70  -47.10  0.36E-12
1978   5  15   0 -23.65  -47.10  0.79E-13
1978   5  15   0 -23.60  -47.10  0.36E-12
1978   5  15   0 -23.55  -47.10  0.54E-12
1978   5  15   0 -23.50  -47.10  0.57E-12
1978   5  15   0 -23.45  -47.10  0.25E-12
1978   5  15   0 -23.40  -47.10  0.20E-12
1978   5  15   0 -23.35  -47.10  0.89E-13
1978   5  15   0 -23.30  -47.10  0.80E-13
1978   5  15   0 -23.25  -47.10  0.20E-12
1978   5  15   0 -23.20  -47.10  0.80E-13
1978   5  15   0 -23.05  -47.10  0.39E-13
1978   5  15   0 -23.00  -47.10  0.41E-13
1978   5  15   0 -22.85  -47.10  0.40E-13
1978   5  15   0 -24.15  -47.05  0.79E-13
1978   5  15   0 -24.10  -47.05  0.40E-13
1978   5  15   0 -24.05  -47.05  0.20E-12
1978   5  15   0 -24.00  -47.05  0.80E-13
1978   5  15   0 -23.95  -47.05  0.12E-12
1978   5  15   0 -23.90  -47.05  0.80E-13
1978   5  15   0 -23.85  -47.05  0.24E-12
1978   5  15   0 -23.80  -47.05  0.52E-12
1978   5  15   0 -23.75  -47.05  0.40E-12
1978   5  15   0 -23.70  -47.05  0.40E-12
1978   5  15   0 -23.65  -47.05  0.28E-12
1978   5  15   0 -23.60  -47.05  0.25E-12
1978   5  15   0 -23.55  -47.05  0.40E-12
1978   5  15   0 -23.50  -47.05  0.40E-12
1978   5  15   0 -23.45  -47.05  0.13E-12
1978   5  15   0 -23.40  -47.05  0.40E-13
1978   5  15   0 -23.35  -47.05  0.80E-13
1978   5  15   0 -23.25  -47.05  0.12E-12
1978   5  15   0 -23.20  -47.05  0.80E-13
1978   5  15   0 -23.15  -47.05  0.41E-13
1978   5  15   0 -23.05  -47.05  0.41E-13
1978   5  15   0 -24.60  -47.00  0.40E-13
1978   5  15   0 -24.55  -47.00  0.80E-13
1978   5  15   0 -24.25  -47.00  0.80E-13
1978   5  15   0 -24.20  -47.00  0.16E-12
1978   5  15   0 -24.15  -47.00  0.40E-13
1978   5  15   0 -24.10  -47.00  0.16E-12
1978   5  15   0 -24.05  -47.00  0.16E-12
1978   5  15   0 -24.00  -47.00  0.79E-13
1978   5  15   0 -23.95  -47.00  0.24E-12
1978   5  15   0 -23.90  -47.00  0.32E-12
1978   5  15   0 -23.85  -47.00  0.32E-12
1978   5  15   0 -23.80  -47.00  0.28E-12
1978   5  15   0 -23.75  -47.00  0.32E-12
1978   5  15   0 -23.70  -47.00  0.24E-12
1978   5  15   0 -23.65  -47.00  0.44E-12
1978   5  15   0 -23.60  -47.00  0.16E-12
1978   5  15   0 -23.55  -47.00  0.48E-12
1978   5  15   0 -23.50  -47.00  0.24E-12
1978   5  15   0 -23.45  -47.00  0.12E-12
1978   5  15   0 -23.40  -47.00  0.40E-13
1978   5  15   0 -23.35  -47.00  0.39E-13
1978   5  15   0 -23.30  -47.00  0.40E-13
1978   5  15   0 -23.10  -47.00  0.41E-13
1978   5  15   0 -23.00  -47.00  0.40E-13
1978   5  15   0 -24.35  -46.95  0.40E-13
1978   5  15   0 -24.15  -46.95  0.40E-13
1978   5  15   0 -24.10  -46.95  0.20E-12
1978   5  15   0 -24.05  -46.95  0.12E-12
1978   5  15   0 -24.00  -46.95  0.44E-12
1978   5  15   0 -23.95  -46.95  0.44E-12
1978   5  15   0 -23.90  -46.95  0.40E-12
1978   5  15   0 -23.85  -46.95  0.36E-12
1978   5  15   0 -23.80  -46.95  0.44E-12
1978   5  15   0 -23.75  -46.95  0.28E-12
1978   5  15   0 -23.70  -46.95  0.20E-12
1978   5  15   0 -23.65  -46.95  0.12E-12
1978   5  15   0 -23.60  -46.95  0.12E-12
1978   5  15   0 -23.55  -46.95  0.12E-12
1978   5  15   0 -23.50  -46.95  0.12E-12
1978   5  15   0 -23.45  -46.95  0.12E-12
1978   5  15   0 -23.40  -46.95  0.16E-12
1978   5  15   0 -23.35  -46.95  0.79E-13
1978   5  15   0 -23.30  -46.95  0.41E-13
1978   5  15   0 -22.90  -46.95  0.40E-13
1978   5  15   0 -24.25  -46.90  0.40E-13
1978   5  15   0 -24.20  -46.90  0.12E-12
1978   5  15   0 -24.15  -46.90  0.20E-12
1978   5  15   0 -24.10  -46.90  0.16E-12
1978   5  15   0 -24.00  -46.90  0.24E-12
1978   5  15   0 -23.95  -46.90  0.48E-12
1978   5  15   0 -23.90  -46.90  0.28E-12
1978   5  15   0 -23.85  -46.90  0.28E-12
1978   5  15   0 -23.80  -46.90  0.20E-12
1978   5  15   0 -23.75  -46.90  0.16E-12
1978   5  15   0 -23.70  -46.90  0.12E-12
1978   5  15   0 -23.65  -46.90  0.12E-12
1978   5  15   0 -23.60  -46.90  0.16E-12
1978   5  15   0 -23.50  -46.90  0.12E-12
1978   5  15   0 -23.35  -46.90  0.40E-13
1978   5  15   0 -23.15  -46.90  0.40E-13
1978   5  15   0 -23.10  -46.90  0.40E-13
1978   5  15   0 -24.25  -46.85  0.12E-12
1978   5  15   0 -24.15  -46.85  0.12E-12
1978   5  15   0 -24.10  -46.85  0.28E-12
1978   5  15   0 -24.05  -46.85  0.16E-12
1978   5  15   0 -24.00  -46.85  0.36E-12
1978   5  15   0 -23.95  -46.85  0.40E-12
1978   5  15   0 -23.90  -46.85  0.20E-12
1978   5  15   0 -23.85  -46.85  0.32E-12
1978   5  15   0 -23.80  -46.85  0.36E-12
1978   5  15   0 -23.75  -46.85  0.80E-13
1978   5  15   0 -23.40  -46.85  0.81E-13
1978   5  15   0 -23.35  -46.85  0.40E-13
1978   5  15   0 -23.25  -46.85  0.40E-13
1978   5  15   0 -23.20  -46.85  0.39E-13
1978   5  15   0 -24.30  -46.80  0.40E-13
1978   5  15   0 -24.20  -46.80  0.40E-13
1978   5  15   0 -24.15  -46.80  0.79E-13
1978   5  15   0 -24.10  -46.80  0.16E-12
1978   5  15   0 -24.05  -46.80  0.16E-12
1978   5  15   0 -24.00  -46.80  0.20E-12
1978   5  15   0 -23.95  -46.80  0.36E-12
1978   5  15   0 -23.90  -46.80  0.28E-12
1978   5  15   0 -23.85  -46.80  0.28E-12
1978   5  15   0 -23.80  -46.80  0.12E-12
1978   5  15   0 -23.65  -46.80  0.40E-13
1978   5  15   0 -23.55  -46.80  0.40E-13
1978   5  15   0 -23.50  -46.80  0.80E-13
1978   5  15   0 -23.20  -46.80  0.40E-13
1978   5  15   0 -24.20  -46.75  0.12E-12
1978   5  15   0 -24.15  -46.75  0.79E-13
1978   5  15   0 -24.10  -46.75  0.16E-12
1978   5  15   0 -24.00  -46.75  0.40E-13
1978   5  15   0 -23.95  -46.75  0.32E-12
1978   5  15   0 -23.90  -46.75  0.80E-13
1978   5  15   0 -23.80  -46.75  0.40E-13
1978   5  15   0 -23.75  -46.75  0.40E-13
1978   5  15   0 -23.70  -46.75  0.12E-12
1978   5  15   0 -23.65  -46.75  0.16E-12
1978   5  15   0 -23.60  -46.75  0.40E-13
1978   5  15   0 -23.55  -46.75  0.12E-12
1978   5  15   0 -24.30  -46.70  0.40E-13
1978   5  15   0 -24.25  -46.70  0.79E-13
1978   5  15   0 -24.15  -46.70  0.79E-13
1978   5  15   0 -24.05  -46.70  0.80E-13
1978   5  15   0 -24.00  -46.70  0.20E-12
1978   5  15   0 -23.95  -46.70  0.16E-12
1978   5  15   0 -23.90  -46.70  0.40E-13
1978   5  15   0 -23.65  -46.70  0.40E-13
1978   5  15   0 -23.60  -46.70  0.79E-13
1978   5  15   0 -23.30  -46.70  0.79E-13
1978   5  15   0 -23.25  -46.70  0.39E-13
1978   5  15   0 -24.40  -46.65  0.79E-13
1978   5  15   0 -24.35  -46.65  0.40E-13
1978   5  15   0 -24.25  -46.65  0.80E-13
1978   5  15   0 -24.10  -46.65  0.79E-13
1978   5  15   0 -24.05  -46.65  0.20E-12
1978   5  15   0 -24.00  -46.65  0.40E-13
1978   5  15   0 -23.95  -46.65  0.40E-13
1978   5  15   0 -23.90  -46.65  0.40E-13
1978   5  15   0 -23.85  -46.65  0.40E-13
1978   5  15   0 -24.25  -46.60  0.40E-13
1978   5  15   0 -24.15  -46.60  0.40E-13
1978   5  15   0 -24.10  -46.60  0.40E-13
1978   5  15   0 -24.05  -46.60  0.79E-13
1978   5  15   0 -24.00  -46.60  0.12E-12
1978   5  15   0 -23.95  -46.60  0.40E-13
1978   5  15   0 -24.25  -46.55  0.80E-13
1978   5  15   0 -24.10  -46.55  0.39E-13
1978   5  15   0 -24.35  -46.50  0.40E-13
1978   5  15   0 -24.20  -46.50  0.40E-13
1978   5  15   0 -24.15  -46.50  0.40E-13
1978   5  15   0 -24.45  -46.40  0.40E-13
