YEAR  MO  DA  HR    LAT     LON Rn2200010
1983   8   9  12 -20.00  -47.85  0.11E-10
1983   8   9  12 -19.95  -47.85  0.16E-09
1983   8   9  12 -19.95  -47.80  0.57E-10
1983   8   9  12 -19.90  -47.80  0.19E-10
1983   8   9  12 -19.95  -47.75  0.24E-11
1983   8   9  12 -19.90  -47.75  0.30E-10
1983   8   9  12 -19.85  -47.75  0.47E-11
1983   8   9  12 -19.90  -47.70  0.12E-10
1983   8   9  12 -19.85  -47.70  0.11E-10
1983   8   9  12 -19.80  -47.70  0.95E-12
1983   8   9  12 -19.90  -47.65  0.13E-11
1983   8   9  12 -19.85  -47.65  0.60E-11
1983   8   9  12 -19.80  -47.65  0.38E-11
1983   8   9  12 -19.85  -47.60  0.19E-11
1983   8   9  12 -19.80  -47.60  0.28E-11
1983   8   9  12 -19.85  -47.55  0.87E-12
1983   8   9  12 -19.80  -47.55  0.19E-11
1983   8   9  12 -19.75  -47.55  0.24E-11
1983   8   9  12 -19.70  -47.55  0.92E-12
1983   8   9  12 -19.80  -47.50  0.10E-11
1983   8   9  12 -19.75  -47.50  0.13E-11
1983   8   9  12 -19.70  -47.50  0.47E-12
1983   8   9  12 -19.75  -47.45  0.14E-11
1983   8   9  12 -19.70  -47.45  0.43E-12
1983   8   9  12 -19.65  -47.45  0.39E-12
1983   8   9  12 -19.75  -47.40  0.21E-11
1983   8   9  12 -19.70  -47.40  0.86E-12
1983   8   9  12 -19.65  -47.40  0.18E-11
1983   8   9  12 -19.75  -47.35  0.52E-12
1983   8   9  12 -19.70  -47.35  0.25E-11
1983   8   9  12 -19.65  -47.35  0.88E-12
1983   8   9  12 -19.55  -47.35  0.77E-12
1983   8   9  12 -19.70  -47.30  0.15E-11
1983   8   9  12 -19.65  -47.30  0.44E-12
1983   8   9  12 -19.60  -47.30  0.44E-12
1983   8   9  12 -19.55  -47.30  0.91E-12
1983   8   9  12 -19.70  -47.25  0.50E-12
1983   8   9  12 -19.65  -47.25  0.31E-11
1983   8   9  12 -19.60  -47.25  0.28E-11
1983   8   9  12 -19.55  -47.25  0.44E-12
1983   8   9  12 -19.50  -47.25  0.13E-11
1983   8   9  12 -19.65  -47.20  0.10E-11
1983   8   9  12 -19.55  -47.20  0.87E-12
1983   8   9  12 -19.50  -47.20  0.87E-12
1983   8   9  12 -19.45  -47.20  0.84E-12
1983   8   9  12 -19.65  -47.15  0.50E-12
1983   8   9  12 -19.60  -47.15  0.31E-11
1983   8   9  12 -19.55  -47.15  0.10E-11
1983   8   9  12 -19.50  -47.15  0.21E-11
1983   8   9  12 -19.45  -47.15  0.20E-11
1983   8   9  12 -19.40  -47.15  0.83E-12
1983   8   9  12 -19.60  -47.10  0.51E-12
1983   8   9  12 -19.55  -47.10  0.10E-11
1983   8   9  12 -19.50  -47.10  0.51E-12
1983   8   9  12 -19.45  -47.10  0.15E-11
1983   8   9  12 -19.40  -47.10  0.15E-11
1983   8   9  12 -19.55  -47.05  0.51E-12
1983   8   9  12 -19.50  -47.05  0.15E-11
1983   8   9  12 -19.45  -47.05  0.14E-11
1983   8   9  12 -19.40  -47.05  0.29E-11
1983   8   9  12 -19.35  -47.05  0.89E-12
1983   8   9  12 -19.55  -47.00  0.10E-11
1983   8   9  12 -19.45  -47.00  0.20E-11
1983   8   9  12 -19.40  -47.00  0.43E-11
1983   8   9  12 -19.35  -47.00  0.44E-12
1983   8   9  12 -19.50  -46.95  0.25E-11
1983   8   9  12 -19.45  -46.95  0.15E-11
1983   8   9  12 -19.40  -46.95  0.45E-12
1983   8   9  12 -19.35  -46.95  0.22E-11
1983   8   9  12 -19.30  -46.95  0.45E-12
1983   8   9  12 -19.40  -46.90  0.10E-11
1983   8   9  12 -19.35  -46.90  0.88E-12
1983   8   9  12 -19.30  -46.90  0.13E-11
1983   8   9  12 -19.40  -46.85  0.10E-11
1983   8   9  12 -19.35  -46.85  0.44E-12
1983   8   9  12 -19.30  -46.85  0.88E-12
1983   8   9  12 -19.40  -46.80  0.50E-12
1983   8   9  12 -19.25  -46.75  0.43E-12
1983   8   9  12 -19.30  -46.70  0.44E-12
1983   8  10   0 -19.75  -48.45  0.52E-12
1983   8  10   0 -19.75  -48.40  0.66E-12
1983   8  10   0 -19.85  -48.25  0.52E-12
1983   8  10   0 -19.90  -48.15  0.53E-12
1983   8  10   0 -19.70  -48.15  0.53E-12
1983   8  10   0 -19.60  -48.15  0.12E-11
1983   8  10   0 -19.55  -48.15  0.52E-12
1983   8  10   0 -19.65  -48.10  0.52E-12
1983   8  10   0 -19.90  -48.05  0.52E-12
1983   8  10   0 -19.85  -48.05  0.10E-11
1983   8  10   0 -19.80  -48.05  0.10E-11
1983   8  10   0 -19.75  -48.05  0.21E-11
1983   8  10   0 -19.70  -48.05  0.12E-11
1983   8  10   0 -19.50  -48.05  0.53E-12
1983   8  10   0 -19.95  -48.00  0.52E-12
1983   8  10   0 -19.90  -48.00  0.21E-11
1983   8  10   0 -19.85  -48.00  0.29E-11
1983   8  10   0 -19.80  -48.00  0.52E-12
1983   8  10   0 -19.60  -48.00  0.12E-11
1983   8  10   0 -19.55  -48.00  0.11E-11
1983   8  10   0 -18.90  -48.00  0.51E-12
1983   8  10   0 -19.95  -47.95  0.19E-11
1983   8  10   0 -19.90  -47.95  0.65E-11
1983   8  10   0 -19.85  -47.95  0.17E-11
1983   8  10   0 -19.75  -47.95  0.13E-11
1983   8  10   0 -19.65  -47.95  0.66E-12
1983   8  10   0 -19.60  -47.95  0.66E-12
1983   8  10   0 -19.35  -47.95  0.65E-12
1983   8  10   0 -19.95  -47.90  0.21E-10
1983   8  10   0 -19.90  -47.90  0.72E-11
1983   8  10   0 -19.85  -47.90  0.13E-11
1983   8  10   0 -19.75  -47.90  0.52E-12
1983   8  10   0 -19.65  -47.90  0.66E-12
1983   8  10   0 -19.40  -47.90  0.65E-12
1983   8  10   0 -19.25  -47.90  0.51E-12
1983   8  10   0 -20.00  -47.85  0.28E-11
1983   8  10   0 -19.95  -47.85  0.36E-10
1983   8  10   0 -19.90  -47.85  0.12E-11
1983   8  10   0 -19.85  -47.85  0.11E-11
1983   8  10   0 -19.80  -47.85  0.54E-12
1983   8  10   0 -19.65  -47.85  0.17E-11
1983   8  10   0 -19.45  -47.85  0.65E-12
1983   8  10   0 -19.95  -47.80  0.14E-10
1983   8  10   0 -19.90  -47.80  0.13E-10
1983   8  10   0 -19.85  -47.80  0.11E-11
1983   8  10   0 -19.80  -47.80  0.17E-11
1983   8  10   0 -19.75  -47.80  0.67E-12
1983   8  10   0 -19.70  -47.80  0.15E-11
1983   8  10   0 -20.00  -47.75  0.67E-12
1983   8  10   0 -19.95  -47.75  0.16E-11
1983   8  10   0 -19.90  -47.75  0.86E-11
1983   8  10   0 -19.85  -47.75  0.44E-11
1983   8  10   0 -19.80  -47.75  0.17E-11
1983   8  10   0 -19.65  -47.75  0.66E-12
1983   8  10   0 -19.55  -47.75  0.12E-11
1983   8  10   0 -19.50  -47.75  0.10E-11
1983   8  10   0 -19.30  -47.75  0.65E-12
1983   8  10   0 -18.90  -47.75  0.50E-12
1983   8  10   0 -20.00  -47.70  0.54E-12
1983   8  10   0 -19.95  -47.70  0.22E-11
1983   8  10   0 -19.90  -47.70  0.38E-11
1983   8  10   0 -19.85  -47.70  0.10E-10
1983   8  10   0 -19.80  -47.70  0.22E-11
1983   8  10   0 -19.70  -47.70  0.52E-12
1983   8  10   0 -19.35  -47.70  0.64E-12
1983   8  10   0 -19.10  -47.70  0.62E-12
1983   8  10   0 -19.90  -47.65  0.16E-11
1983   8  10   0 -19.85  -47.65  0.98E-11
1983   8  10   0 -19.80  -47.65  0.37E-11
1983   8  10   0 -19.75  -47.65  0.54E-12
1983   8  10   0 -19.70  -47.65  0.11E-11
1983   8  10   0 -19.65  -47.65  0.66E-12
1983   8  10   0 -19.55  -47.65  0.10E-11
1983   8  10   0 -19.45  -47.65  0.63E-12
1983   8  10   0 -19.40  -47.65  0.65E-12
1983   8  10   0 -19.05  -47.65  0.63E-12
1983   8  10   0 -19.95  -47.60  0.53E-12
1983   8  10   0 -19.90  -47.60  0.53E-12
1983   8  10   0 -19.85  -47.60  0.21E-11
1983   8  10   0 -19.80  -47.60  0.47E-11
1983   8  10   0 -19.75  -47.60  0.38E-11
1983   8  10   0 -19.70  -47.60  0.53E-12
1983   8  10   0 -19.65  -47.60  0.22E-11
1983   8  10   0 -19.55  -47.60  0.13E-11
1983   8  10   0 -19.50  -47.60  0.13E-11
1983   8  10   0 -19.45  -47.60  0.49E-12
1983   8  10   0 -19.25  -47.60  0.50E-12
1983   8  10   0 -19.20  -47.60  0.63E-12
1983   8  10   0 -19.10  -47.60  0.63E-12
1983   8  10   0 -18.90  -47.60  0.46E-12
1983   8  10   0 -18.85  -47.60  0.93E-12
1983   8  10   0 -20.10  -47.55  0.66E-12
1983   8  10   0 -19.90  -47.55  0.66E-12
1983   8  10   0 -19.85  -47.55  0.16E-11
1983   8  10   0 -19.80  -47.55  0.33E-11
1983   8  10   0 -19.75  -47.55  0.42E-11
1983   8  10   0 -19.70  -47.55  0.21E-11
1983   8  10   0 -19.65  -47.55  0.10E-11
1983   8  10   0 -19.60  -47.55  0.53E-12
1983   8  10   0 -19.50  -47.55  0.52E-12
1983   8  10   0 -19.45  -47.55  0.51E-12
1983   8  10   0 -19.40  -47.55  0.11E-11
1983   8  10   0 -19.25  -47.55  0.65E-12
1983   8  10   0 -19.05  -47.55  0.63E-12
1983   8  10   0 -19.95  -47.50  0.54E-12
1983   8  10   0 -19.90  -47.50  0.11E-11
1983   8  10   0 -19.85  -47.50  0.21E-11
1983   8  10   0 -19.80  -47.50  0.27E-11
1983   8  10   0 -19.75  -47.50  0.45E-11
1983   8  10   0 -19.70  -47.50  0.12E-11
1983   8  10   0 -19.65  -47.50  0.64E-12
1983   8  10   0 -19.60  -47.50  0.17E-11
1983   8  10   0 -19.55  -47.50  0.63E-12
1983   8  10   0 -19.50  -47.50  0.49E-12
1983   8  10   0 -19.30  -47.50  0.50E-12
1983   8  10   0 -19.25  -47.50  0.12E-11
1983   8  10   0 -19.15  -47.50  0.10E-11
1983   8  10   0 -19.90  -47.45  0.54E-12
1983   8  10   0 -19.85  -47.45  0.21E-11
1983   8  10   0 -19.75  -47.45  0.31E-11
1983   8  10   0 -19.70  -47.45  0.16E-11
1983   8  10   0 -19.65  -47.45  0.10E-11
1983   8  10   0 -19.55  -47.45  0.64E-12
1983   8  10   0 -19.50  -47.45  0.65E-12
1983   8  10   0 -19.45  -47.45  0.51E-12
1983   8  10   0 -19.35  -47.45  0.64E-12
1983   8  10   0 -19.30  -47.45  0.11E-11
1983   8  10   0 -19.25  -47.45  0.49E-12
1983   8  10   0 -19.15  -47.45  0.10E-11
1983   8  10   0 -19.10  -47.45  0.49E-12
1983   8  10   0 -19.05  -47.45  0.49E-12
1983   8  10   0 -20.00  -47.40  0.53E-12
1983   8  10   0 -19.85  -47.40  0.53E-12
1983   8  10   0 -19.80  -47.40  0.10E-11
1983   8  10   0 -19.75  -47.40  0.42E-11
1983   8  10   0 -19.70  -47.40  0.25E-11
1983   8  10   0 -19.65  -47.40  0.21E-11
1983   8  10   0 -19.60  -47.40  0.10E-11
1983   8  10   0 -19.55  -47.40  0.11E-11
1983   8  10   0 -19.50  -47.40  0.11E-11
1983   8  10   0 -19.35  -47.40  0.63E-12
1983   8  10   0 -19.25  -47.40  0.49E-12
1983   8  10   0 -19.80  -47.35  0.10E-11
1983   8  10   0 -19.75  -47.35  0.12E-11
1983   8  10   0 -19.70  -47.35  0.26E-11
1983   8  10   0 -19.65  -47.35  0.27E-11
1983   8  10   0 -19.50  -47.35  0.18E-11
1983   8  10   0 -19.45  -47.35  0.12E-11
1983   8  10   0 -19.30  -47.35  0.12E-11
1983   8  10   0 -19.25  -47.35  0.62E-12
1983   8  10   0 -19.15  -47.35  0.12E-11
1983   8  10   0 -19.10  -47.35  0.12E-11
1983   8  10   0 -19.80  -47.30  0.10E-11
1983   8  10   0 -19.70  -47.30  0.52E-12
1983   8  10   0 -19.65  -47.30  0.35E-11
1983   8  10   0 -19.60  -47.30  0.16E-11
1983   8  10   0 -19.55  -47.30  0.22E-11
1983   8  10   0 -19.50  -47.30  0.99E-12
1983   8  10   0 -19.45  -47.30  0.62E-12
1983   8  10   0 -19.40  -47.30  0.52E-12
1983   8  10   0 -19.35  -47.30  0.63E-12
1983   8  10   0 -19.05  -47.30  0.59E-12
1983   8  10   0 -19.90  -47.25  0.65E-12
1983   8  10   0 -19.80  -47.25  0.12E-11
1983   8  10   0 -19.75  -47.25  0.10E-11
1983   8  10   0 -19.70  -47.25  0.20E-11
1983   8  10   0 -19.65  -47.25  0.52E-11
1983   8  10   0 -19.60  -47.25  0.12E-11
1983   8  10   0 -19.55  -47.25  0.20E-11
1983   8  10   0 -19.45  -47.25  0.10E-11
1983   8  10   0 -19.40  -47.25  0.49E-12
1983   8  10   0 -19.35  -47.25  0.12E-11
1983   8  10   0 -19.15  -47.25  0.63E-12
1983   8  10   0 -19.05  -47.25  0.51E-12
1983   8  10   0 -20.15  -47.20  0.51E-12
1983   8  10   0 -20.00  -47.20  0.53E-12
1983   8  10   0 -19.75  -47.20  0.12E-11
1983   8  10   0 -19.70  -47.20  0.17E-11
1983   8  10   0 -19.65  -47.20  0.35E-11
1983   8  10   0 -19.60  -47.20  0.10E-11
1983   8  10   0 -19.55  -47.20  0.20E-11
1983   8  10   0 -19.50  -47.20  0.51E-12
1983   8  10   0 -19.35  -47.20  0.11E-11
1983   8  10   0 -19.25  -47.20  0.16E-11
1983   8  10   0 -19.20  -47.20  0.61E-12
1983   8  10   0 -19.00  -47.20  0.62E-12
1983   8  10   0 -18.85  -47.20  0.49E-12
1983   8  10   0 -19.90  -47.15  0.51E-12
1983   8  10   0 -19.85  -47.15  0.51E-12
1983   8  10   0 -19.80  -47.15  0.51E-12
1983   8  10   0 -19.75  -47.15  0.52E-12
1983   8  10   0 -19.65  -47.15  0.20E-11
1983   8  10   0 -19.60  -47.15  0.50E-12
1983   8  10   0 -19.55  -47.15  0.10E-11
1983   8  10   0 -19.50  -47.15  0.12E-11
1983   8  10   0 -19.45  -47.15  0.11E-11
1983   8  10   0 -19.40  -47.15  0.11E-11
1983   8  10   0 -19.35  -47.15  0.49E-12
1983   8  10   0 -19.20  -47.15  0.59E-12
1983   8  10   0 -19.10  -47.15  0.11E-11
1983   8  10   0 -19.05  -47.15  0.11E-11
1983   8  10   0 -18.90  -47.15  0.98E-12
1983   8  10   0 -18.60  -47.15  0.47E-12
1983   8  10   0 -19.90  -47.10  0.63E-12
1983   8  10   0 -19.70  -47.10  0.51E-12
1983   8  10   0 -19.60  -47.10  0.15E-11
1983   8  10   0 -19.55  -47.10  0.51E-12
1983   8  10   0 -19.50  -47.10  0.63E-12
1983   8  10   0 -19.45  -47.10  0.50E-12
1983   8  10   0 -19.35  -47.10  0.63E-12
1983   8  10   0 -19.10  -47.10  0.93E-12
1983   8  10   0 -19.00  -47.10  0.61E-12
1983   8  10   0 -19.90  -47.05  0.11E-11
1983   8  10   0 -19.65  -47.05  0.51E-12
1983   8  10   0 -19.60  -47.05  0.10E-11
1983   8  10   0 -19.55  -47.05  0.25E-11
1983   8  10   0 -19.50  -47.05  0.51E-12
1983   8  10   0 -19.45  -47.05  0.11E-11
1983   8  10   0 -19.40  -47.05  0.59E-12
1983   8  10   0 -19.30  -47.05  0.49E-12
1983   8  10   0 -19.25  -47.05  0.12E-11
1983   8  10   0 -19.20  -47.05  0.59E-12
1983   8  10   0 -19.10  -47.05  0.97E-12
1983   8  10   0 -19.05  -47.05  0.62E-12
1983   8  10   0 -18.95  -47.05  0.50E-12
1983   8  10   0 -18.90  -47.05  0.47E-12
1983   8  10   0 -19.80  -47.00  0.50E-12
1983   8  10   0 -19.55  -47.00  0.49E-12
1983   8  10   0 -19.50  -47.00  0.16E-11
1983   8  10   0 -19.45  -47.00  0.49E-12
1983   8  10   0 -19.40  -47.00  0.15E-11
1983   8  10   0 -19.25  -47.00  0.19E-11
1983   8  10   0 -19.20  -47.00  0.62E-12
1983   8  10   0 -19.15  -47.00  0.62E-12
1983   8  10   0 -19.60  -46.95  0.49E-12
1983   8  10   0 -19.55  -46.95  0.49E-12
1983   8  10   0 -19.50  -46.95  0.30E-11
1983   8  10   0 -19.40  -46.95  0.60E-12
1983   8  10   0 -19.35  -46.95  0.50E-12
1983   8  10   0 -19.30  -46.95  0.21E-11
1983   8  10   0 -19.25  -46.95  0.47E-12
1983   8  10   0 -19.10  -46.95  0.59E-12
1983   8  10   0 -19.00  -46.95  0.48E-12
1983   8  10   0 -18.90  -46.95  0.47E-12
1983   8  10   0 -18.75  -46.95  0.47E-12
1983   8  10   0 -19.60  -46.90  0.50E-12
1983   8  10   0 -19.50  -46.90  0.20E-11
1983   8  10   0 -19.45  -46.90  0.20E-11
1983   8  10   0 -19.40  -46.90  0.20E-11
1983   8  10   0 -19.35  -46.90  0.12E-11
1983   8  10   0 -19.25  -46.90  0.48E-12
1983   8  10   0 -19.20  -46.90  0.51E-12
1983   8  10   0 -18.90  -46.90  0.60E-12
1983   8  10   0 -18.70  -46.90  0.46E-12
1983   8  10   0 -19.60  -46.85  0.16E-11
1983   8  10   0 -19.55  -46.85  0.62E-12
1983   8  10   0 -19.50  -46.85  0.98E-12
1983   8  10   0 -19.45  -46.85  0.25E-11
1983   8  10   0 -19.40  -46.85  0.48E-12
1983   8  10   0 -19.35  -46.85  0.22E-11
1983   8  10   0 -19.30  -46.85  0.13E-11
1983   8  10   0 -19.25  -46.85  0.86E-12
1983   8  10   0 -19.00  -46.85  0.58E-12
1983   8  10   0 -18.90  -46.85  0.59E-12
1983   8  10   0 -18.75  -46.85  0.58E-12
1983   8  10   0 -18.50  -46.85  0.46E-12
1983   8  10   0 -19.60  -46.80  0.50E-12
1983   8  10   0 -19.55  -46.80  0.63E-12
1983   8  10   0 -19.45  -46.80  0.47E-12
1983   8  10   0 -19.40  -46.80  0.21E-11
1983   8  10   0 -19.35  -46.80  0.99E-12
1983   8  10   0 -19.30  -46.80  0.98E-12
1983   8  10   0 -19.25  -46.80  0.11E-11
1983   8  10   0 -19.10  -46.80  0.11E-11
1983   8  10   0 -19.00  -46.80  0.47E-12
1983   8  10   0 -18.75  -46.80  0.49E-12
1983   8  10   0 -19.80  -46.75  0.62E-12
1983   8  10   0 -19.50  -46.75  0.48E-12
1983   8  10   0 -19.45  -46.75  0.97E-12
1983   8  10   0 -19.40  -46.75  0.25E-11
1983   8  10   0 -19.35  -46.75  0.50E-12
1983   8  10   0 -19.30  -46.75  0.92E-12
1983   8  10   0 -19.25  -46.75  0.24E-11
1983   8  10   0 -19.20  -46.75  0.43E-12
1983   8  10   0 -19.15  -46.75  0.42E-12
1983   8  10   0 -19.00  -46.75  0.61E-12
1983   8  10   0 -18.90  -46.75  0.12E-11
1983   8  10   0 -18.85  -46.75  0.60E-12
1983   8  10   0 -18.80  -46.75  0.46E-12
1983   8  10   0 -18.70  -46.75  0.51E-12
1983   8  10   0 -19.60  -46.70  0.62E-12
1983   8  10   0 -19.45  -46.70  0.51E-12
1983   8  10   0 -19.40  -46.70  0.48E-12
1983   8  10   0 -19.35  -46.70  0.15E-11
1983   8  10   0 -19.30  -46.70  0.48E-12
1983   8  10   0 -19.25  -46.70  0.49E-12
1983   8  10   0 -19.20  -46.70  0.17E-11
1983   8  10   0 -19.15  -46.70  0.50E-12
1983   8  10   0 -19.10  -46.70  0.58E-12
1983   8  10   0 -19.00  -46.70  0.60E-12
1983   8  10   0 -18.90  -46.70  0.40E-12
1983   8  10   0 -18.80  -46.70  0.58E-12
1983   8  10   0 -18.70  -46.70  0.57E-12
1983   8  10   0 -18.50  -46.70  0.57E-12
1983   8  10   0 -18.25  -46.70  0.45E-12
1983   8  10   0 -19.65  -46.65  0.64E-12
1983   8  10   0 -19.55  -46.65  0.48E-12
1983   8  10   0 -19.35  -46.65  0.98E-12
1983   8  10   0 -19.30  -46.65  0.99E-12
1983   8  10   0 -19.25  -46.65  0.98E-12
1983   8  10   0 -19.20  -46.65  0.13E-11
1983   8  10   0 -19.15  -46.65  0.16E-11
1983   8  10   0 -19.10  -46.65  0.49E-12
1983   8  10   0 -19.40  -46.60  0.15E-11
1983   8  10   0 -19.30  -46.60  0.15E-11
1983   8  10   0 -19.25  -46.60  0.43E-12
1983   8  10   0 -19.20  -46.60  0.91E-12
1983   8  10   0 -19.15  -46.60  0.14E-11
1983   8  10   0 -19.10  -46.60  0.11E-11
1983   8  10   0 -19.05  -46.60  0.47E-12
1983   8  10   0 -18.75  -46.60  0.59E-12
1983   8  10   0 -18.65  -46.60  0.46E-12
1983   8  10   0 -18.60  -46.60  0.51E-12
1983   8  10   0 -19.50  -46.55  0.62E-12
1983   8  10   0 -19.35  -46.55  0.62E-12
1983   8  10   0 -19.30  -46.55  0.19E-11
1983   8  10   0 -19.25  -46.55  0.15E-11
1983   8  10   0 -19.20  -46.55  0.47E-12
1983   8  10   0 -19.15  -46.55  0.18E-11
1983   8  10   0 -19.10  -46.55  0.19E-11
1983   8  10   0 -19.05  -46.55  0.11E-11
1983   8  10   0 -19.00  -46.55  0.12E-11
1983   8  10   0 -18.90  -46.55  0.58E-12
1983   8  10   0 -18.75  -46.55  0.16E-11
1983   8  10   0 -18.35  -46.55  0.50E-12
1983   8  10   0 -19.20  -46.50  0.14E-11
1983   8  10   0 -19.15  -46.50  0.49E-12
1983   8  10   0 -19.10  -46.50  0.47E-12
1983   8  10   0 -19.05  -46.50  0.99E-12
1983   8  10   0 -19.00  -46.50  0.51E-12
1983   8  10   0 -18.95  -46.50  0.10E-11
1983   8  10   0 -18.90  -46.50  0.10E-11
1983   8  10   0 -18.80  -46.50  0.10E-11
1983   8  10   0 -18.60  -46.50  0.47E-12
1983   8  10   0 -18.40  -46.50  0.45E-12
1983   8  10   0 -19.45  -46.45  0.48E-12
1983   8  10   0 -19.35  -46.45  0.48E-12
1983   8  10   0 -19.30  -46.45  0.60E-12
1983   8  10   0 -19.10  -46.45  0.14E-11
1983   8  10   0 -19.05  -46.45  0.10E-11
1983   8  10   0 -18.95  -46.45  0.60E-12
1983   8  10   0 -18.80  -46.45  0.11E-11
1983   8  10   0 -18.75  -46.45  0.47E-12
1983   8  10   0 -18.65  -46.45  0.57E-12
1983   8  10   0 -18.50  -46.45  0.45E-12
1983   8  10   0 -18.45  -46.45  0.50E-12
1983   8  10   0 -19.30  -46.40  0.94E-12
1983   8  10   0 -19.25  -46.40  0.14E-11
1983   8  10   0 -19.20  -46.40  0.47E-12
1983   8  10   0 -19.15  -46.40  0.47E-12
1983   8  10   0 -19.05  -46.40  0.11E-11
1983   8  10   0 -19.00  -46.40  0.47E-12
1983   8  10   0 -18.95  -46.40  0.58E-12
1983   8  10   0 -18.70  -46.40  0.16E-11
1983   8  10   0 -18.20  -46.40  0.40E-12
1983   8  10   0 -19.25  -46.35  0.49E-12
1983   8  10   0 -19.20  -46.35  0.97E-12
1983   8  10   0 -19.15  -46.35  0.96E-12
1983   8  10   0 -19.05  -46.35  0.95E-12
1983   8  10   0 -19.25  -46.30  0.47E-12
1983   8  10   0 -19.10  -46.30  0.58E-12
1983   8  10   0 -19.05  -46.30  0.11E-11
1983   8  10   0 -19.00  -46.30  0.99E-12
1983   8  10   0 -18.95  -46.30  0.42E-12
1983   8  10   0 -18.90  -46.30  0.83E-12
1983   8  10   0 -18.85  -46.30  0.18E-11
1983   8  10   0 -18.80  -46.30  0.46E-12
1983   8  10   0 -18.75  -46.30  0.57E-12
1983   8  10   0 -18.70  -46.30  0.41E-12
1983   8  10   0 -18.65  -46.30  0.46E-12
1983   8  10   0 -18.60  -46.30  0.51E-12
1983   8  10   0 -18.40  -46.30  0.50E-12
1983   8  10   0 -19.25  -46.25  0.48E-12
1983   8  10   0 -19.15  -46.25  0.94E-12
1983   8  10   0 -19.10  -46.25  0.48E-12
1983   8  10   0 -19.05  -46.25  0.47E-12
1983   8  10   0 -19.00  -46.25  0.14E-11
1983   8  10   0 -18.90  -46.25  0.48E-12
1983   8  10   0 -18.80  -46.25  0.57E-12
1983   8  10   0 -18.55  -46.25  0.46E-12
1983   8  10   0 -18.35  -46.25  0.40E-12
1983   8  10   0 -18.30  -46.25  0.40E-12
1983   8  10   0 -19.15  -46.20  0.48E-12
1983   8  10   0 -19.10  -46.20  0.49E-12
1983   8  10   0 -19.00  -46.20  0.14E-11
1983   8  10   0 -18.85  -46.20  0.83E-12
1983   8  10   0 -18.80  -46.20  0.42E-12
1983   8  10   0 -18.70  -46.20  0.59E-12
1983   8  10   0 -19.25  -46.15  0.48E-12
1983   8  10   0 -19.20  -46.15  0.95E-12
1983   8  10   0 -19.05  -46.15  0.48E-12
1983   8  10   0 -19.00  -46.15  0.48E-12
1983   8  10   0 -18.95  -46.15  0.41E-12
1983   8  10   0 -18.90  -46.15  0.58E-12
1983   8  10   0 -19.15  -46.10  0.47E-12
1983   8  10   0 -19.05  -46.10  0.42E-12
1983   8  10   0 -18.75  -46.10  0.51E-12
1983   8  10   0 -18.70  -46.10  0.11E-11
1983   8  10   0 -19.10  -46.05  0.48E-12
1983   8  10   0 -18.85  -46.05  0.94E-12
1983   8  10   0 -18.70  -46.05  0.57E-12
1983   8  10   0 -18.60  -46.05  0.50E-12
1983   8  10   0 -19.15  -46.00  0.47E-12
1983   8  10   0 -18.85  -46.00  0.41E-12
1983   8  10   0 -18.70  -46.00  0.50E-12
1983   8  10   0 -18.50  -46.00  0.50E-12
1983   8  10   0 -19.00  -45.95  0.47E-12
1983   8  10   0 -18.80  -45.95  0.90E-12
1983   8  10   0 -18.80  -45.90  0.51E-12
1983   8  10   0 -18.70  -45.90  0.41E-12
1983   8  10   0 -18.80  -45.85  0.48E-12
1983   8  10   0 -18.75  -45.75  0.41E-12
1983   8  10   0 -18.85  -45.70  0.47E-12
