YEAR  MO  DA  HR    LAT     LON Rn2200010
1985   5  22  12 -20.15  -48.15  0.60E-11
1985   5  22  12 -20.10  -48.15  0.19E-10
1985   5  22  12 -20.05  -48.15  0.26E-11
1985   5  22  12 -20.00  -48.15  0.84E-12
1985   5  22  12 -20.15  -48.10  0.27E-10
1985   5  22  12 -20.10  -48.10  0.38E-10
1985   5  22  12 -20.05  -48.10  0.23E-10
1985   5  22  12 -20.00  -48.10  0.73E-12
1985   5  22  12 -20.20  -48.05  0.86E-12
1985   5  22  12 -20.15  -48.05  0.15E-10
1985   5  22  12 -20.10  -48.05  0.46E-10
1985   5  22  12 -20.05  -48.05  0.65E-10
1985   5  22  12 -20.00  -48.05  0.21E-10
1985   5  22  12 -19.95  -48.05  0.55E-11
1985   5  22  12 -19.90  -48.05  0.35E-11
1985   5  22  12 -19.85  -48.05  0.34E-11
1985   5  22  12 -19.80  -48.05  0.75E-12
1985   5  22  12 -20.10  -48.00  0.39E-10
1985   5  22  12 -20.05  -48.00  0.85E-10
1985   5  22  12 -20.00  -48.00  0.53E-10
1985   5  22  12 -19.95  -48.00  0.17E-10
1985   5  22  12 -19.90  -48.00  0.91E-11
1985   5  22  12 -19.85  -48.00  0.10E-10
1985   5  22  12 -19.80  -48.00  0.80E-11
1985   5  22  12 -19.75  -48.00  0.23E-11
1985   5  22  12 -20.10  -47.95  0.44E-11
1985   5  22  12 -20.05  -47.95  0.12E-09
1985   5  22  12 -20.00  -47.95  0.12E-09
1985   5  22  12 -19.95  -47.95  0.52E-10
1985   5  22  12 -19.90  -47.95  0.14E-10
1985   5  22  12 -19.85  -47.95  0.18E-10
1985   5  22  12 -19.80  -47.95  0.13E-10
1985   5  22  12 -19.75  -47.95  0.80E-11
1985   5  22  12 -19.70  -47.95  0.23E-11
1985   5  22  12 -20.05  -47.90  0.54E-11
1985   5  22  12 -20.00  -47.90  0.30E-09
1985   5  22  12 -19.95  -47.90  0.21E-09
1985   5  22  12 -19.90  -47.90  0.11E-09
1985   5  22  12 -19.85  -47.90  0.60E-10
1985   5  22  12 -19.80  -47.90  0.29E-10
1985   5  22  12 -19.75  -47.90  0.26E-10
1985   5  22  12 -20.00  -47.85  0.43E-11
1985   5  22  12 -19.95  -47.85  0.22E-09
1985   5  22  12 -19.90  -47.85  0.87E-10
1985   5  22  12 -19.85  -47.85  0.35E-10
1985   5  22  12 -19.80  -47.85  0.13E-10
1985   5  23   0 -20.15  -48.15  0.67E-11
1985   5  23   0 -20.10  -48.15  0.42E-11
1985   5  23   0 -19.25  -48.15  0.92E-12
1985   5  23   0 -20.15  -48.10  0.19E-10
1985   5  23   0 -20.10  -48.10  0.83E-11
1985   5  23   0 -20.05  -48.10  0.57E-11
1985   5  23   0 -20.00  -48.10  0.45E-11
1985   5  23   0 -19.30  -48.10  0.46E-12
1985   5  23   0 -19.25  -48.10  0.46E-12
1985   5  23   0 -20.20  -48.05  0.17E-11
1985   5  23   0 -20.15  -48.05  0.14E-10
1985   5  23   0 -20.10  -48.05  0.17E-10
1985   5  23   0 -20.05  -48.05  0.49E-11
1985   5  23   0 -20.00  -48.05  0.16E-11
1985   5  23   0 -19.20  -48.05  0.47E-12
1985   5  23   0 -20.20  -48.00  0.17E-11
1985   5  23   0 -20.15  -48.00  0.19E-10
1985   5  23   0 -20.10  -48.00  0.26E-10
1985   5  23   0 -20.05  -48.00  0.12E-10
1985   5  23   0 -20.00  -48.00  0.49E-11
1985   5  23   0 -19.95  -48.00  0.16E-11
1985   5  23   0 -19.85  -48.00  0.43E-11
1985   5  23   0 -19.80  -48.00  0.11E-10
1985   5  23   0 -19.75  -48.00  0.84E-11
1985   5  23   0 -19.70  -48.00  0.78E-11
1985   5  23   0 -19.65  -48.00  0.51E-11
1985   5  23   0 -19.60  -48.00  0.15E-11
1985   5  23   0 -19.55  -48.00  0.10E-11
1985   5  23   0 -19.35  -48.00  0.47E-12
1985   5  23   0 -19.30  -48.00  0.14E-11
1985   5  23   0 -20.15  -47.95  0.42E-11
1985   5  23   0 -20.10  -47.95  0.14E-10
1985   5  23   0 -20.05  -47.95  0.38E-10
1985   5  23   0 -20.00  -47.95  0.20E-10
1985   5  23   0 -19.95  -47.95  0.60E-11
1985   5  23   0 -19.90  -47.95  0.43E-10
1985   5  23   0 -19.85  -47.95  0.27E-10
1985   5  23   0 -19.80  -47.95  0.18E-10
1985   5  23   0 -19.75  -47.95  0.13E-10
1985   5  23   0 -19.70  -47.95  0.98E-11
1985   5  23   0 -19.65  -47.95  0.82E-11
1985   5  23   0 -19.60  -47.95  0.46E-11
1985   5  23   0 -19.55  -47.95  0.61E-11
1985   5  23   0 -19.50  -47.95  0.36E-11
1985   5  23   0 -19.45  -47.95  0.20E-11
1985   5  23   0 -19.40  -47.95  0.14E-11
1985   5  23   0 -19.35  -47.95  0.93E-12
1985   5  23   0 -19.30  -47.95  0.19E-11
1985   5  23   0 -19.25  -47.95  0.94E-12
1985   5  23   0 -19.20  -47.95  0.45E-12
1985   5  23   0 -19.15  -47.95  0.15E-11
1985   5  23   0 -20.10  -47.90  0.26E-11
1985   5  23   0 -20.05  -47.90  0.22E-10
1985   5  23   0 -20.00  -47.90  0.60E-10
1985   5  23   0 -19.95  -47.90  0.24E-09
1985   5  23   0 -19.90  -47.90  0.97E-10
1985   5  23   0 -19.85  -47.90  0.36E-10
1985   5  23   0 -19.80  -47.90  0.22E-10
1985   5  23   0 -19.75  -47.90  0.16E-10
1985   5  23   0 -19.70  -47.90  0.83E-11
1985   5  23   0 -19.65  -47.90  0.77E-11
1985   5  23   0 -19.60  -47.90  0.67E-11
1985   5  23   0 -19.55  -47.90  0.20E-11
1985   5  23   0 -19.50  -47.90  0.61E-11
1985   5  23   0 -19.45  -47.90  0.60E-11
1985   5  23   0 -19.40  -47.90  0.38E-11
1985   5  23   0 -19.35  -47.90  0.57E-11
1985   5  23   0 -19.30  -47.90  0.19E-11
1985   5  23   0 -19.25  -47.90  0.34E-11
1985   5  23   0 -19.20  -47.90  0.19E-11
1985   5  23   0 -19.15  -47.90  0.20E-11
1985   5  23   0 -19.10  -47.90  0.15E-11
1985   5  23   0 -19.05  -47.90  0.10E-11
1985   5  23   0 -20.20  -47.85  0.85E-12
1985   5  23   0 -20.05  -47.85  0.34E-11
1985   5  23   0 -20.00  -47.85  0.20E-10
1985   5  23   0 -19.95  -47.85  0.43E-09
1985   5  23   0 -19.90  -47.85  0.13E-09
1985   5  23   0 -19.85  -47.85  0.58E-10
1985   5  23   0 -19.80  -47.85  0.28E-10
1985   5  23   0 -19.75  -47.85  0.15E-10
1985   5  23   0 -19.70  -47.85  0.17E-10
1985   5  23   0 -19.65  -47.85  0.82E-11
1985   5  23   0 -19.60  -47.85  0.95E-11
1985   5  23   0 -19.55  -47.85  0.97E-11
1985   5  23   0 -19.50  -47.85  0.63E-11
1985   5  23   0 -19.45  -47.85  0.73E-11
1985   5  23   0 -19.40  -47.85  0.78E-11
1985   5  23   0 -19.35  -47.85  0.35E-11
1985   5  23   0 -19.30  -47.85  0.54E-11
1985   5  23   0 -19.25  -47.85  0.37E-11
1985   5  23   0 -19.20  -47.85  0.45E-11
1985   5  23   0 -19.15  -47.85  0.51E-12
1985   5  23   0 -19.10  -47.85  0.10E-11
1985   5  23   0 -19.05  -47.85  0.10E-11
1985   5  23   0 -20.15  -47.80  0.84E-12
1985   5  23   0 -20.05  -47.80  0.17E-11
1985   5  23   0 -20.00  -47.80  0.34E-11
1985   5  23   0 -19.95  -47.80  0.31E-11
1985   5  23   0 -19.90  -47.80  0.11E-09
1985   5  23   0 -19.85  -47.80  0.85E-10
1985   5  23   0 -19.80  -47.80  0.34E-10
1985   5  23   0 -19.75  -47.80  0.26E-10
1985   5  23   0 -19.70  -47.80  0.14E-10
1985   5  23   0 -19.65  -47.80  0.10E-10
1985   5  23   0 -19.60  -47.80  0.10E-10
1985   5  23   0 -19.55  -47.80  0.10E-10
1985   5  23   0 -19.50  -47.80  0.74E-11
1985   5  23   0 -19.45  -47.80  0.74E-11
1985   5  23   0 -19.40  -47.80  0.68E-11
1985   5  23   0 -19.35  -47.80  0.52E-11
1985   5  23   0 -19.30  -47.80  0.30E-11
1985   5  23   0 -19.25  -47.80  0.58E-11
1985   5  23   0 -19.20  -47.80  0.49E-11
1985   5  23   0 -19.15  -47.80  0.49E-12
1985   5  23   0 -19.10  -47.80  0.40E-11
1985   5  23   0 -19.05  -47.80  0.14E-11
1985   5  23   0 -20.00  -47.75  0.86E-12
1985   5  23   0 -19.90  -47.75  0.15E-11
1985   5  23   0 -19.85  -47.75  0.20E-10
1985   5  23   0 -19.80  -47.75  0.37E-10
1985   5  23   0 -19.75  -47.75  0.30E-10
1985   5  23   0 -19.70  -47.75  0.21E-10
1985   5  23   0 -19.65  -47.75  0.16E-10
1985   5  23   0 -19.60  -47.75  0.15E-10
1985   5  23   0 -19.55  -47.75  0.12E-10
1985   5  23   0 -19.50  -47.75  0.55E-11
1985   5  23   0 -19.45  -47.75  0.11E-10
1985   5  23   0 -19.40  -47.75  0.25E-11
1985   5  23   0 -19.35  -47.75  0.56E-11
1985   5  23   0 -19.30  -47.75  0.54E-11
1985   5  23   0 -19.25  -47.75  0.40E-11
1985   5  23   0 -19.20  -47.75  0.49E-11
1985   5  23   0 -19.15  -47.75  0.50E-11
1985   5  23   0 -19.10  -47.75  0.35E-11
1985   5  23   0 -19.90  -47.70  0.15E-11
1985   5  23   0 -19.85  -47.70  0.21E-11
1985   5  23   0 -19.80  -47.70  0.25E-11
1985   5  23   0 -19.75  -47.70  0.15E-10
1985   5  23   0 -19.70  -47.70  0.15E-10
1985   5  23   0 -19.65  -47.70  0.22E-10
1985   5  23   0 -19.60  -47.70  0.13E-10
1985   5  23   0 -19.55  -47.70  0.95E-11
1985   5  23   0 -19.50  -47.70  0.10E-10
1985   5  23   0 -19.45  -47.70  0.81E-11
1985   5  23   0 -19.40  -47.70  0.41E-11
1985   5  23   0 -19.35  -47.70  0.55E-11
1985   5  23   0 -19.30  -47.70  0.35E-11
1985   5  23   0 -19.25  -47.70  0.40E-11
1985   5  23   0 -19.20  -47.70  0.20E-11
1985   5  23   0 -19.15  -47.70  0.15E-11
1985   5  23   0 -19.75  -47.65  0.25E-11
1985   5  23   0 -19.70  -47.65  0.20E-11
1985   5  23   0 -19.65  -47.65  0.90E-11
1985   5  23   0 -19.60  -47.65  0.64E-11
1985   5  23   0 -19.55  -47.65  0.61E-11
1985   5  23   0 -19.50  -47.65  0.15E-11
1985   5  23   0 -19.45  -47.65  0.61E-11
1985   5  23   0 -19.40  -47.65  0.19E-11
1985   5  23   0 -19.35  -47.65  0.20E-11
1985   5  23   0 -19.30  -47.65  0.15E-11
1985   5  23   0 -19.25  -47.65  0.99E-12
1985   5  23   0 -19.20  -47.65  0.20E-11
1985   5  23   0 -19.75  -47.60  0.61E-12
1985   5  23   0 -19.70  -47.60  0.43E-11
1985   5  23   0 -19.65  -47.60  0.25E-11
1985   5  23   0 -19.60  -47.60  0.35E-11
1985   5  23   0 -19.55  -47.60  0.67E-11
1985   5  23   0 -19.50  -47.60  0.31E-11
1985   5  23   0 -19.45  -47.60  0.33E-11
1985   5  23   0 -19.40  -47.60  0.99E-12
1985   5  23   0 -19.35  -47.60  0.35E-11
1985   5  23   0 -19.30  -47.60  0.25E-11
1985   5  23   0 -19.25  -47.60  0.25E-11
1985   5  23   0 -19.15  -47.60  0.44E-12
1985   5  23   0 -19.60  -47.55  0.64E-12
1985   5  23   0 -19.55  -47.55  0.25E-11
1985   5  23   0 -19.50  -47.55  0.26E-11
1985   5  23   0 -19.45  -47.55  0.11E-11
1985   5  23   0 -19.40  -47.55  0.17E-11
1985   5  23   0 -19.35  -47.55  0.30E-11
1985   5  23   0 -19.30  -47.55  0.51E-12
1985   5  23   0 -19.25  -47.55  0.90E-12
1985   5  23   0 -19.50  -47.50  0.63E-12
1985   5  23   0 -19.40  -47.50  0.46E-12
1985   5  23   0 -19.30  -47.50  0.45E-12
1985   5  23   0 -19.50  -47.45  0.46E-12
1985   5  23   0 -19.80  -47.40  0.58E-12
1985   5  23   0 -19.75  -47.40  0.60E-12
1985   5  23   0 -19.35  -47.40  0.51E-12
1985   5  23   0 -19.20  -47.40  0.40E-12
1985   5  23   0 -19.70  -47.35  0.59E-12
