YEAR  MO  DA  HR    LAT     LON Rn2200010
1986   6  26  12 -19.55  -48.20  0.25E-11
1986   6  26  12 -19.50  -48.20  0.15E-11
1986   6  26  12 -19.30  -48.20  0.15E-11
1986   6  26  12 -19.75  -48.15  0.85E-12
1986   6  26  12 -19.70  -48.15  0.85E-12
1986   6  26  12 -19.65  -48.15  0.84E-12
1986   6  26  12 -19.60  -48.15  0.25E-11
1986   6  26  12 -19.55  -48.15  0.41E-11
1986   6  26  12 -19.50  -48.15  0.22E-11
1986   6  26  12 -19.45  -48.15  0.30E-11
1986   6  26  12 -19.40  -48.15  0.15E-11
1986   6  26  12 -19.95  -48.10  0.25E-11
1986   6  26  12 -19.90  -48.10  0.60E-11
1986   6  26  12 -19.85  -48.10  0.69E-11
1986   6  26  12 -19.80  -48.10  0.95E-11
1986   6  26  12 -19.75  -48.10  0.11E-10
1986   6  26  12 -19.70  -48.10  0.77E-11
1986   6  26  12 -19.65  -48.10  0.77E-11
1986   6  26  12 -19.60  -48.10  0.98E-11
1986   6  26  12 -19.55  -48.10  0.42E-11
1986   6  26  12 -19.50  -48.10  0.73E-11
1986   6  26  12 -19.45  -48.10  0.33E-11
1986   6  26  12 -19.40  -48.10  0.11E-11
1986   6  26  12 -19.35  -48.10  0.11E-11
1986   6  26  12 -20.05  -48.05  0.35E-11
1986   6  26  12 -20.00  -48.05  0.23E-10
1986   6  26  12 -19.95  -48.05  0.77E-11
1986   6  26  12 -19.90  -48.05  0.18E-10
1986   6  26  12 -19.85  -48.05  0.17E-10
1986   6  26  12 -19.80  -48.05  0.10E-10
1986   6  26  12 -19.75  -48.05  0.82E-11
1986   6  26  12 -19.70  -48.05  0.16E-10
1986   6  26  12 -19.65  -48.05  0.64E-11
1986   6  26  12 -19.60  -48.05  0.51E-11
1986   6  26  12 -19.55  -48.05  0.60E-11
1986   6  26  12 -19.50  -48.05  0.30E-11
1986   6  26  12 -19.45  -48.05  0.57E-11
1986   6  26  12 -19.40  -48.05  0.44E-11
1986   6  26  12 -19.35  -48.05  0.22E-11
1986   6  26  12 -20.05  -48.00  0.39E-10
1986   6  26  12 -20.00  -48.00  0.34E-10
1986   6  26  12 -19.95  -48.00  0.34E-10
1986   6  26  12 -19.90  -48.00  0.19E-10
1986   6  26  12 -19.85  -48.00  0.13E-10
1986   6  26  12 -19.80  -48.00  0.12E-10
1986   6  26  12 -19.75  -48.00  0.15E-10
1986   6  26  12 -19.70  -48.00  0.19E-10
1986   6  26  12 -19.65  -48.00  0.69E-11
1986   6  26  12 -19.60  -48.00  0.13E-10
1986   6  26  12 -19.55  -48.00  0.78E-11
1986   6  26  12 -19.50  -48.00  0.13E-10
1986   6  26  12 -19.45  -48.00  0.15E-10
1986   6  26  12 -19.40  -48.00  0.87E-11
1986   6  26  12 -19.35  -48.00  0.22E-11
1986   6  26  12 -19.30  -48.00  0.74E-12
1986   6  26  12 -20.05  -47.95  0.60E-10
1986   6  26  12 -20.00  -47.95  0.14E-09
1986   6  26  12 -19.95  -47.95  0.69E-10
1986   6  26  12 -19.90  -47.95  0.55E-10
1986   6  26  12 -19.85  -47.95  0.21E-10
1986   6  26  12 -19.80  -47.95  0.28E-10
1986   6  26  12 -19.75  -47.95  0.20E-10
1986   6  26  12 -19.70  -47.95  0.21E-10
1986   6  26  12 -19.65  -47.95  0.22E-10
1986   6  26  12 -19.60  -47.95  0.20E-10
1986   6  26  12 -19.55  -47.95  0.25E-10
1986   6  26  12 -19.50  -47.95  0.32E-10
1986   6  26  12 -19.45  -47.95  0.31E-10
1986   6  26  12 -19.40  -47.95  0.19E-10
1986   6  26  12 -19.35  -47.95  0.56E-12
1986   6  26  12 -20.05  -47.90  0.18E-11
1986   6  26  12 -20.00  -47.90  0.38E-09
1986   6  26  12 -19.95  -47.90  0.38E-09
1986   6  26  12 -19.90  -47.90  0.19E-09
1986   6  26  12 -19.85  -47.90  0.18E-09
1986   6  26  12 -19.80  -47.90  0.17E-09
1986   6  26  12 -19.75  -47.90  0.12E-09
1986   6  26  12 -19.70  -47.90  0.10E-09
1986   6  26  12 -19.65  -47.90  0.93E-10
1986   6  26  12 -19.60  -47.90  0.71E-10
1986   6  26  12 -19.55  -47.90  0.51E-10
1986   6  26  12 -19.50  -47.90  0.35E-10
1986   6  26  12 -19.45  -47.90  0.87E-11
1986   6  26  12 -19.40  -47.90  0.57E-12
1986   6  26  12 -20.00  -47.85  0.36E-11
1986   6  26  12 -19.95  -47.85  0.55E-09
1986   6  26  12 -19.90  -47.85  0.41E-09
1986   6  26  12 -19.85  -47.85  0.22E-09
1986   6  26  12 -19.80  -47.85  0.12E-09
1986   6  26  12 -19.75  -47.85  0.98E-10
1986   6  26  12 -19.70  -47.85  0.70E-10
1986   6  26  12 -19.65  -47.85  0.38E-10
1986   6  26  12 -19.60  -47.85  0.14E-10
1986   6  26  12 -19.55  -47.85  0.54E-11
1986   6  27   0 -19.65  -48.40  0.71E-12
1986   6  27   0 -19.65  -48.35  0.11E-11
1986   6  27   0 -19.60  -48.35  0.81E-12
1986   6  27   0 -19.80  -48.30  0.16E-11
1986   6  27   0 -19.75  -48.30  0.17E-11
1986   6  27   0 -19.70  -48.30  0.35E-11
1986   6  27   0 -19.65  -48.30  0.34E-11
1986   6  27   0 -19.60  -48.30  0.16E-11
1986   6  27   0 -19.55  -48.30  0.27E-11
1986   6  27   0 -19.40  -48.30  0.72E-12
1986   6  27   0 -19.95  -48.25  0.62E-12
1986   6  27   0 -19.90  -48.25  0.44E-11
1986   6  27   0 -19.85  -48.25  0.21E-11
1986   6  27   0 -19.80  -48.25  0.64E-11
1986   6  27   0 -19.75  -48.25  0.17E-11
1986   6  27   0 -19.70  -48.25  0.66E-11
1986   6  27   0 -19.65  -48.25  0.11E-10
1986   6  27   0 -19.60  -48.25  0.14E-11
1986   6  27   0 -19.55  -48.25  0.60E-11
1986   6  27   0 -19.50  -48.25  0.29E-11
1986   6  27   0 -19.45  -48.25  0.11E-11
1986   6  27   0 -20.10  -48.20  0.83E-12
1986   6  27   0 -20.05  -48.20  0.23E-11
1986   6  27   0 -20.00  -48.20  0.72E-11
1986   6  27   0 -19.95  -48.20  0.16E-10
1986   6  27   0 -19.90  -48.20  0.17E-10
1986   6  27   0 -19.85  -48.20  0.12E-10
1986   6  27   0 -19.80  -48.20  0.12E-10
1986   6  27   0 -19.75  -48.20  0.11E-10
1986   6  27   0 -19.70  -48.20  0.12E-10
1986   6  27   0 -19.65  -48.20  0.35E-11
1986   6  27   0 -19.60  -48.20  0.41E-11
1986   6  27   0 -19.55  -48.20  0.38E-11
1986   6  27   0 -19.50  -48.20  0.27E-11
1986   6  27   0 -19.45  -48.20  0.14E-11
1986   6  27   0 -20.15  -48.15  0.69E-11
1986   6  27   0 -20.10  -48.15  0.18E-10
1986   6  27   0 -20.05  -48.15  0.21E-10
1986   6  27   0 -20.00  -48.15  0.18E-10
1986   6  27   0 -19.95  -48.15  0.20E-10
1986   6  27   0 -19.90  -48.15  0.13E-10
1986   6  27   0 -19.85  -48.15  0.15E-10
1986   6  27   0 -19.80  -48.15  0.51E-11
1986   6  27   0 -19.75  -48.15  0.99E-11
1986   6  27   0 -19.70  -48.15  0.35E-11
1986   6  27   0 -19.65  -48.15  0.84E-12
1986   6  27   0 -19.60  -48.15  0.17E-11
1986   6  27   0 -19.55  -48.15  0.73E-12
1986   6  27   0 -19.50  -48.15  0.83E-12
1986   6  27   0 -19.45  -48.15  0.84E-12
1986   6  27   0 -20.20  -48.10  0.43E-11
1986   6  27   0 -20.15  -48.10  0.42E-10
1986   6  27   0 -20.10  -48.10  0.40E-10
1986   6  27   0 -20.05  -48.10  0.35E-10
1986   6  27   0 -20.00  -48.10  0.23E-10
1986   6  27   0 -19.95  -48.10  0.11E-10
1986   6  27   0 -19.90  -48.10  0.76E-11
1986   6  27   0 -19.85  -48.10  0.27E-11
1986   6  27   0 -19.75  -48.10  0.96E-12
1986   6  27   0 -19.70  -48.10  0.42E-12
1986   6  27   0 -20.20  -48.05  0.52E-11
1986   6  27   0 -20.15  -48.05  0.44E-10
1986   6  27   0 -20.10  -48.05  0.72E-10
1986   6  27   0 -20.05  -48.05  0.24E-10
1986   6  27   0 -20.00  -48.05  0.14E-11
1986   6  27   0 -19.95  -48.05  0.16E-11
1986   6  27   0 -19.90  -48.05  0.49E-12
1986   6  27   0 -19.70  -48.05  0.15E-11
1986   6  27   0 -19.65  -48.05  0.96E-12
1986   6  27   0 -19.60  -48.05  0.18E-11
1986   6  27   0 -19.40  -48.05  0.40E-12
1986   6  27   0 -19.30  -48.05  0.50E-12
1986   6  27   0 -20.20  -48.00  0.11E-10
1986   6  27   0 -20.15  -48.00  0.21E-10
1986   6  27   0 -20.10  -48.00  0.65E-10
1986   6  27   0 -20.05  -48.00  0.32E-10
1986   6  27   0 -19.95  -48.00  0.50E-12
1986   6  27   0 -19.90  -48.00  0.48E-12
1986   6  27   0 -19.85  -48.00  0.48E-12
1986   6  27   0 -19.75  -48.00  0.19E-11
1986   6  27   0 -19.70  -48.00  0.48E-12
1986   6  27   0 -19.65  -48.00  0.19E-11
1986   6  27   0 -19.60  -48.00  0.14E-11
1986   6  27   0 -19.55  -48.00  0.88E-12
1986   6  27   0 -19.45  -48.00  0.41E-12
1986   6  27   0 -20.25  -47.95  0.21E-11
1986   6  27   0 -20.20  -47.95  0.38E-11
1986   6  27   0 -20.15  -47.95  0.47E-11
1986   6  27   0 -20.10  -47.95  0.23E-10
1986   6  27   0 -20.05  -47.95  0.54E-10
1986   6  27   0 -20.00  -47.95  0.99E-12
1986   6  27   0 -19.95  -47.95  0.15E-11
1986   6  27   0 -19.90  -47.95  0.19E-11
1986   6  27   0 -19.85  -47.95  0.48E-12
1986   6  27   0 -19.80  -47.95  0.11E-11
1986   6  27   0 -19.75  -47.95  0.65E-12
1986   6  27   0 -19.70  -47.95  0.11E-11
1986   6  27   0 -19.60  -47.95  0.14E-11
1986   6  27   0 -19.55  -47.95  0.58E-12
1986   6  27   0 -19.50  -47.95  0.47E-12
1986   6  27   0 -19.35  -47.95  0.50E-12
1986   6  27   0 -19.30  -47.95  0.41E-12
1986   6  27   0 -20.30  -47.90  0.51E-12
1986   6  27   0 -20.25  -47.90  0.20E-11
1986   6  27   0 -20.20  -47.90  0.37E-11
1986   6  27   0 -20.15  -47.90  0.37E-11
1986   6  27   0 -20.10  -47.90  0.12E-10
1986   6  27   0 -20.05  -47.90  0.64E-10
1986   6  27   0 -20.00  -47.90  0.10E-09
1986   6  27   0 -19.95  -47.90  0.89E-11
1986   6  27   0 -19.90  -47.90  0.12E-10
1986   6  27   0 -19.85  -47.90  0.53E-11
1986   6  27   0 -19.80  -47.90  0.40E-11
1986   6  27   0 -19.75  -47.90  0.16E-11
1986   6  27   0 -19.70  -47.90  0.11E-11
1986   6  27   0 -19.65  -47.90  0.88E-12
1986   6  27   0 -19.60  -47.90  0.95E-12
1986   6  27   0 -19.55  -47.90  0.51E-12
1986   6  27   0 -19.45  -47.90  0.58E-12
1986   6  27   0 -19.25  -47.90  0.58E-12
1986   6  27   0 -20.25  -47.85  0.10E-11
1986   6  27   0 -20.20  -47.85  0.10E-11
1986   6  27   0 -20.15  -47.85  0.21E-11
1986   6  27   0 -20.10  -47.85  0.48E-11
1986   6  27   0 -20.05  -47.85  0.11E-10
1986   6  27   0 -20.00  -47.85  0.64E-10
1986   6  27   0 -19.95  -47.85  0.43E-10
1986   6  27   0 -19.90  -47.85  0.73E-11
1986   6  27   0 -19.85  -47.85  0.55E-11
1986   6  27   0 -19.80  -47.85  0.32E-11
1986   6  27   0 -19.75  -47.85  0.95E-12
1986   6  27   0 -19.70  -47.85  0.41E-12
1986   6  27   0 -19.65  -47.85  0.17E-11
1986   6  27   0 -19.60  -47.85  0.48E-12
1986   6  27   0 -19.55  -47.85  0.41E-12
1986   6  27   0 -19.45  -47.85  0.58E-12
1986   6  27   0 -20.25  -47.80  0.50E-12
1986   6  27   0 -20.20  -47.80  0.15E-11
1986   6  27   0 -20.15  -47.80  0.21E-11
1986   6  27   0 -20.10  -47.80  0.27E-11
1986   6  27   0 -20.05  -47.80  0.41E-11
1986   6  27   0 -20.00  -47.80  0.76E-11
1986   6  27   0 -19.95  -47.80  0.32E-11
1986   6  27   0 -19.90  -47.80  0.31E-11
1986   6  27   0 -19.85  -47.80  0.44E-11
1986   6  27   0 -19.80  -47.80  0.25E-11
1986   6  27   0 -19.75  -47.80  0.31E-11
1986   6  27   0 -19.70  -47.80  0.66E-12
1986   6  27   0 -19.65  -47.80  0.21E-11
1986   6  27   0 -19.55  -47.80  0.41E-12
1986   6  27   0 -19.50  -47.80  0.14E-11
1986   6  27   0 -19.45  -47.80  0.42E-12
1986   6  27   0 -19.40  -47.80  0.58E-12
1986   6  27   0 -19.20  -47.80  0.50E-12
1986   6  27   0 -20.25  -47.75  0.51E-12
1986   6  27   0 -20.20  -47.75  0.51E-11
1986   6  27   0 -20.15  -47.75  0.15E-11
1986   6  27   0 -20.10  -47.75  0.20E-11
1986   6  27   0 -20.05  -47.75  0.43E-11
1986   6  27   0 -20.00  -47.75  0.73E-11
1986   6  27   0 -19.95  -47.75  0.38E-11
1986   6  27   0 -19.85  -47.75  0.33E-11
1986   6  27   0 -19.80  -47.75  0.67E-12
1986   6  27   0 -19.75  -47.75  0.13E-11
1986   6  27   0 -19.70  -47.75  0.11E-11
1986   6  27   0 -19.50  -47.75  0.58E-12
1986   6  27   0 -19.40  -47.75  0.50E-12
1986   6  27   0 -19.30  -47.75  0.58E-12
1986   6  27   0 -18.90  -47.75  0.50E-12
1986   6  27   0 -20.25  -47.70  0.10E-11
1986   6  27   0 -20.20  -47.70  0.21E-11
1986   6  27   0 -20.15  -47.70  0.20E-11
1986   6  27   0 -20.10  -47.70  0.20E-11
1986   6  27   0 -20.05  -47.70  0.31E-11
1986   6  27   0 -20.00  -47.70  0.41E-11
1986   6  27   0 -19.95  -47.70  0.32E-11
1986   6  27   0 -19.90  -47.70  0.21E-11
1986   6  27   0 -19.85  -47.70  0.16E-11
1986   6  27   0 -19.80  -47.70  0.17E-11
1986   6  27   0 -19.75  -47.70  0.21E-11
1986   6  27   0 -19.70  -47.70  0.59E-12
1986   6  27   0 -19.65  -47.70  0.59E-12
1986   6  27   0 -19.60  -47.70  0.11E-11
1986   6  27   0 -19.40  -47.70  0.12E-11
1986   6  27   0 -20.30  -47.65  0.51E-12
1986   6  27   0 -20.20  -47.65  0.52E-12
1986   6  27   0 -20.15  -47.65  0.16E-11
1986   6  27   0 -20.10  -47.65  0.37E-11
1986   6  27   0 -20.05  -47.65  0.48E-11
1986   6  27   0 -20.00  -47.65  0.16E-11
1986   6  27   0 -19.95  -47.65  0.39E-11
1986   6  27   0 -19.90  -47.65  0.17E-11
1986   6  27   0 -19.85  -47.65  0.11E-11
1986   6  27   0 -19.80  -47.65  0.53E-12
1986   6  27   0 -19.75  -47.65  0.16E-11
1986   6  27   0 -19.70  -47.65  0.59E-12
1986   6  27   0 -19.60  -47.65  0.59E-12
1986   6  27   0 -20.25  -47.60  0.10E-11
1986   6  27   0 -20.20  -47.60  0.15E-11
1986   6  27   0 -20.15  -47.60  0.15E-11
1986   6  27   0 -20.10  -47.60  0.15E-11
1986   6  27   0 -20.05  -47.60  0.42E-11
1986   6  27   0 -20.00  -47.60  0.26E-11
1986   6  27   0 -19.95  -47.60  0.32E-11
1986   6  27   0 -19.90  -47.60  0.54E-11
1986   6  27   0 -19.85  -47.60  0.27E-11
1986   6  27   0 -19.70  -47.60  0.66E-12
1986   6  27   0 -19.35  -47.60  0.58E-12
1986   6  27   0 -20.25  -47.55  0.50E-12
1986   6  27   0 -20.20  -47.55  0.51E-12
1986   6  27   0 -20.15  -47.55  0.10E-11
1986   6  27   0 -20.10  -47.55  0.15E-11
1986   6  27   0 -20.05  -47.55  0.53E-11
1986   6  27   0 -20.00  -47.55  0.46E-11
1986   6  27   0 -19.95  -47.55  0.11E-11
1986   6  27   0 -19.90  -47.55  0.53E-12
1986   6  27   0 -19.85  -47.55  0.18E-11
1986   6  27   0 -19.75  -47.55  0.49E-12
1986   6  27   0 -19.70  -47.55  0.65E-12
1986   6  27   0 -19.65  -47.55  0.47E-12
1986   6  27   0 -20.20  -47.50  0.50E-12
1986   6  27   0 -20.15  -47.50  0.99E-12
1986   6  27   0 -20.10  -47.50  0.10E-11
1986   6  27   0 -20.00  -47.50  0.37E-11
1986   6  27   0 -19.95  -47.50  0.22E-11
1986   6  27   0 -19.90  -47.50  0.17E-11
1986   6  27   0 -19.85  -47.50  0.18E-11
1986   6  27   0 -19.80  -47.50  0.24E-11
1986   6  27   0 -19.75  -47.50  0.19E-11
1986   6  27   0 -19.70  -47.50  0.11E-11
1986   6  27   0 -20.20  -47.45  0.10E-11
1986   6  27   0 -20.15  -47.45  0.52E-12
1986   6  27   0 -20.10  -47.45  0.17E-11
1986   6  27   0 -20.05  -47.45  0.16E-11
1986   6  27   0 -20.00  -47.45  0.61E-12
1986   6  27   0 -19.95  -47.45  0.16E-11
1986   6  27   0 -19.90  -47.45  0.27E-11
1986   6  27   0 -19.85  -47.45  0.12E-11
1986   6  27   0 -19.80  -47.45  0.51E-12
1986   6  27   0 -19.75  -47.45  0.64E-12
1986   6  27   0 -19.70  -47.45  0.66E-12
1986   6  27   0 -20.20  -47.40  0.15E-11
1986   6  27   0 -20.15  -47.40  0.15E-11
1986   6  27   0 -20.10  -47.40  0.64E-12
1986   6  27   0 -20.05  -47.40  0.51E-12
1986   6  27   0 -20.00  -47.40  0.21E-11
1986   6  27   0 -19.95  -47.40  0.10E-11
1986   6  27   0 -19.90  -47.40  0.30E-11
1986   6  27   0 -19.85  -47.40  0.12E-11
1986   6  27   0 -19.80  -47.40  0.64E-12
1986   6  27   0 -19.60  -47.40  0.63E-12
1986   6  27   0 -20.20  -47.35  0.52E-12
1986   6  27   0 -20.15  -47.35  0.52E-12
1986   6  27   0 -20.10  -47.35  0.15E-11
1986   6  27   0 -20.05  -47.35  0.52E-12
1986   6  27   0 -19.95  -47.35  0.28E-11
1986   6  27   0 -19.90  -47.35  0.12E-11
1986   6  27   0 -19.85  -47.35  0.11E-11
1986   6  27   0 -19.80  -47.35  0.12E-11
1986   6  27   0 -19.75  -47.35  0.65E-12
1986   6  27   0 -20.10  -47.30  0.10E-11
1986   6  27   0 -20.05  -47.30  0.64E-12
1986   6  27   0 -20.00  -47.30  0.27E-11
1986   6  27   0 -19.95  -47.30  0.24E-11
1986   6  27   0 -19.90  -47.30  0.16E-11
1986   6  27   0 -19.80  -47.30  0.63E-12
1986   6  27   0 -20.05  -47.25  0.10E-11
1986   6  27   0 -20.00  -47.25  0.51E-12
1986   6  27   0 -19.85  -47.25  0.51E-12
1986   6  27   0 -19.80  -47.25  0.65E-12
1986   6  27   0 -19.70  -47.25  0.63E-12
1986   6  27   0 -20.00  -47.20  0.10E-11
1986   6  27   0 -20.05  -47.15  0.52E-12
1986   6  27   0 -19.80  -47.15  0.63E-12
1986   6  27   0 -20.05  -47.10  0.50E-12
1986   6  27   0 -19.75  -47.05  0.63E-12
