YEAR  MO  DA  HR    LAT     LON Rn2200010
1986  12   7  12 -20.10  -48.05  0.12E-09
1986  12   7  12 -20.05  -48.05  0.33E-09
1986  12   7  12 -20.00  -48.05  0.12E-09
1986  12   7  12 -20.10  -48.00  0.44E-09
1986  12   7  12 -20.05  -48.00  0.37E-09
1986  12   7  12 -20.00  -48.00  0.32E-09
1986  12   7  12 -19.95  -48.00  0.62E-10
1986  12   7  12 -20.15  -47.95  0.13E-09
1986  12   7  12 -20.10  -47.95  0.24E-09
1986  12   7  12 -20.05  -47.95  0.25E-09
1986  12   7  12 -20.00  -47.95  0.69E-09
1986  12   7  12 -19.95  -47.95  0.30E-09
1986  12   7  12 -20.15  -47.90  0.94E-10
1986  12   7  12 -20.10  -47.90  0.11E-09
1986  12   7  12 -20.05  -47.90  0.19E-09
1986  12   7  12 -20.00  -47.90  0.11E-08
1986  12   7  12 -19.95  -47.90  0.88E-09
1986  12   7  12 -20.15  -47.85  0.48E-10
1986  12   7  12 -20.10  -47.85  0.87E-10
1986  12   7  12 -20.05  -47.85  0.74E-10
1986  12   7  12 -20.00  -47.85  0.68E-09
1986  12   7  12 -19.95  -47.85  0.49E-10
1986  12   7  12 -20.15  -47.80  0.13E-11
1986  12   7  12 -20.10  -47.80  0.48E-10
1986  12   7  12 -20.05  -47.80  0.25E-09
1986  12   7  12 -20.00  -47.80  0.25E-09
1986  12   7  12 -20.10  -47.75  0.22E-10
1986  12   7  12 -20.05  -47.75  0.92E-10
1986  12   8   0 -20.15  -47.95  0.84E-11
1986  12   8   0 -20.10  -47.95  0.11E-10
1986  12   8   0 -20.15  -47.90  0.71E-10
1986  12   8   0 -20.10  -47.90  0.43E-11
1986  12   8   0 -20.15  -47.85  0.12E-09
1986  12   8   0 -20.10  -47.85  0.29E-11
1986  12   8   0 -20.00  -47.85  0.69E-10
1986  12   8   0 -19.95  -47.85  0.26E-09
1986  12   8   0 -19.90  -47.85  0.74E-10
1986  12   8   0 -19.85  -47.85  0.65E-11
1986  12   8   0 -20.20  -47.80  0.42E-12
1986  12   8   0 -20.15  -47.80  0.11E-09
1986  12   8   0 -20.10  -47.80  0.16E-10
1986  12   8   0 -20.00  -47.80  0.49E-10
1986  12   8   0 -19.95  -47.80  0.26E-10
1986  12   8   0 -19.90  -47.80  0.37E-10
1986  12   8   0 -19.85  -47.80  0.60E-10
1986  12   8   0 -19.80  -47.80  0.36E-10
1986  12   8   0 -19.75  -47.80  0.47E-11
1986  12   8   0 -20.20  -47.75  0.16E-11
1986  12   8   0 -20.15  -47.75  0.80E-10
1986  12   8   0 -20.10  -47.75  0.65E-10
1986  12   8   0 -20.05  -47.75  0.12E-09
1986  12   8   0 -20.00  -47.75  0.43E-10
1986  12   8   0 -19.95  -47.75  0.16E-10
1986  12   8   0 -19.90  -47.75  0.13E-10
1986  12   8   0 -19.85  -47.75  0.82E-11
1986  12   8   0 -19.80  -47.75  0.22E-10
1986  12   8   0 -19.75  -47.75  0.35E-10
1986  12   8   0 -19.70  -47.75  0.20E-10
1986  12   8   0 -19.65  -47.75  0.32E-11
1986  12   8   0 -20.15  -47.70  0.34E-10
1986  12   8   0 -20.10  -47.70  0.87E-10
1986  12   8   0 -20.05  -47.70  0.77E-10
1986  12   8   0 -20.00  -47.70  0.16E-10
1986  12   8   0 -19.95  -47.70  0.12E-10
1986  12   8   0 -19.90  -47.70  0.61E-11
1986  12   8   0 -19.85  -47.70  0.30E-11
1986  12   8   0 -19.80  -47.70  0.26E-11
1986  12   8   0 -19.75  -47.70  0.12E-10
1986  12   8   0 -19.70  -47.70  0.20E-10
1986  12   8   0 -19.65  -47.70  0.17E-10
1986  12   8   0 -19.60  -47.70  0.11E-10
1986  12   8   0 -19.55  -47.70  0.29E-11
1986  12   8   0 -20.15  -47.65  0.10E-10
1986  12   8   0 -20.10  -47.65  0.74E-10
1986  12   8   0 -20.05  -47.65  0.70E-10
1986  12   8   0 -20.00  -47.65  0.24E-10
1986  12   8   0 -19.95  -47.65  0.96E-11
1986  12   8   0 -19.90  -47.65  0.68E-11
1986  12   8   0 -19.85  -47.65  0.60E-11
1986  12   8   0 -19.80  -47.65  0.43E-11
1986  12   8   0 -19.75  -47.65  0.60E-11
1986  12   8   0 -19.70  -47.65  0.39E-11
1986  12   8   0 -19.65  -47.65  0.12E-10
1986  12   8   0 -19.60  -47.65  0.14E-10
1986  12   8   0 -19.55  -47.65  0.11E-10
1986  12   8   0 -19.50  -47.65  0.11E-11
1986  12   8   0 -20.15  -47.60  0.42E-12
1986  12   8   0 -20.10  -47.60  0.38E-10
1986  12   8   0 -20.05  -47.60  0.64E-10
1986  12   8   0 -20.00  -47.60  0.26E-10
1986  12   8   0 -19.95  -47.60  0.18E-10
1986  12   8   0 -19.90  -47.60  0.88E-11
1986  12   8   0 -19.85  -47.60  0.74E-11
1986  12   8   0 -19.80  -47.60  0.67E-11
1986  12   8   0 -19.75  -47.60  0.60E-11
1986  12   8   0 -19.70  -47.60  0.34E-11
1986  12   8   0 -19.65  -47.60  0.55E-11
1986  12   8   0 -19.60  -47.60  0.71E-11
1986  12   8   0 -19.55  -47.60  0.82E-11
1986  12   8   0 -19.50  -47.60  0.11E-10
1986  12   8   0 -19.45  -47.60  0.13E-11
1986  12   8   0 -20.10  -47.55  0.72E-11
1986  12   8   0 -20.05  -47.55  0.48E-10
1986  12   8   0 -20.00  -47.55  0.43E-10
1986  12   8   0 -19.95  -47.55  0.24E-10
1986  12   8   0 -19.90  -47.55  0.10E-10
1986  12   8   0 -19.85  -47.55  0.11E-10
1986  12   8   0 -19.80  -47.55  0.61E-11
1986  12   8   0 -19.75  -47.55  0.39E-11
1986  12   8   0 -19.70  -47.55  0.43E-11
1986  12   8   0 -19.65  -47.55  0.46E-11
1986  12   8   0 -19.60  -47.55  0.10E-10
1986  12   8   0 -19.55  -47.55  0.60E-11
1986  12   8   0 -19.50  -47.55  0.72E-11
1986  12   8   0 -19.45  -47.55  0.52E-11
1986  12   8   0 -19.40  -47.55  0.31E-11
1986  12   8   0 -20.05  -47.50  0.10E-10
1986  12   8   0 -20.00  -47.50  0.34E-10
1986  12   8   0 -19.95  -47.50  0.47E-10
1986  12   8   0 -19.90  -47.50  0.36E-10
1986  12   8   0 -19.85  -47.50  0.15E-10
1986  12   8   0 -19.80  -47.50  0.11E-10
1986  12   8   0 -19.75  -47.50  0.14E-10
1986  12   8   0 -19.70  -47.50  0.97E-11
1986  12   8   0 -19.65  -47.50  0.73E-11
1986  12   8   0 -19.60  -47.50  0.55E-11
1986  12   8   0 -19.55  -47.50  0.20E-11
1986  12   8   0 -19.50  -47.50  0.30E-11
1986  12   8   0 -19.45  -47.50  0.42E-11
1986  12   8   0 -19.40  -47.50  0.17E-11
1986  12   8   0 -20.05  -47.45  0.17E-11
1986  12   8   0 -20.00  -47.45  0.63E-11
1986  12   8   0 -19.95  -47.45  0.22E-10
1986  12   8   0 -19.90  -47.45  0.43E-10
1986  12   8   0 -19.85  -47.45  0.38E-10
1986  12   8   0 -19.80  -47.45  0.25E-10
1986  12   8   0 -19.75  -47.45  0.13E-10
1986  12   8   0 -19.70  -47.45  0.14E-10
1986  12   8   0 -19.65  -47.45  0.11E-10
1986  12   8   0 -19.60  -47.45  0.92E-11
1986  12   8   0 -19.55  -47.45  0.90E-11
1986  12   8   0 -19.50  -47.45  0.65E-11
1986  12   8   0 -19.45  -47.45  0.35E-11
1986  12   8   0 -19.40  -47.45  0.43E-11
1986  12   8   0 -19.90  -47.40  0.50E-11
1986  12   8   0 -19.85  -47.40  0.26E-10
1986  12   8   0 -19.80  -47.40  0.37E-10
1986  12   8   0 -19.75  -47.40  0.37E-10
1986  12   8   0 -19.70  -47.40  0.26E-10
1986  12   8   0 -19.65  -47.40  0.13E-10
1986  12   8   0 -19.60  -47.40  0.12E-10
1986  12   8   0 -19.55  -47.40  0.91E-11
1986  12   8   0 -19.50  -47.40  0.71E-11
1986  12   8   0 -19.45  -47.40  0.71E-11
1986  12   8   0 -19.40  -47.40  0.34E-11
1986  12   8   0 -19.35  -47.40  0.61E-12
1986  12   8   0 -19.30  -47.40  0.12E-11
1986  12   8   0 -19.85  -47.35  0.42E-12
1986  12   8   0 -19.80  -47.35  0.59E-11
1986  12   8   0 -19.75  -47.35  0.19E-10
1986  12   8   0 -19.70  -47.35  0.35E-10
1986  12   8   0 -19.65  -47.35  0.36E-10
1986  12   8   0 -19.60  -47.35  0.24E-10
1986  12   8   0 -19.55  -47.35  0.15E-10
1986  12   8   0 -19.50  -47.35  0.10E-10
1986  12   8   0 -19.45  -47.35  0.44E-11
1986  12   8   0 -19.40  -47.35  0.52E-11
1986  12   8   0 -19.35  -47.35  0.43E-11
1986  12   8   0 -19.75  -47.30  0.42E-12
1986  12   8   0 -19.70  -47.30  0.33E-11
1986  12   8   0 -19.65  -47.30  0.23E-10
1986  12   8   0 -19.60  -47.30  0.37E-10
1986  12   8   0 -19.55  -47.30  0.37E-10
1986  12   8   0 -19.50  -47.30  0.16E-10
1986  12   8   0 -19.45  -47.30  0.48E-11
1986  12   8   0 -19.40  -47.30  0.37E-11
1986  12   8   0 -19.35  -47.30  0.30E-11
1986  12   8   0 -19.60  -47.25  0.89E-11
1986  12   8   0 -19.55  -47.25  0.36E-10
1986  12   8   0 -19.50  -47.25  0.32E-10
1986  12   8   0 -19.45  -47.25  0.15E-10
1986  12   8   0 -19.40  -47.25  0.31E-11
1986  12   8   0 -19.55  -47.20  0.20E-11
1986  12   8   0 -19.50  -47.20  0.20E-10
1986  12   8   0 -19.45  -47.20  0.17E-10
1986  12   8   0 -19.40  -47.20  0.61E-12
1986  12   8   0 -19.55  -47.15  0.48E-12
1986  12   8   0 -19.50  -47.15  0.24E-11
1986  12   8   0 -19.45  -47.15  0.18E-11
