YEAR  MO  DA  HR    LAT     LON Rn2200010
1987   7  31  12 -20.00  -47.85  0.11E-08
1987   7  31  12 -19.95  -47.85  0.26E-09
1987   7  31  12 -20.05  -47.80  0.87E-11
1987   7  31  12 -20.00  -47.80  0.71E-09
1987   7  31  12 -19.95  -47.80  0.58E-09
1987   7  31  12 -20.05  -47.75  0.14E-10
1987   7  31  12 -20.00  -47.75  0.41E-09
1987   7  31  12 -19.95  -47.75  0.42E-09
1987   7  31  12 -19.90  -47.75  0.59E-11
1987   7  31  12 -20.10  -47.70  0.25E-12
1987   7  31  12 -20.05  -47.70  0.12E-10
1987   7  31  12 -20.00  -47.70  0.29E-09
1987   7  31  12 -19.95  -47.70  0.44E-09
1987   7  31  12 -19.90  -47.70  0.10E-09
1987   7  31  12 -20.10  -47.65  0.25E-12
1987   7  31  12 -20.05  -47.65  0.14E-10
1987   7  31  12 -20.00  -47.65  0.21E-09
1987   7  31  12 -19.95  -47.65  0.30E-09
1987   7  31  12 -19.90  -47.65  0.19E-09
1987   7  31  12 -20.05  -47.60  0.14E-10
1987   7  31  12 -20.00  -47.60  0.17E-09
1987   7  31  12 -19.95  -47.60  0.23E-09
1987   7  31  12 -19.90  -47.60  0.19E-09
1987   7  31  12 -20.10  -47.55  0.25E-12
1987   7  31  12 -20.05  -47.55  0.88E-11
1987   7  31  12 -20.00  -47.55  0.14E-09
1987   7  31  12 -19.95  -47.55  0.19E-09
1987   7  31  12 -19.90  -47.55  0.21E-09
1987   7  31  12 -19.85  -47.55  0.37E-10
1987   7  31  12 -20.05  -47.50  0.12E-10
1987   7  31  12 -20.00  -47.50  0.11E-09
1987   7  31  12 -19.95  -47.50  0.16E-09
1987   7  31  12 -19.90  -47.50  0.15E-09
1987   7  31  12 -19.85  -47.50  0.66E-10
1987   7  31  12 -20.05  -47.45  0.93E-11
1987   7  31  12 -20.00  -47.45  0.82E-10
1987   7  31  12 -19.95  -47.45  0.10E-09
1987   7  31  12 -19.90  -47.45  0.66E-10
1987   7  31  12 -19.85  -47.45  0.47E-10
1987   7  31  12 -20.05  -47.40  0.62E-11
1987   7  31  12 -20.00  -47.40  0.62E-10
1987   7  31  12 -19.95  -47.40  0.69E-10
1987   7  31  12 -19.90  -47.40  0.38E-10
1987   7  31  12 -19.85  -47.40  0.43E-10
1987   7  31  12 -20.05  -47.35  0.48E-11
1987   7  31  12 -20.00  -47.35  0.40E-10
1987   7  31  12 -19.95  -47.35  0.39E-10
1987   7  31  12 -19.90  -47.35  0.30E-10
1987   7  31  12 -19.85  -47.35  0.23E-10
1987   7  31  12 -19.80  -47.35  0.46E-11
1987   7  31  12 -20.05  -47.30  0.15E-11
1987   7  31  12 -20.00  -47.30  0.30E-10
1987   7  31  12 -19.95  -47.30  0.31E-10
1987   7  31  12 -19.90  -47.30  0.28E-10
1987   7  31  12 -19.85  -47.30  0.18E-10
1987   7  31  12 -19.80  -47.30  0.13E-10
1987   7  31  12 -20.05  -47.25  0.18E-11
1987   7  31  12 -20.00  -47.25  0.40E-10
1987   7  31  12 -19.95  -47.25  0.18E-10
1987   7  31  12 -19.90  -47.25  0.22E-10
1987   7  31  12 -19.85  -47.25  0.15E-10
1987   7  31  12 -19.80  -47.25  0.10E-10
1987   7  31  12 -19.75  -47.25  0.23E-12
1987   7  31  12 -20.00  -47.20  0.25E-10
1987   7  31  12 -19.95  -47.20  0.21E-10
1987   7  31  12 -19.90  -47.20  0.14E-10
1987   7  31  12 -19.85  -47.20  0.11E-10
1987   7  31  12 -19.80  -47.20  0.11E-10
1987   7  31  12 -19.75  -47.20  0.23E-11
1987   7  31  12 -20.00  -47.15  0.68E-11
1987   7  31  12 -19.95  -47.15  0.15E-10
1987   7  31  12 -19.90  -47.15  0.13E-10
1987   7  31  12 -19.85  -47.15  0.12E-10
1987   7  31  12 -19.80  -47.15  0.12E-10
1987   7  31  12 -19.75  -47.15  0.67E-11
1987   7  31  12 -19.95  -47.10  0.10E-10
1987   7  31  12 -19.90  -47.10  0.98E-11
1987   7  31  12 -19.85  -47.10  0.11E-10
1987   7  31  12 -19.80  -47.10  0.11E-10
1987   7  31  12 -19.75  -47.10  0.93E-11
1987   7  31  12 -19.70  -47.10  0.12E-11
1987   7  31  12 -19.95  -47.05  0.12E-11
1987   7  31  12 -19.90  -47.05  0.30E-11
1987   7  31  12 -19.85  -47.05  0.11E-10
1987   7  31  12 -19.80  -47.05  0.94E-11
1987   7  31  12 -19.75  -47.05  0.91E-11
1987   7  31  12 -19.70  -47.05  0.32E-11
1987   7  31  12 -19.90  -47.00  0.17E-11
1987   7  31  12 -19.85  -47.00  0.77E-11
1987   7  31  12 -19.80  -47.00  0.89E-11
1987   7  31  12 -19.75  -47.00  0.70E-11
1987   7  31  12 -19.70  -47.00  0.18E-11
1987   7  31  12 -19.85  -46.95  0.40E-11
1987   7  31  12 -19.80  -46.95  0.27E-11
1987   7  31  12 -19.75  -46.95  0.64E-11
1987   7  31  12 -19.70  -46.95  0.21E-11
1987   7  31  12 -19.65  -46.95  0.45E-12
1987   7  31  12 -19.60  -46.95  0.68E-12
1987   7  31  12 -19.55  -46.95  0.50E-12
1987   7  31  12 -19.85  -46.90  0.12E-11
1987   7  31  12 -19.80  -46.90  0.25E-11
1987   7  31  12 -19.75  -46.90  0.25E-11
1987   7  31  12 -19.70  -46.90  0.27E-11
1987   7  31  12 -19.65  -46.90  0.11E-11
1987   7  31  12 -19.60  -46.90  0.47E-12
1987   7  31  12 -19.55  -46.90  0.25E-12
1987   7  31  12 -19.80  -46.85  0.49E-12
1987   7  31  12 -19.75  -46.85  0.99E-12
1987   7  31  12 -19.70  -46.85  0.22E-11
1987   7  31  12 -19.65  -46.85  0.31E-11
1987   7  31  12 -19.60  -46.85  0.94E-12
1987   7  31  12 -19.55  -46.85  0.99E-12
1987   7  31  12 -19.70  -46.80  0.14E-11
1987   7  31  12 -19.65  -46.80  0.21E-11
1987   7  31  12 -19.60  -46.80  0.16E-11
1987   7  31  12 -19.55  -46.80  0.49E-12
1987   7  31  12 -19.40  -46.80  0.25E-12
1987   7  31  12 -19.35  -46.80  0.25E-12
1987   7  31  12 -19.75  -46.75  0.49E-12
1987   7  31  12 -19.70  -46.75  0.49E-12
1987   7  31  12 -19.65  -46.75  0.94E-12
1987   7  31  12 -19.60  -46.75  0.47E-12
1987   7  31  12 -19.55  -46.75  0.11E-11
1987   7  31  12 -19.50  -46.75  0.47E-12
1987   7  31  12 -19.40  -46.75  0.25E-12
1987   7  31  12 -19.70  -46.70  0.73E-12
1987   7  31  12 -19.60  -46.70  0.11E-11
1987   7  31  12 -19.55  -46.70  0.44E-12
1987   7  31  12 -19.50  -46.70  0.69E-12
1987   7  31  12 -19.35  -46.70  0.22E-12
1987   7  31  12 -19.60  -46.65  0.24E-12
1987   7  31  12 -19.55  -46.65  0.69E-12
1987   7  31  12 -19.50  -46.65  0.25E-12
1987   7  31  12 -19.40  -46.65  0.25E-12
1987   7  31  12 -19.55  -46.60  0.22E-12
1987   7  31  12 -19.50  -46.60  0.22E-12
1987   7  31  12 -19.45  -46.60  0.22E-12
1987   7  31  12 -19.20  -46.60  0.25E-12
1987   7  31  12 -19.55  -46.55  0.22E-12
1987   7  31  12 -19.40  -46.55  0.22E-12
1987   7  31  12 -19.35  -46.55  0.49E-12
1987   7  31  12 -19.30  -46.55  0.22E-12
1987   7  31  12 -19.25  -46.55  0.22E-12
1987   7  31  12 -19.30  -46.50  0.22E-12
1987   7  31  12 -19.25  -46.50  0.22E-12
1987   7  31  12 -19.30  -46.45  0.22E-12
1987   7  31  12 -19.20  -46.45  0.22E-12
1987   7  31  12 -19.45  -46.40  0.22E-12
1987   7  31  12 -19.30  -46.40  0.22E-12
1987   7  31  12 -19.25  -46.40  0.22E-12
1987   7  31  12 -19.15  -46.40  0.22E-12
1987   7  31  12 -19.20  -46.35  0.22E-12
1987   7  31  12 -19.00  -46.25  0.22E-12
1987   7  31  12 -19.15  -46.20  0.22E-12
1987   7  31  12 -18.85  -46.15  0.22E-12
1987   7  31  12 -19.10  -46.10  0.22E-12
1987   7  31  12 -18.95  -46.10  0.44E-12
1987   7  31  12 -18.80  -46.10  0.22E-12
1987   7  31  12 -18.85  -46.05  0.22E-12
1987   8   1   0 -19.30  -48.15  0.51E-12
1987   8   1   0 -19.25  -48.15  0.10E-11
1987   8   1   0 -19.20  -48.15  0.51E-12
1987   8   1   0 -19.25  -48.10  0.10E-11
1987   8   1   0 -19.20  -48.10  0.51E-12
1987   8   1   0 -19.15  -48.10  0.50E-12
1987   8   1   0 -19.10  -48.10  0.50E-12
1987   8   1   0 -19.05  -48.10  0.50E-12
1987   8   1   0 -18.65  -48.10  0.48E-12
1987   8   1   0 -19.60  -48.05  0.10E-11
1987   8   1   0 -19.50  -48.05  0.51E-12
1987   8   1   0 -19.40  -48.05  0.51E-12
1987   8   1   0 -19.35  -48.05  0.51E-12
1987   8   1   0 -19.25  -48.05  0.10E-11
1987   8   1   0 -19.20  -48.05  0.50E-12
1987   8   1   0 -19.15  -48.05  0.10E-11
1987   8   1   0 -19.10  -48.05  0.15E-11
1987   8   1   0 -19.05  -48.05  0.50E-12
1987   8   1   0 -19.00  -48.05  0.50E-12
1987   8   1   0 -18.85  -48.05  0.48E-12
1987   8   1   0 -18.80  -48.05  0.48E-12
1987   8   1   0 -18.75  -48.05  0.48E-12
1987   8   1   0 -18.70  -48.05  0.48E-12
1987   8   1   0 -18.35  -48.05  0.47E-12
1987   8   1   0 -18.25  -48.05  0.47E-12
1987   8   1   0 -19.60  -48.00  0.15E-11
1987   8   1   0 -19.55  -48.00  0.10E-11
1987   8   1   0 -19.50  -48.00  0.51E-12
1987   8   1   0 -19.40  -48.00  0.15E-11
1987   8   1   0 -19.35  -48.00  0.10E-11
1987   8   1   0 -19.30  -48.00  0.51E-12
1987   8   1   0 -19.25  -48.00  0.20E-11
1987   8   1   0 -19.20  -48.00  0.10E-11
1987   8   1   0 -19.15  -48.00  0.10E-11
1987   8   1   0 -19.05  -48.00  0.15E-11
1987   8   1   0 -19.00  -48.00  0.50E-12
1987   8   1   0 -18.95  -48.00  0.15E-11
1987   8   1   0 -18.90  -48.00  0.24E-11
1987   8   1   0 -18.85  -48.00  0.49E-12
1987   8   1   0 -18.75  -48.00  0.48E-12
1987   8   1   0 -18.65  -48.00  0.46E-12
1987   8   1   0 -19.85  -47.95  0.11E-11
1987   8   1   0 -19.80  -47.95  0.63E-11
1987   8   1   0 -19.75  -47.95  0.62E-11
1987   8   1   0 -19.70  -47.95  0.47E-11
1987   8   1   0 -19.65  -47.95  0.47E-11
1987   8   1   0 -19.60  -47.95  0.67E-11
1987   8   1   0 -19.55  -47.95  0.31E-11
1987   8   1   0 -19.50  -47.95  0.26E-11
1987   8   1   0 -19.45  -47.95  0.36E-11
1987   8   1   0 -19.40  -47.95  0.10E-11
1987   8   1   0 -19.35  -47.95  0.93E-12
1987   8   1   0 -19.30  -47.95  0.30E-11
1987   8   1   0 -19.25  -47.95  0.51E-12
1987   8   1   0 -19.20  -47.95  0.10E-11
1987   8   1   0 -19.15  -47.95  0.15E-11
1987   8   1   0 -19.10  -47.95  0.10E-11
1987   8   1   0 -19.05  -47.95  0.20E-11
1987   8   1   0 -19.00  -47.95  0.50E-12
1987   8   1   0 -18.95  -47.95  0.23E-11
1987   8   1   0 -18.90  -47.95  0.98E-12
1987   8   1   0 -18.80  -47.95  0.48E-12
1987   8   1   0 -18.75  -47.95  0.14E-11
1987   8   1   0 -18.70  -47.95  0.96E-12
1987   8   1   0 -18.65  -47.95  0.48E-12
1987   8   1   0 -18.60  -47.95  0.47E-12
1987   8   1   0 -18.55  -47.95  0.47E-12
1987   8   1   0 -18.50  -47.95  0.47E-12
1987   8   1   0 -19.95  -47.90  0.78E-10
1987   8   1   0 -19.90  -47.90  0.51E-10
1987   8   1   0 -19.85  -47.90  0.45E-10
1987   8   1   0 -19.80  -47.90  0.28E-10
1987   8   1   0 -19.75  -47.90  0.16E-10
1987   8   1   0 -19.70  -47.90  0.81E-11
1987   8   1   0 -19.65  -47.90  0.51E-11
1987   8   1   0 -19.60  -47.90  0.46E-11
1987   8   1   0 -19.55  -47.90  0.33E-11
1987   8   1   0 -19.50  -47.90  0.34E-11
1987   8   1   0 -19.45  -47.90  0.43E-11
1987   8   1   0 -19.40  -47.90  0.28E-11
1987   8   1   0 -19.35  -47.90  0.21E-11
1987   8   1   0 -19.30  -47.90  0.28E-11
1987   8   1   0 -19.25  -47.90  0.19E-11
1987   8   1   0 -19.20  -47.90  0.23E-11
1987   8   1   0 -19.15  -47.90  0.14E-11
1987   8   1   0 -19.10  -47.90  0.25E-11
1987   8   1   0 -19.05  -47.90  0.14E-11
1987   8   1   0 -19.00  -47.90  0.98E-12
1987   8   1   0 -18.95  -47.90  0.98E-12
1987   8   1   0 -18.90  -47.90  0.96E-12
1987   8   1   0 -18.75  -47.90  0.96E-12
1987   8   1   0 -18.65  -47.90  0.47E-12
1987   8   1   0 -18.60  -47.90  0.47E-12
1987   8   1   0 -18.55  -47.90  0.47E-12
1987   8   1   0 -20.00  -47.85  0.30E-09
1987   8   1   0 -19.95  -47.85  0.23E-09
1987   8   1   0 -19.90  -47.85  0.51E-10
1987   8   1   0 -19.85  -47.85  0.23E-10
1987   8   1   0 -19.80  -47.85  0.18E-10
1987   8   1   0 -19.75  -47.85  0.12E-10
1987   8   1   0 -19.70  -47.85  0.43E-11
1987   8   1   0 -19.65  -47.85  0.75E-11
1987   8   1   0 -19.60  -47.85  0.41E-11
1987   8   1   0 -19.55  -47.85  0.15E-11
1987   8   1   0 -19.50  -47.85  0.17E-11
1987   8   1   0 -19.45  -47.85  0.18E-11
1987   8   1   0 -19.40  -47.85  0.30E-11
1987   8   1   0 -19.35  -47.85  0.22E-11
1987   8   1   0 -19.30  -47.85  0.21E-11
1987   8   1   0 -19.25  -47.85  0.29E-11
1987   8   1   0 -19.20  -47.85  0.14E-11
1987   8   1   0 -19.15  -47.85  0.23E-11
1987   8   1   0 -19.10  -47.85  0.30E-11
1987   8   1   0 -19.05  -47.85  0.28E-11
1987   8   1   0 -19.00  -47.85  0.80E-12
1987   8   1   0 -18.95  -47.85  0.19E-11
1987   8   1   0 -18.90  -47.85  0.14E-11
1987   8   1   0 -18.85  -47.85  0.13E-11
1987   8   1   0 -18.80  -47.85  0.40E-12
1987   8   1   0 -18.75  -47.85  0.40E-12
1987   8   1   0 -18.70  -47.85  0.13E-11
1987   8   1   0 -18.65  -47.85  0.46E-12
1987   8   1   0 -18.55  -47.85  0.46E-12
1987   8   1   0 -18.50  -47.85  0.48E-12
1987   8   1   0 -18.40  -47.85  0.47E-12
1987   8   1   0 -20.05  -47.80  0.17E-10
1987   8   1   0 -20.00  -47.80  0.32E-10
1987   8   1   0 -19.95  -47.80  0.28E-10
1987   8   1   0 -19.90  -47.80  0.17E-10
1987   8   1   0 -19.85  -47.80  0.97E-11
1987   8   1   0 -19.80  -47.80  0.56E-11
1987   8   1   0 -19.75  -47.80  0.56E-11
1987   8   1   0 -19.70  -47.80  0.30E-11
1987   8   1   0 -19.65  -47.80  0.34E-11
1987   8   1   0 -19.60  -47.80  0.30E-11
1987   8   1   0 -19.55  -47.80  0.69E-11
1987   8   1   0 -19.50  -47.80  0.39E-11
1987   8   1   0 -19.45  -47.80  0.43E-11
1987   8   1   0 -19.40  -47.80  0.34E-11
1987   8   1   0 -19.35  -47.80  0.17E-11
1987   8   1   0 -19.30  -47.80  0.18E-11
1987   8   1   0 -19.25  -47.80  0.12E-11
1987   8   1   0 -19.20  -47.80  0.13E-11
1987   8   1   0 -19.15  -47.80  0.29E-11
1987   8   1   0 -19.10  -47.80  0.13E-11
1987   8   1   0 -19.05  -47.80  0.41E-12
1987   8   1   0 -19.00  -47.80  0.20E-11
1987   8   1   0 -18.95  -47.80  0.23E-11
1987   8   1   0 -18.90  -47.80  0.48E-12
1987   8   1   0 -18.80  -47.80  0.48E-12
1987   8   1   0 -18.75  -47.80  0.48E-12
1987   8   1   0 -18.70  -47.80  0.14E-11
1987   8   1   0 -18.65  -47.80  0.94E-12
1987   8   1   0 -18.60  -47.80  0.47E-12
1987   8   1   0 -18.55  -47.80  0.40E-12
1987   8   1   0 -18.50  -47.80  0.93E-12
1987   8   1   0 -18.40  -47.80  0.92E-12
1987   8   1   0 -18.00  -47.80  0.46E-12
1987   8   1   0 -20.10  -47.75  0.26E-12
1987   8   1   0 -20.05  -47.75  0.11E-10
1987   8   1   0 -20.00  -47.75  0.74E-11
1987   8   1   0 -19.95  -47.75  0.13E-11
1987   8   1   0 -19.90  -47.75  0.34E-11
1987   8   1   0 -19.85  -47.75  0.29E-11
1987   8   1   0 -19.80  -47.75  0.49E-11
1987   8   1   0 -19.75  -47.75  0.46E-11
1987   8   1   0 -19.70  -47.75  0.21E-11
1987   8   1   0 -19.65  -47.75  0.21E-11
1987   8   1   0 -19.60  -47.75  0.25E-11
1987   8   1   0 -19.55  -47.75  0.21E-11
1987   8   1   0 -19.50  -47.75  0.25E-11
1987   8   1   0 -19.45  -47.75  0.83E-12
1987   8   1   0 -19.40  -47.75  0.12E-11
1987   8   1   0 -19.35  -47.75  0.13E-11
1987   8   1   0 -19.30  -47.75  0.16E-11
1987   8   1   0 -19.25  -47.75  0.17E-11
1987   8   1   0 -19.20  -47.75  0.12E-11
1987   8   1   0 -19.15  -47.75  0.21E-11
1987   8   1   0 -19.10  -47.75  0.13E-11
1987   8   1   0 -19.05  -47.75  0.23E-11
1987   8   1   0 -19.00  -47.75  0.25E-11
1987   8   1   0 -18.95  -47.75  0.88E-12
1987   8   1   0 -18.90  -47.75  0.48E-12
1987   8   1   0 -18.85  -47.75  0.13E-11
1987   8   1   0 -18.80  -47.75  0.48E-12
1987   8   1   0 -18.75  -47.75  0.94E-12
1987   8   1   0 -18.55  -47.75  0.47E-12
1987   8   1   0 -18.50  -47.75  0.46E-12
1987   8   1   0 -18.20  -47.75  0.46E-12
1987   8   1   0 -18.05  -47.75  0.47E-12
1987   8   1   0 -20.05  -47.70  0.71E-11
1987   8   1   0 -20.00  -47.70  0.71E-11
1987   8   1   0 -19.95  -47.70  0.22E-11
1987   8   1   0 -19.90  -47.70  0.67E-12
1987   8   1   0 -19.85  -47.70  0.42E-12
1987   8   1   0 -19.80  -47.70  0.25E-12
1987   8   1   0 -19.75  -47.70  0.84E-12
1987   8   1   0 -19.70  -47.70  0.13E-11
1987   8   1   0 -19.60  -47.70  0.41E-12
1987   8   1   0 -19.55  -47.70  0.42E-12
1987   8   1   0 -19.50  -47.70  0.42E-12
1987   8   1   0 -19.45  -47.70  0.83E-12
1987   8   1   0 -19.40  -47.70  0.21E-11
1987   8   1   0 -19.35  -47.70  0.82E-12
1987   8   1   0 -19.30  -47.70  0.16E-11
1987   8   1   0 -19.25  -47.70  0.29E-11
1987   8   1   0 -19.20  -47.70  0.24E-11
1987   8   1   0 -19.15  -47.70  0.12E-11
1987   8   1   0 -19.10  -47.70  0.12E-11
1987   8   1   0 -19.05  -47.70  0.20E-11
1987   8   1   0 -19.00  -47.70  0.17E-11
1987   8   1   0 -18.95  -47.70  0.21E-11
1987   8   1   0 -18.90  -47.70  0.17E-11
1987   8   1   0 -18.85  -47.70  0.12E-11
1987   8   1   0 -18.80  -47.70  0.18E-11
1987   8   1   0 -18.75  -47.70  0.86E-12
1987   8   1   0 -18.70  -47.70  0.87E-12
1987   8   1   0 -18.65  -47.70  0.14E-11
1987   8   1   0 -18.60  -47.70  0.23E-11
1987   8   1   0 -18.45  -47.70  0.46E-12
1987   8   1   0 -18.20  -47.70  0.46E-12
1987   8   1   0 -20.10  -47.65  0.25E-12
1987   8   1   0 -20.05  -47.65  0.23E-11
1987   8   1   0 -20.00  -47.65  0.40E-11
1987   8   1   0 -19.95  -47.65  0.27E-11
1987   8   1   0 -19.90  -47.65  0.92E-12
1987   8   1   0 -19.85  -47.65  0.41E-12
1987   8   1   0 -19.80  -47.65  0.42E-12
1987   8   1   0 -19.75  -47.65  0.21E-11
1987   8   1   0 -19.70  -47.65  0.83E-12
1987   8   1   0 -19.55  -47.65  0.83E-12
1987   8   1   0 -19.45  -47.65  0.41E-12
1987   8   1   0 -19.35  -47.65  0.12E-11
1987   8   1   0 -19.30  -47.65  0.41E-12
1987   8   1   0 -19.20  -47.65  0.41E-12
1987   8   1   0 -19.15  -47.65  0.16E-11
1987   8   1   0 -19.10  -47.65  0.40E-12
1987   8   1   0 -19.05  -47.65  0.17E-11
1987   8   1   0 -19.00  -47.65  0.13E-11
1987   8   1   0 -18.95  -47.65  0.39E-12
1987   8   1   0 -18.90  -47.65  0.17E-11
1987   8   1   0 -18.65  -47.65  0.46E-12
1987   8   1   0 -18.60  -47.65  0.46E-12
1987   8   1   0 -18.50  -47.65  0.46E-12
1987   8   1   0 -18.45  -47.65  0.14E-11
1987   8   1   0 -18.40  -47.65  0.14E-11
1987   8   1   0 -20.10  -47.60  0.13E-11
1987   8   1   0 -20.05  -47.60  0.50E-11
1987   8   1   0 -20.00  -47.60  0.38E-11
1987   8   1   0 -19.95  -47.60  0.17E-11
1987   8   1   0 -19.90  -47.60  0.66E-12
1987   8   1   0 -19.85  -47.60  0.12E-11
1987   8   1   0 -19.65  -47.60  0.82E-12
1987   8   1   0 -19.60  -47.60  0.41E-12
1987   8   1   0 -19.55  -47.60  0.41E-12
1987   8   1   0 -19.50  -47.60  0.42E-12
1987   8   1   0 -19.45  -47.60  0.12E-11
1987   8   1   0 -19.40  -47.60  0.41E-12
1987   8   1   0 -19.35  -47.60  0.41E-12
1987   8   1   0 -19.25  -47.60  0.41E-12
1987   8   1   0 -19.20  -47.60  0.81E-12
1987   8   1   0 -19.10  -47.60  0.12E-11
1987   8   1   0 -19.00  -47.60  0.40E-12
1987   8   1   0 -18.95  -47.60  0.40E-12
1987   8   1   0 -18.90  -47.60  0.40E-12
1987   8   1   0 -18.85  -47.60  0.79E-12
1987   8   1   0 -18.80  -47.60  0.39E-12
1987   8   1   0 -18.75  -47.60  0.47E-12
1987   8   1   0 -18.70  -47.60  0.13E-11
1987   8   1   0 -18.60  -47.60  0.46E-12
1987   8   1   0 -18.55  -47.60  0.46E-12
1987   8   1   0 -18.45  -47.60  0.47E-12
1987   8   1   0 -20.10  -47.55  0.75E-12
1987   8   1   0 -20.05  -47.55  0.18E-11
1987   8   1   0 -20.00  -47.55  0.37E-11
1987   8   1   0 -19.95  -47.55  0.19E-11
1987   8   1   0 -19.90  -47.55  0.99E-12
1987   8   1   0 -19.85  -47.55  0.41E-12
1987   8   1   0 -19.80  -47.55  0.41E-12
1987   8   1   0 -19.75  -47.55  0.41E-12
1987   8   1   0 -19.70  -47.55  0.41E-12
1987   8   1   0 -19.65  -47.55  0.41E-12
1987   8   1   0 -19.60  -47.55  0.82E-12
1987   8   1   0 -19.55  -47.55  0.25E-11
1987   8   1   0 -19.50  -47.55  0.81E-12
1987   8   1   0 -19.45  -47.55  0.12E-11
1987   8   1   0 -19.40  -47.55  0.12E-11
1987   8   1   0 -19.20  -47.55  0.20E-11
1987   8   1   0 -19.15  -47.55  0.12E-11
1987   8   1   0 -19.10  -47.55  0.20E-11
1987   8   1   0 -19.05  -47.55  0.12E-11
1987   8   1   0 -19.00  -47.55  0.78E-12
1987   8   1   0 -18.95  -47.55  0.79E-12
1987   8   1   0 -18.90  -47.55  0.79E-12
1987   8   1   0 -18.80  -47.55  0.46E-12
1987   8   1   0 -18.70  -47.55  0.12E-11
1987   8   1   0 -18.65  -47.55  0.85E-12
1987   8   1   0 -18.60  -47.55  0.47E-12
1987   8   1   0 -18.55  -47.55  0.39E-12
1987   8   1   0 -18.50  -47.55  0.39E-12
1987   8   1   0 -18.45  -47.55  0.45E-12
1987   8   1   0 -18.40  -47.55  0.91E-12
1987   8   1   0 -18.25  -47.55  0.46E-12
1987   8   1   0 -20.10  -47.50  0.50E-12
1987   8   1   0 -20.05  -47.50  0.35E-11
1987   8   1   0 -20.00  -47.50  0.35E-11
1987   8   1   0 -19.95  -47.50  0.25E-12
1987   8   1   0 -19.90  -47.50  0.50E-12
1987   8   1   0 -19.85  -47.50  0.12E-11
1987   8   1   0 -19.75  -47.50  0.11E-11
1987   8   1   0 -19.70  -47.50  0.49E-12
1987   8   1   0 -19.60  -47.50  0.12E-11
1987   8   1   0 -19.55  -47.50  0.81E-12
1987   8   1   0 -19.50  -47.50  0.41E-12
1987   8   1   0 -19.45  -47.50  0.81E-12
1987   8   1   0 -19.40  -47.50  0.40E-12
1987   8   1   0 -19.35  -47.50  0.40E-12
1987   8   1   0 -19.30  -47.50  0.12E-11
1987   8   1   0 -19.25  -47.50  0.40E-12
1987   8   1   0 -19.20  -47.50  0.79E-12
1987   8   1   0 -19.15  -47.50  0.12E-11
1987   8   1   0 -19.10  -47.50  0.40E-12
1987   8   1   0 -19.05  -47.50  0.40E-12
1987   8   1   0 -18.90  -47.50  0.85E-12
1987   8   1   0 -18.80  -47.50  0.39E-12
1987   8   1   0 -18.75  -47.50  0.79E-12
1987   8   1   0 -18.70  -47.50  0.13E-11
1987   8   1   0 -18.55  -47.50  0.46E-12
1987   8   1   0 -18.05  -47.50  0.46E-12
1987   8   1   0 -20.10  -47.45  0.25E-12
1987   8   1   0 -20.05  -47.45  0.60E-11
1987   8   1   0 -20.00  -47.45  0.37E-11
1987   8   1   0 -19.95  -47.45  0.22E-11
1987   8   1   0 -19.85  -47.45  0.25E-12
1987   8   1   0 -19.80  -47.45  0.41E-12
1987   8   1   0 -19.75  -47.45  0.81E-12
1987   8   1   0 -19.70  -47.45  0.41E-12
1987   8   1   0 -19.50  -47.45  0.40E-12
1987   8   1   0 -19.40  -47.45  0.81E-12
1987   8   1   0 -19.10  -47.45  0.12E-11
1987   8   1   0 -19.05  -47.45  0.80E-12
1987   8   1   0 -18.80  -47.45  0.12E-11
1987   8   1   0 -18.75  -47.45  0.17E-11
1987   8   1   0 -18.70  -47.45  0.25E-11
1987   8   1   0 -18.60  -47.45  0.46E-12
1987   8   1   0 -18.50  -47.45  0.45E-12
1987   8   1   0 -18.40  -47.45  0.46E-12
1987   8   1   0 -18.35  -47.45  0.46E-12
1987   8   1   0 -18.20  -47.45  0.78E-12
1987   8   1   0 -18.15  -47.45  0.39E-12
1987   8   1   0 -20.10  -47.40  0.50E-12
1987   8   1   0 -20.05  -47.40  0.35E-11
1987   8   1   0 -20.00  -47.40  0.74E-12
1987   8   1   0 -19.95  -47.40  0.12E-11
1987   8   1   0 -19.90  -47.40  0.40E-12
1987   8   1   0 -19.85  -47.40  0.41E-12
1987   8   1   0 -19.80  -47.40  0.74E-12
1987   8   1   0 -19.70  -47.40  0.80E-12
1987   8   1   0 -19.60  -47.40  0.81E-12
1987   8   1   0 -19.55  -47.40  0.41E-12
1987   8   1   0 -19.45  -47.40  0.79E-12
1987   8   1   0 -19.25  -47.40  0.40E-12
1987   8   1   0 -19.20  -47.40  0.12E-11
1987   8   1   0 -19.00  -47.40  0.39E-12
1987   8   1   0 -18.95  -47.40  0.79E-12
1987   8   1   0 -18.90  -47.40  0.39E-12
1987   8   1   0 -18.80  -47.40  0.78E-12
1987   8   1   0 -18.75  -47.40  0.12E-11
1987   8   1   0 -18.70  -47.40  0.77E-12
1987   8   1   0 -18.55  -47.40  0.39E-12
1987   8   1   0 -18.50  -47.40  0.46E-12
1987   8   1   0 -18.40  -47.40  0.39E-12
1987   8   1   0 -20.05  -47.35  0.15E-11
1987   8   1   0 -20.00  -47.35  0.30E-11
1987   8   1   0 -19.95  -47.35  0.99E-12
1987   8   1   0 -19.90  -47.35  0.74E-12
1987   8   1   0 -19.70  -47.35  0.41E-12
1987   8   1   0 -19.50  -47.35  0.80E-12
1987   8   1   0 -19.40  -47.35  0.80E-12
1987   8   1   0 -19.35  -47.35  0.40E-12
1987   8   1   0 -19.30  -47.35  0.41E-12
1987   8   1   0 -19.20  -47.35  0.39E-12
1987   8   1   0 -19.10  -47.35  0.12E-11
1987   8   1   0 -19.00  -47.35  0.46E-12
1987   8   1   0 -18.95  -47.35  0.39E-12
1987   8   1   0 -18.85  -47.35  0.39E-12
1987   8   1   0 -18.80  -47.35  0.12E-11
1987   8   1   0 -18.65  -47.35  0.40E-12
1987   8   1   0 -18.60  -47.35  0.18E-11
1987   8   1   0 -18.50  -47.35  0.16E-11
1987   8   1   0 -18.35  -47.35  0.46E-12
1987   8   1   0 -18.25  -47.35  0.47E-12
1987   8   1   0 -20.10  -47.30  0.49E-12
1987   8   1   0 -20.05  -47.30  0.20E-11
1987   8   1   0 -20.00  -47.30  0.37E-11
1987   8   1   0 -19.95  -47.30  0.15E-11
1987   8   1   0 -19.90  -47.30  0.19E-11
1987   8   1   0 -19.85  -47.30  0.24E-12
1987   8   1   0 -19.80  -47.30  0.98E-12
1987   8   1   0 -19.75  -47.30  0.65E-12
1987   8   1   0 -19.70  -47.30  0.81E-12
1987   8   1   0 -19.60  -47.30  0.40E-12
1987   8   1   0 -19.55  -47.30  0.81E-12
1987   8   1   0 -19.50  -47.30  0.40E-12
1987   8   1   0 -19.45  -47.30  0.40E-12
1987   8   1   0 -19.40  -47.30  0.40E-12
1987   8   1   0 -19.35  -47.30  0.79E-12
1987   8   1   0 -19.30  -47.30  0.40E-12
1987   8   1   0 -19.25  -47.30  0.39E-12
1987   8   1   0 -19.10  -47.30  0.78E-12
1987   8   1   0 -19.00  -47.30  0.78E-12
1987   8   1   0 -18.90  -47.30  0.78E-12
1987   8   1   0 -18.85  -47.30  0.86E-12
1987   8   1   0 -18.80  -47.30  0.39E-12
1987   8   1   0 -18.75  -47.30  0.47E-12
1987   8   1   0 -18.70  -47.30  0.46E-12
1987   8   1   0 -18.55  -47.30  0.45E-12
1987   8   1   0 -18.50  -47.30  0.13E-11
1987   8   1   0 -18.30  -47.30  0.45E-12
1987   8   1   0 -18.15  -47.30  0.45E-12
1987   8   1   0 -20.05  -47.25  0.13E-11
1987   8   1   0 -20.00  -47.25  0.64E-11
1987   8   1   0 -19.95  -47.25  0.15E-11
1987   8   1   0 -19.90  -47.25  0.11E-11
1987   8   1   0 -19.85  -47.25  0.49E-12
1987   8   1   0 -19.70  -47.25  0.40E-12
1987   8   1   0 -19.60  -47.25  0.40E-12
1987   8   1   0 -19.50  -47.25  0.40E-12
1987   8   1   0 -19.45  -47.25  0.80E-12
1987   8   1   0 -19.40  -47.25  0.39E-12
1987   8   1   0 -19.35  -47.25  0.40E-12
1987   8   1   0 -19.25  -47.25  0.40E-12
1987   8   1   0 -19.15  -47.25  0.39E-12
1987   8   1   0 -19.05  -47.25  0.39E-12
1987   8   1   0 -19.00  -47.25  0.12E-11
1987   8   1   0 -18.95  -47.25  0.39E-12
1987   8   1   0 -18.70  -47.25  0.91E-12
1987   8   1   0 -18.65  -47.25  0.17E-11
1987   8   1   0 -18.55  -47.25  0.45E-12
1987   8   1   0 -18.50  -47.25  0.38E-12
1987   8   1   0 -18.45  -47.25  0.13E-11
1987   8   1   0 -18.40  -47.25  0.38E-12
1987   8   1   0 -18.20  -47.25  0.45E-12
1987   8   1   0 -17.55  -47.25  0.45E-12
1987   8   1   0 -20.05  -47.20  0.26E-12
1987   8   1   0 -20.00  -47.20  0.10E-10
1987   8   1   0 -19.95  -47.20  0.10E-11
1987   8   1   0 -19.90  -47.20  0.49E-12
1987   8   1   0 -19.85  -47.20  0.40E-12
1987   8   1   0 -19.75  -47.20  0.24E-12
1987   8   1   0 -19.60  -47.20  0.40E-12
1987   8   1   0 -19.55  -47.20  0.40E-12
1987   8   1   0 -19.45  -47.20  0.40E-12
1987   8   1   0 -19.35  -47.20  0.40E-12
1987   8   1   0 -19.25  -47.20  0.80E-12
1987   8   1   0 -19.10  -47.20  0.39E-12
1987   8   1   0 -18.90  -47.20  0.40E-12
1987   8   1   0 -18.85  -47.20  0.78E-12
1987   8   1   0 -18.80  -47.20  0.47E-12
1987   8   1   0 -18.75  -47.20  0.39E-12
1987   8   1   0 -18.70  -47.20  0.39E-12
1987   8   1   0 -18.65  -47.20  0.17E-11
1987   8   1   0 -18.55  -47.20  0.84E-12
1987   8   1   0 -18.50  -47.20  0.17E-11
1987   8   1   0 -18.35  -47.20  0.47E-12
1987   8   1   0 -20.00  -47.15  0.14E-10
1987   8   1   0 -19.95  -47.15  0.40E-11
1987   8   1   0 -19.90  -47.15  0.51E-12
1987   8   1   0 -19.85  -47.15  0.25E-12
1987   8   1   0 -19.75  -47.15  0.24E-12
1987   8   1   0 -19.70  -47.15  0.25E-12
1987   8   1   0 -19.55  -47.15  0.40E-12
1987   8   1   0 -19.50  -47.15  0.40E-12
1987   8   1   0 -19.35  -47.15  0.39E-12
1987   8   1   0 -19.30  -47.15  0.78E-12
1987   8   1   0 -19.25  -47.15  0.39E-12
1987   8   1   0 -19.15  -47.15  0.78E-12
1987   8   1   0 -19.05  -47.15  0.38E-12
1987   8   1   0 -18.85  -47.15  0.76E-12
1987   8   1   0 -18.75  -47.15  0.38E-12
1987   8   1   0 -18.70  -47.15  0.41E-12
1987   8   1   0 -18.65  -47.15  0.13E-11
1987   8   1   0 -18.40  -47.15  0.47E-12
1987   8   1   0 -20.00  -47.10  0.15E-11
1987   8   1   0 -19.95  -47.10  0.77E-11
1987   8   1   0 -19.90  -47.10  0.20E-11
1987   8   1   0 -19.85  -47.10  0.99E-12
1987   8   1   0 -19.75  -47.10  0.25E-12
1987   8   1   0 -19.70  -47.10  0.42E-12
1987   8   1   0 -19.65  -47.10  0.42E-12
1987   8   1   0 -19.60  -47.10  0.42E-12
1987   8   1   0 -19.55  -47.10  0.16E-11
1987   8   1   0 -19.05  -47.10  0.39E-12
1987   8   1   0 -18.95  -47.10  0.39E-12
1987   8   1   0 -18.90  -47.10  0.39E-12
1987   8   1   0 -18.65  -47.10  0.87E-12
1987   8   1   0 -18.55  -47.10  0.45E-12
1987   8   1   0 -18.45  -47.10  0.85E-12
1987   8   1   0 -17.85  -47.10  0.92E-12
1987   8   1   0 -19.95  -47.05  0.89E-11
1987   8   1   0 -19.90  -47.05  0.32E-11
1987   8   1   0 -19.85  -47.05  0.12E-11
1987   8   1   0 -19.80  -47.05  0.99E-12
1987   8   1   0 -19.65  -47.05  0.92E-12
1987   8   1   0 -19.60  -47.05  0.42E-12
1987   8   1   0 -19.45  -47.05  0.12E-11
1987   8   1   0 -19.30  -47.05  0.41E-12
1987   8   1   0 -19.25  -47.05  0.16E-11
1987   8   1   0 -19.10  -47.05  0.41E-12
1987   8   1   0 -19.05  -47.05  0.81E-12
1987   8   1   0 -19.00  -47.05  0.39E-12
1987   8   1   0 -18.90  -47.05  0.80E-12
1987   8   1   0 -18.85  -47.05  0.77E-12
1987   8   1   0 -18.75  -47.05  0.79E-12
1987   8   1   0 -18.70  -47.05  0.93E-12
1987   8   1   0 -18.60  -47.05  0.94E-12
1987   8   1   0 -18.50  -47.05  0.47E-12
1987   8   1   0 -18.45  -47.05  0.92E-12
1987   8   1   0 -18.35  -47.05  0.45E-12
1987   8   1   0 -18.30  -47.05  0.45E-12
1987   8   1   0 -18.25  -47.05  0.45E-12
1987   8   1   0 -18.15  -47.05  0.45E-12
1987   8   1   0 -19.90  -47.00  0.39E-11
1987   8   1   0 -19.85  -47.00  0.30E-11
1987   8   1   0 -19.80  -47.00  0.14E-11
1987   8   1   0 -19.75  -47.00  0.90E-12
1987   8   1   0 -19.70  -47.00  0.65E-12
1987   8   1   0 -19.65  -47.00  0.42E-12
1987   8   1   0 -19.50  -47.00  0.40E-12
1987   8   1   0 -19.45  -47.00  0.40E-12
1987   8   1   0 -19.40  -47.00  0.41E-12
1987   8   1   0 -19.15  -47.00  0.39E-12
1987   8   1   0 -19.10  -47.00  0.39E-12
1987   8   1   0 -18.95  -47.00  0.40E-12
1987   8   1   0 -18.90  -47.00  0.78E-12
1987   8   1   0 -18.75  -47.00  0.40E-12
1987   8   1   0 -18.65  -47.00  0.40E-12
1987   8   1   0 -18.60  -47.00  0.47E-12
1987   8   1   0 -18.55  -47.00  0.47E-12
1987   8   1   0 -18.25  -47.00  0.46E-12
1987   8   1   0 -18.20  -47.00  0.45E-12
1987   8   1   0 -18.10  -47.00  0.47E-12
1987   8   1   0 -18.05  -47.00  0.39E-12
1987   8   1   0 -18.00  -47.00  0.39E-12
1987   8   1   0 -17.95  -47.00  0.45E-12
1987   8   1   0 -19.90  -46.95  0.98E-12
1987   8   1   0 -19.85  -46.95  0.12E-11
1987   8   1   0 -19.80  -46.95  0.98E-12
1987   8   1   0 -19.75  -46.95  0.74E-12
1987   8   1   0 -19.70  -46.95  0.40E-12
1987   8   1   0 -19.65  -46.95  0.40E-12
1987   8   1   0 -19.60  -46.95  0.49E-12
1987   8   1   0 -19.35  -46.95  0.41E-12
1987   8   1   0 -19.30  -46.95  0.12E-11
1987   8   1   0 -19.25  -46.95  0.42E-12
1987   8   1   0 -19.20  -46.95  0.80E-12
1987   8   1   0 -18.95  -46.95  0.40E-12
1987   8   1   0 -18.60  -46.95  0.94E-12
1987   8   1   0 -18.50  -46.95  0.45E-12
1987   8   1   0 -18.45  -46.95  0.45E-12
1987   8   1   0 -19.85  -46.90  0.74E-12
1987   8   1   0 -19.80  -46.90  0.12E-11
1987   8   1   0 -19.75  -46.90  0.12E-11
1987   8   1   0 -19.70  -46.90  0.24E-12
1987   8   1   0 -19.65  -46.90  0.49E-12
1987   8   1   0 -19.60  -46.90  0.40E-12
1987   8   1   0 -19.55  -46.90  0.89E-12
1987   8   1   0 -19.50  -46.90  0.49E-12
1987   8   1   0 -19.40  -46.90  0.40E-12
1987   8   1   0 -19.30  -46.90  0.40E-12
1987   8   1   0 -19.25  -46.90  0.40E-12
1987   8   1   0 -19.10  -46.90  0.41E-12
1987   8   1   0 -19.00  -46.90  0.39E-12
1987   8   1   0 -18.95  -46.90  0.78E-12
1987   8   1   0 -18.90  -46.90  0.39E-12
1987   8   1   0 -18.85  -46.90  0.38E-12
1987   8   1   0 -18.40  -46.90  0.45E-12
1987   8   1   0 -18.25  -46.90  0.45E-12
1987   8   1   0 -19.70  -46.85  0.49E-12
1987   8   1   0 -19.65  -46.85  0.49E-12
1987   8   1   0 -19.60  -46.85  0.89E-12
1987   8   1   0 -19.55  -46.85  0.80E-12
1987   8   1   0 -19.50  -46.85  0.24E-12
1987   8   1   0 -19.45  -46.85  0.49E-12
1987   8   1   0 -19.40  -46.85  0.40E-12
1987   8   1   0 -19.30  -46.85  0.79E-12
1987   8   1   0 -19.25  -46.85  0.24E-12
1987   8   1   0 -19.20  -46.85  0.40E-12
1987   8   1   0 -19.10  -46.85  0.40E-12
1987   8   1   0 -19.05  -46.85  0.80E-12
1987   8   1   0 -19.00  -46.85  0.39E-12
1987   8   1   0 -18.95  -46.85  0.40E-12
1987   8   1   0 -18.60  -46.85  0.12E-11
1987   8   1   0 -18.50  -46.85  0.39E-12
1987   8   1   0 -18.25  -46.85  0.45E-12
1987   8   1   0 -18.15  -46.85  0.44E-12
1987   8   1   0 -18.05  -46.85  0.47E-12
1987   8   1   0 -19.65  -46.80  0.98E-12
1987   8   1   0 -19.60  -46.80  0.15E-11
1987   8   1   0 -19.55  -46.80  0.24E-12
1987   8   1   0 -19.45  -46.80  0.24E-12
1987   8   1   0 -19.30  -46.80  0.80E-12
1987   8   1   0 -19.25  -46.80  0.40E-12
1987   8   1   0 -19.20  -46.80  0.39E-12
1987   8   1   0 -19.15  -46.80  0.24E-12
1987   8   1   0 -19.10  -46.80  0.39E-12
1987   8   1   0 -19.00  -46.80  0.39E-12
1987   8   1   0 -18.85  -46.80  0.38E-12
1987   8   1   0 -18.80  -46.80  0.11E-11
1987   8   1   0 -18.75  -46.80  0.41E-12
1987   8   1   0 -18.65  -46.80  0.46E-12
1987   8   1   0 -18.60  -46.80  0.38E-12
1987   8   1   0 -18.55  -46.80  0.46E-12
1987   8   1   0 -18.50  -46.80  0.13E-11
1987   8   1   0 -18.30  -46.80  0.39E-12
1987   8   1   0 -19.70  -46.75  0.24E-12
1987   8   1   0 -19.60  -46.75  0.49E-12
1987   8   1   0 -19.55  -46.75  0.24E-12
1987   8   1   0 -19.45  -46.75  0.24E-12
1987   8   1   0 -19.35  -46.75  0.10E-11
1987   8   1   0 -19.25  -46.75  0.40E-12
1987   8   1   0 -19.20  -46.75  0.40E-12
1987   8   1   0 -19.05  -46.75  0.39E-12
1987   8   1   0 -19.00  -46.75  0.63E-12
1987   8   1   0 -18.90  -46.75  0.39E-12
1987   8   1   0 -18.70  -46.75  0.39E-12
1987   8   1   0 -18.30  -46.75  0.45E-12
1987   8   1   0 -18.10  -46.75  0.45E-12
1987   8   1   0 -18.00  -46.75  0.45E-12
1987   8   1   0 -17.55  -46.75  0.44E-12
1987   8   1   0 -19.70  -46.70  0.73E-12
1987   8   1   0 -19.60  -46.70  0.49E-12
1987   8   1   0 -19.55  -46.70  0.48E-12
1987   8   1   0 -19.50  -46.70  0.73E-12
1987   8   1   0 -19.45  -46.70  0.11E-11
1987   8   1   0 -19.35  -46.70  0.48E-12
1987   8   1   0 -19.15  -46.70  0.39E-12
1987   8   1   0 -19.10  -46.70  0.39E-12
1987   8   1   0 -19.05  -46.70  0.39E-12
1987   8   1   0 -18.95  -46.70  0.78E-12
1987   8   1   0 -18.75  -46.70  0.39E-12
1987   8   1   0 -18.40  -46.70  0.45E-12
1987   8   1   0 -18.30  -46.70  0.11E-11
1987   8   1   0 -18.25  -46.70  0.38E-12
1987   8   1   0 -18.20  -46.70  0.83E-12
1987   8   1   0 -19.60  -46.65  0.24E-12
1987   8   1   0 -19.55  -46.65  0.24E-12
1987   8   1   0 -19.50  -46.65  0.49E-12
1987   8   1   0 -19.35  -46.65  0.40E-12
1987   8   1   0 -19.25  -46.65  0.40E-12
1987   8   1   0 -19.10  -46.65  0.39E-12
1987   8   1   0 -18.95  -46.65  0.40E-12
1987   8   1   0 -18.70  -46.65  0.38E-12
1987   8   1   0 -18.60  -46.65  0.38E-12
1987   8   1   0 -18.55  -46.65  0.45E-12
1987   8   1   0 -18.50  -46.65  0.38E-12
1987   8   1   0 -18.45  -46.65  0.38E-12
1987   8   1   0 -18.40  -46.65  0.45E-12
1987   8   1   0 -18.30  -46.65  0.38E-12
1987   8   1   0 -17.30  -46.65  0.40E-12
1987   8   1   0 -19.50  -46.60  0.48E-12
1987   8   1   0 -19.45  -46.60  0.46E-12
1987   8   1   0 -19.30  -46.60  0.48E-12
1987   8   1   0 -19.20  -46.60  0.63E-12
1987   8   1   0 -19.15  -46.60  0.12E-11
1987   8   1   0 -19.10  -46.60  0.39E-12
1987   8   1   0 -19.05  -46.60  0.40E-12
1987   8   1   0 -18.80  -46.60  0.39E-12
1987   8   1   0 -18.65  -46.60  0.38E-12
1987   8   1   0 -18.20  -46.60  0.38E-12
1987   8   1   0 -17.25  -46.60  0.44E-12
1987   8   1   0 -19.50  -46.55  0.46E-12
1987   8   1   0 -19.25  -46.55  0.24E-12
1987   8   1   0 -19.20  -46.55  0.48E-12
1987   8   1   0 -19.10  -46.55  0.39E-12
1987   8   1   0 -19.00  -46.55  0.43E-12
1987   8   1   0 -18.90  -46.55  0.12E-11
1987   8   1   0 -18.80  -46.55  0.63E-12
1987   8   1   0 -18.75  -46.55  0.78E-12
1987   8   1   0 -18.70  -46.55  0.39E-12
1987   8   1   0 -18.55  -46.55  0.39E-12
1987   8   1   0 -18.15  -46.55  0.38E-12
1987   8   1   0 -17.95  -46.55  0.45E-12
1987   8   1   0 -17.85  -46.55  0.45E-12
1987   8   1   0 -17.80  -46.55  0.40E-12
1987   8   1   0 -17.70  -46.55  0.45E-12
1987   8   1   0 -17.40  -46.55  0.44E-12
1987   8   1   0 -19.50  -46.50  0.22E-12
1987   8   1   0 -19.45  -46.50  0.87E-12
1987   8   1   0 -19.35  -46.50  0.46E-12
1987   8   1   0 -19.25  -46.50  0.40E-12
1987   8   1   0 -19.10  -46.50  0.46E-12
1987   8   1   0 -18.95  -46.50  0.39E-12
1987   8   1   0 -18.90  -46.50  0.40E-12
1987   8   1   0 -18.80  -46.50  0.12E-11
1987   8   1   0 -18.75  -46.50  0.39E-12
1987   8   1   0 -18.70  -46.50  0.77E-12
1987   8   1   0 -18.65  -46.50  0.39E-12
1987   8   1   0 -18.50  -46.50  0.39E-12
1987   8   1   0 -18.40  -46.50  0.77E-12
1987   8   1   0 -18.25  -46.50  0.34E-12
1987   8   1   0 -18.20  -46.50  0.14E-11
1987   8   1   0 -18.00  -46.50  0.75E-12
1987   8   1   0 -17.90  -46.50  0.11E-11
1987   8   1   0 -17.80  -46.50  0.45E-12
1987   8   1   0 -17.70  -46.50  0.38E-12
1987   8   1   0 -19.15  -46.45  0.61E-12
1987   8   1   0 -19.10  -46.45  0.22E-12
1987   8   1   0 -18.95  -46.45  0.24E-12
1987   8   1   0 -18.90  -46.45  0.35E-12
1987   8   1   0 -18.85  -46.45  0.39E-12
1987   8   1   0 -18.80  -46.45  0.39E-12
1987   8   1   0 -18.75  -46.45  0.39E-12
1987   8   1   0 -18.65  -46.45  0.60E-12
1987   8   1   0 -18.55  -46.45  0.35E-12
1987   8   1   0 -18.50  -46.45  0.35E-12
1987   8   1   0 -18.40  -46.45  0.38E-12
1987   8   1   0 -18.35  -46.45  0.38E-12
1987   8   1   0 -18.15  -46.45  0.90E-12
1987   8   1   0 -18.05  -46.45  0.34E-12
1987   8   1   0 -18.00  -46.45  0.12E-11
1987   8   1   0 -17.80  -46.45  0.44E-12
1987   8   1   0 -17.75  -46.45  0.45E-12
1987   8   1   0 -17.55  -46.45  0.37E-12
1987   8   1   0 -17.50  -46.45  0.37E-12
1987   8   1   0 -19.10  -46.40  0.79E-12
1987   8   1   0 -19.05  -46.40  0.24E-12
1987   8   1   0 -18.80  -46.40  0.39E-12
1987   8   1   0 -18.60  -46.40  0.21E-12
1987   8   1   0 -18.35  -46.40  0.76E-12
1987   8   1   0 -18.30  -46.40  0.38E-12
1987   8   1   0 -18.20  -46.40  0.78E-12
1987   8   1   0 -18.10  -46.40  0.45E-12
1987   8   1   0 -17.95  -46.40  0.38E-12
1987   8   1   0 -17.85  -46.40  0.83E-12
1987   8   1   0 -19.40  -46.35  0.22E-12
1987   8   1   0 -19.25  -46.35  0.24E-12
1987   8   1   0 -19.10  -46.35  0.21E-12
1987   8   1   0 -19.00  -46.35  0.21E-12
1987   8   1   0 -18.90  -46.35  0.46E-12
1987   8   1   0 -18.85  -46.35  0.39E-12
1987   8   1   0 -18.75  -46.35  0.21E-12
1987   8   1   0 -18.70  -46.35  0.21E-12
1987   8   1   0 -18.60  -46.35  0.39E-12
1987   8   1   0 -18.55  -46.35  0.77E-12
1987   8   1   0 -18.50  -46.35  0.39E-12
1987   8   1   0 -18.40  -46.35  0.39E-12
1987   8   1   0 -18.35  -46.35  0.76E-12
1987   8   1   0 -18.15  -46.35  0.38E-12
1987   8   1   0 -18.05  -46.35  0.84E-12
1987   8   1   0 -18.00  -46.35  0.38E-12
1987   8   1   0 -19.10  -46.30  0.35E-12
1987   8   1   0 -19.05  -46.30  0.46E-12
1987   8   1   0 -18.95  -46.30  0.21E-12
1987   8   1   0 -18.90  -46.30  0.57E-12
1987   8   1   0 -18.80  -46.30  0.35E-12
1987   8   1   0 -18.75  -46.30  0.97E-12
1987   8   1   0 -18.70  -46.30  0.39E-12
1987   8   1   0 -18.65  -46.30  0.35E-12
1987   8   1   0 -18.55  -46.30  0.35E-12
1987   8   1   0 -18.10  -46.30  0.38E-12
1987   8   1   0 -17.90  -46.30  0.38E-12
1987   8   1   0 -17.85  -46.30  0.40E-12
1987   8   1   0 -17.65  -46.30  0.40E-12
1987   8   1   0 -17.10  -46.30  0.39E-12
1987   8   1   0 -19.05  -46.25  0.24E-12
1987   8   1   0 -18.85  -46.25  0.21E-12
1987   8   1   0 -18.80  -46.25  0.35E-12
1987   8   1   0 -18.70  -46.25  0.35E-12
1987   8   1   0 -18.65  -46.25  0.39E-12
1987   8   1   0 -18.55  -46.25  0.35E-12
1987   8   1   0 -18.30  -46.25  0.39E-12
1987   8   1   0 -17.20  -46.25  0.40E-12
1987   8   1   0 -17.15  -46.25  0.40E-12
1987   8   1   0 -18.85  -46.20  0.39E-12
1987   8   1   0 -18.60  -46.20  0.21E-12
1987   8   1   0 -18.50  -46.20  0.35E-12
1987   8   1   0 -18.25  -46.20  0.35E-12
1987   8   1   0 -18.20  -46.20  0.38E-12
1987   8   1   0 -18.15  -46.20  0.38E-12
1987   8   1   0 -18.10  -46.20  0.38E-12
1987   8   1   0 -17.90  -46.20  0.44E-12
1987   8   1   0 -17.80  -46.20  0.38E-12
1987   8   1   0 -17.65  -46.20  0.40E-12
1987   8   1   0 -17.60  -46.20  0.44E-12
1987   8   1   0 -18.75  -46.15  0.21E-12
1987   8   1   0 -18.20  -46.15  0.34E-12
1987   8   1   0 -17.85  -46.15  0.34E-12
1987   8   1   0 -17.80  -46.15  0.74E-12
1987   8   1   0 -17.75  -46.15  0.73E-12
1987   8   1   0 -17.65  -46.15  0.44E-12
1987   8   1   0 -17.50  -46.15  0.44E-12
1987   8   1   0 -18.80  -46.10  0.43E-12
1987   8   1   0 -18.70  -46.10  0.43E-12
1987   8   1   0 -18.60  -46.10  0.38E-12
1987   8   1   0 -18.50  -46.10  0.35E-12
1987   8   1   0 -18.40  -46.10  0.39E-12
1987   8   1   0 -18.20  -46.10  0.39E-12
1987   8   1   0 -17.75  -46.10  0.38E-12
1987   8   1   0 -17.70  -46.10  0.75E-12
1987   8   1   0 -17.65  -46.10  0.37E-12
1987   8   1   0 -17.60  -46.10  0.45E-12
1987   8   1   0 -17.55  -46.10  0.82E-12
1987   8   1   0 -17.50  -46.10  0.90E-12
1987   8   1   0 -18.65  -46.05  0.24E-12
1987   8   1   0 -18.45  -46.05  0.35E-12
1987   8   1   0 -18.20  -46.05  0.39E-12
1987   8   1   0 -17.95  -46.05  0.34E-12
1987   8   1   0 -18.05  -46.00  0.34E-12
1987   8   1   0 -17.95  -46.00  0.34E-12
1987   8   1   0 -17.80  -46.00  0.80E-12
1987   8   1   0 -17.75  -46.00  0.34E-12
1987   8   1   0 -17.65  -46.00  0.34E-12
1987   8   1   0 -17.20  -46.00  0.40E-12
1987   8   1   0 -17.05  -46.00  0.39E-12
1987   8   1   0 -18.75  -45.95  0.21E-12
1987   8   1   0 -18.50  -45.95  0.21E-12
1987   8   1   0 -18.45  -45.95  0.35E-12
1987   8   1   0 -18.35  -45.95  0.39E-12
1987   8   1   0 -18.25  -45.95  0.35E-12
1987   8   1   0 -17.45  -45.95  0.33E-12
1987   8   1   0 -17.25  -45.95  0.40E-12
1987   8   1   0 -17.20  -45.95  0.39E-12
1987   8   1   0 -17.10  -45.95  0.79E-12
1987   8   1   0 -18.35  -45.90  0.70E-12
1987   8   1   0 -18.30  -45.90  0.35E-12
1987   8   1   0 -18.25  -45.90  0.69E-12
1987   8   1   0 -18.20  -45.90  0.35E-12
1987   8   1   0 -17.85  -45.90  0.38E-12
1987   8   1   0 -17.65  -45.90  0.34E-12
1987   8   1   0 -17.45  -45.90  0.34E-12
1987   8   1   0 -17.40  -45.90  0.33E-12
1987   8   1   0 -17.35  -45.90  0.80E-12
1987   8   1   0 -17.20  -45.90  0.33E-12
1987   8   1   0 -17.00  -45.90  0.44E-12
1987   8   1   0 -18.40  -45.85  0.39E-12
1987   8   1   0 -18.20  -45.85  0.39E-12
1987   8   1   0 -18.05  -45.85  0.69E-12
1987   8   1   0 -18.00  -45.85  0.34E-12
1987   8   1   0 -17.75  -45.85  0.68E-12
1987   8   1   0 -17.65  -45.85  0.67E-12
1987   8   1   0 -17.50  -45.85  0.34E-12
1987   8   1   0 -18.50  -45.80  0.22E-12
1987   8   1   0 -17.95  -45.80  0.34E-12
1987   8   1   0 -17.60  -45.80  0.39E-12
1987   8   1   0 -17.05  -45.80  0.39E-12
1987   8   1   0 -18.55  -45.75  0.21E-12
1987   8   1   0 -17.15  -45.75  0.40E-12
1987   8   1   0 -17.85  -45.70  0.38E-12
1987   8   1   0 -17.80  -45.70  0.72E-12
1987   8   1   0 -17.70  -45.70  0.40E-12
1987   8   1   0 -17.65  -45.70  0.34E-12
1987   8   1   0 -17.40  -45.70  0.34E-12
1987   8   1   0 -17.35  -45.70  0.34E-12
1987   8   1   0 -17.90  -45.65  0.34E-12
1987   8   1   0 -18.10  -45.60  0.34E-12
1987   8   1   0 -18.05  -45.60  0.34E-12
1987   8   1   0 -17.90  -45.35  0.72E-12
1987   8   1   0 -17.85  -45.35  0.34E-12
1987   8   1   0 -18.15  -45.25  0.35E-12
1987   8   1   0 -17.95  -44.95  0.69E-12
1987   8   1   0 -17.85  -44.95  0.34E-12
1987   8   1   0 -17.90  -44.75  0.34E-12
