YEAR  MO  DA  HR    LAT     LON Rn2200010
1990  10  21  12 -23.00  -43.00  0.88E-10
1990  10  21  12 -22.95  -43.00  0.34E-11
1990  10  21  12 -23.00  -42.95  0.62E-10
1990  10  21  12 -22.95  -42.95  0.73E-10
1990  10  21  12 -22.90  -42.95  0.12E-11
1990  10  21  12 -23.00  -42.90  0.22E-11
1990  10  21  12 -22.95  -42.90  0.63E-10
1990  10  21  12 -22.90  -42.90  0.21E-10
1990  10  21  12 -22.95  -42.85  0.29E-10
1990  10  21  12 -22.90  -42.85  0.37E-10
1990  10  21  12 -22.85  -42.85  0.90E-11
1990  10  21  12 -22.95  -42.80  0.12E-10
1990  10  21  12 -22.90  -42.80  0.20E-10
1990  10  21  12 -22.85  -42.80  0.26E-10
1990  10  21  12 -22.80  -42.80  0.18E-11
1990  10  21  12 -22.95  -42.75  0.67E-11
1990  10  21  12 -22.90  -42.75  0.14E-10
1990  10  21  12 -22.85  -42.75  0.17E-10
1990  10  21  12 -22.80  -42.75  0.17E-10
1990  10  21  12 -22.75  -42.75  0.22E-12
1990  10  21  12 -22.95  -42.70  0.57E-11
1990  10  21  12 -22.90  -42.70  0.12E-10
1990  10  21  12 -22.85  -42.70  0.12E-10
1990  10  21  12 -22.80  -42.70  0.13E-10
1990  10  21  12 -22.75  -42.70  0.95E-11
1990  10  21  12 -22.95  -42.65  0.14E-11
1990  10  21  12 -22.90  -42.65  0.11E-10
1990  10  21  12 -22.85  -42.65  0.63E-11
1990  10  21  12 -22.80  -42.65  0.67E-11
1990  10  21  12 -22.75  -42.65  0.98E-11
1990  10  21  12 -22.70  -42.65  0.26E-11
1990  10  21  12 -22.90  -42.60  0.74E-11
1990  10  21  12 -22.85  -42.60  0.37E-11
1990  10  21  12 -22.80  -42.60  0.55E-11
1990  10  21  12 -22.75  -42.60  0.71E-11
1990  10  21  12 -22.70  -42.60  0.56E-11
1990  10  21  12 -22.65  -42.60  0.44E-12
1990  10  21  12 -22.95  -42.55  0.27E-12
1990  10  21  12 -22.90  -42.55  0.35E-11
1990  10  21  12 -22.85  -42.55  0.21E-11
1990  10  21  12 -22.80  -42.55  0.68E-11
1990  10  21  12 -22.75  -42.55  0.34E-11
1990  10  21  12 -22.70  -42.55  0.60E-11
1990  10  21  12 -22.65  -42.55  0.30E-11
1990  10  21  12 -22.95  -42.50  0.53E-12
1990  10  21  12 -22.90  -42.50  0.22E-11
1990  10  21  12 -22.85  -42.50  0.33E-11
1990  10  21  12 -22.80  -42.50  0.51E-11
1990  10  21  12 -22.75  -42.50  0.23E-11
1990  10  21  12 -22.70  -42.50  0.26E-11
1990  10  21  12 -22.65  -42.50  0.33E-11
1990  10  21  12 -22.60  -42.50  0.17E-11
1990  10  21  12 -22.90  -42.45  0.17E-11
1990  10  21  12 -22.85  -42.45  0.44E-11
1990  10  21  12 -22.80  -42.45  0.34E-11
1990  10  21  12 -22.75  -42.45  0.47E-11
1990  10  21  12 -22.70  -42.45  0.29E-11
1990  10  21  12 -22.65  -42.45  0.50E-11
1990  10  21  12 -22.60  -42.45  0.26E-11
1990  10  21  12 -22.55  -42.45  0.43E-12
1990  10  21  12 -22.90  -42.40  0.14E-11
1990  10  21  12 -22.85  -42.40  0.36E-11
1990  10  21  12 -22.80  -42.40  0.18E-11
1990  10  21  12 -22.75  -42.40  0.23E-11
1990  10  21  12 -22.70  -42.40  0.54E-11
1990  10  21  12 -22.65  -42.40  0.29E-11
1990  10  21  12 -22.60  -42.40  0.41E-11
1990  10  21  12 -22.55  -42.40  0.15E-11
1990  10  21  12 -22.90  -42.35  0.16E-11
1990  10  21  12 -22.85  -42.35  0.29E-11
1990  10  21  12 -22.80  -42.35  0.23E-11
1990  10  21  12 -22.75  -42.35  0.34E-11
1990  10  21  12 -22.70  -42.35  0.26E-11
1990  10  21  12 -22.65  -42.35  0.31E-11
1990  10  21  12 -22.60  -42.35  0.32E-11
1990  10  21  12 -22.55  -42.35  0.32E-11
1990  10  21  12 -22.90  -42.30  0.21E-11
1990  10  21  12 -22.85  -42.30  0.31E-11
1990  10  21  12 -22.80  -42.30  0.15E-11
1990  10  21  12 -22.75  -42.30  0.21E-11
1990  10  21  12 -22.70  -42.30  0.18E-11
1990  10  21  12 -22.65  -42.30  0.28E-11
1990  10  21  12 -22.60  -42.30  0.23E-11
1990  10  21  12 -22.55  -42.30  0.28E-11
1990  10  21  12 -22.50  -42.30  0.11E-11
1990  10  21  12 -22.90  -42.25  0.16E-11
1990  10  21  12 -22.85  -42.25  0.16E-11
1990  10  21  12 -22.80  -42.25  0.19E-11
1990  10  21  12 -22.75  -42.25  0.26E-11
1990  10  21  12 -22.70  -42.25  0.26E-12
1990  10  21  12 -22.65  -42.25  0.15E-11
1990  10  21  12 -22.60  -42.25  0.27E-11
1990  10  21  12 -22.55  -42.25  0.26E-11
1990  10  21  12 -22.50  -42.25  0.11E-11
1990  10  21  12 -22.95  -42.20  0.23E-12
1990  10  21  12 -22.90  -42.20  0.11E-11
1990  10  21  12 -22.85  -42.20  0.10E-11
1990  10  21  12 -22.80  -42.20  0.52E-12
1990  10  21  12 -22.75  -42.20  0.18E-11
1990  10  21  12 -22.70  -42.20  0.16E-11
1990  10  21  12 -22.65  -42.20  0.10E-11
1990  10  21  12 -22.60  -42.20  0.99E-12
1990  10  21  12 -22.55  -42.20  0.36E-11
1990  10  21  12 -22.50  -42.20  0.11E-11
1990  10  21  12 -22.85  -42.15  0.26E-12
1990  10  21  12 -22.80  -42.15  0.80E-12
1990  10  21  12 -22.75  -42.15  0.17E-11
1990  10  21  12 -22.65  -42.15  0.52E-12
1990  10  21  12 -22.60  -42.15  0.12E-11
1990  10  21  12 -22.55  -42.15  0.26E-11
1990  10  21  12 -22.50  -42.15  0.21E-11
1990  10  21  12 -22.45  -42.15  0.21E-12
1990  10  21  12 -22.90  -42.10  0.26E-12
1990  10  21  12 -22.85  -42.10  0.53E-12
1990  10  21  12 -22.80  -42.10  0.20E-11
1990  10  21  12 -22.75  -42.10  0.16E-11
1990  10  21  12 -22.70  -42.10  0.13E-11
1990  10  21  12 -22.65  -42.10  0.18E-11
1990  10  21  12 -22.60  -42.10  0.26E-12
1990  10  21  12 -22.55  -42.10  0.85E-12
1990  10  21  12 -22.50  -42.10  0.11E-11
1990  10  21  12 -22.45  -42.10  0.85E-12
1990  10  21  12 -22.95  -42.05  0.26E-12
1990  10  21  12 -22.90  -42.05  0.53E-12
1990  10  21  12 -22.85  -42.05  0.16E-11
1990  10  21  12 -22.80  -42.05  0.11E-11
1990  10  21  12 -22.75  -42.05  0.13E-11
1990  10  21  12 -22.70  -42.05  0.10E-11
1990  10  21  12 -22.65  -42.05  0.78E-12
1990  10  21  12 -22.60  -42.05  0.17E-11
1990  10  21  12 -22.55  -42.05  0.21E-12
1990  10  21  12 -22.50  -42.05  0.15E-11
1990  10  21  12 -22.45  -42.05  0.21E-12
1990  10  21  12 -22.90  -42.00  0.26E-12
1990  10  21  12 -22.85  -42.00  0.26E-12
1990  10  21  12 -22.80  -42.00  0.53E-12
1990  10  21  12 -22.75  -42.00  0.16E-11
1990  10  21  12 -22.70  -42.00  0.18E-11
1990  10  21  12 -22.65  -42.00  0.52E-12
1990  10  21  12 -22.60  -42.00  0.17E-11
1990  10  21  12 -22.55  -42.00  0.90E-12
1990  10  21  12 -22.50  -42.00  0.43E-12
1990  10  21  12 -22.45  -42.00  0.64E-12
1990  10  21  12 -22.85  -41.95  0.49E-12
1990  10  21  12 -22.75  -41.95  0.11E-11
1990  10  21  12 -22.70  -41.95  0.23E-12
1990  10  21  12 -22.65  -41.95  0.52E-12
1990  10  21  12 -22.60  -41.95  0.12E-11
1990  10  21  12 -22.55  -41.95  0.64E-12
1990  10  21  12 -22.50  -41.95  0.85E-12
1990  10  21  12 -22.45  -41.95  0.21E-12
1990  10  21  12 -22.90  -41.90  0.26E-12
1990  10  21  12 -22.80  -41.90  0.48E-12
1990  10  21  12 -22.75  -41.90  0.18E-11
1990  10  21  12 -22.70  -41.90  0.78E-12
1990  10  21  12 -22.65  -41.90  0.13E-11
1990  10  21  12 -22.60  -41.90  0.42E-12
1990  10  21  12 -22.55  -41.90  0.11E-11
1990  10  21  12 -22.50  -41.90  0.43E-12
1990  10  21  12 -22.45  -41.90  0.64E-12
1990  10  21  12 -22.90  -41.85  0.10E-11
1990  10  21  12 -22.85  -41.85  0.27E-12
1990  10  21  12 -22.80  -41.85  0.71E-12
1990  10  21  12 -22.75  -41.85  0.15E-11
1990  10  21  12 -22.70  -41.85  0.79E-12
1990  10  21  12 -22.55  -41.85  0.64E-12
1990  10  21  12 -22.50  -41.85  0.11E-11
1990  10  21  12 -22.45  -41.85  0.21E-12
1990  10  21  12 -22.90  -41.80  0.26E-12
1990  10  21  12 -22.70  -41.80  0.96E-12
1990  10  21  12 -22.60  -41.80  0.43E-12
1990  10  21  12 -22.55  -41.80  0.21E-12
1990  10  21  12 -22.50  -41.80  0.86E-12
1990  10  21  12 -22.45  -41.80  0.43E-12
1990  10  21  12 -22.90  -41.75  0.26E-12
1990  10  21  12 -22.85  -41.75  0.48E-12
1990  10  21  12 -22.80  -41.75  0.10E-11
1990  10  21  12 -22.75  -41.75  0.76E-12
1990  10  21  12 -22.70  -41.75  0.14E-11
1990  10  21  12 -22.65  -41.75  0.48E-12
1990  10  21  12 -22.60  -41.75  0.65E-12
1990  10  21  12 -22.55  -41.75  0.13E-11
1990  10  21  12 -22.50  -41.75  0.43E-12
1990  10  21  12 -22.45  -41.75  0.21E-12
1990  10  21  12 -22.85  -41.70  0.52E-12
1990  10  21  12 -22.80  -41.70  0.13E-11
1990  10  21  12 -22.75  -41.70  0.74E-12
1990  10  21  12 -22.70  -41.70  0.95E-12
1990  10  21  12 -22.65  -41.70  0.13E-11
1990  10  21  12 -22.60  -41.70  0.86E-12
1990  10  21  12 -22.55  -41.70  0.64E-12
1990  10  21  12 -22.80  -41.65  0.26E-12
1990  10  21  12 -22.75  -41.65  0.98E-12
1990  10  21  12 -22.70  -41.65  0.26E-12
1990  10  21  12 -22.65  -41.65  0.13E-11
1990  10  21  12 -22.60  -41.65  0.21E-12
1990  10  21  12 -22.55  -41.65  0.21E-12
1990  10  21  12 -22.90  -41.60  0.23E-12
1990  10  21  12 -22.85  -41.60  0.52E-12
1990  10  21  12 -22.75  -41.60  0.48E-12
1990  10  21  12 -22.70  -41.60  0.22E-12
1990  10  21  12 -22.65  -41.60  0.69E-12
1990  10  21  12 -22.60  -41.60  0.15E-11
1990  10  21  12 -22.90  -41.55  0.23E-12
1990  10  21  12 -22.85  -41.55  0.23E-12
1990  10  21  12 -22.80  -41.55  0.96E-12
1990  10  21  12 -22.75  -41.55  0.23E-12
1990  10  21  12 -22.70  -41.55  0.22E-12
1990  10  21  12 -22.65  -41.55  0.22E-12
1990  10  21  12 -22.60  -41.55  0.77E-12
1990  10  21  12 -22.85  -41.50  0.23E-12
1990  10  21  12 -22.80  -41.50  0.26E-12
1990  10  21  12 -22.65  -41.50  0.43E-12
1990  10  21  12 -22.60  -41.50  0.22E-12
1990  10  21  12 -23.00  -41.45  0.52E-12
1990  10  21  12 -22.80  -41.45  0.47E-12
1990  10  21  12 -22.75  -41.45  0.41E-12
1990  10  21  12 -22.70  -41.45  0.43E-12
1990  10  21  12 -22.65  -41.45  0.84E-12
1990  10  21  12 -22.60  -41.45  0.42E-12
1990  10  21  12 -22.55  -41.45  0.22E-12
1990  10  21  12 -23.00  -41.40  0.23E-12
1990  10  21  12 -22.90  -41.40  0.26E-12
1990  10  21  12 -22.75  -41.40  0.40E-12
1990  10  21  12 -22.65  -41.40  0.42E-12
1990  10  21  12 -22.60  -41.40  0.21E-12
1990  10  21  12 -23.00  -41.35  0.23E-12
1990  10  21  12 -22.85  -41.35  0.21E-12
1990  10  21  12 -22.75  -41.35  0.43E-12
1990  10  21  12 -22.70  -41.35  0.37E-12
1990  10  21  12 -22.65  -41.35  0.40E-12
1990  10  21  12 -23.00  -41.30  0.74E-12
1990  10  21  12 -22.85  -41.30  0.21E-12
1990  10  21  12 -22.75  -41.30  0.22E-12
1990  10  21  12 -22.70  -41.30  0.37E-12
1990  10  21  12 -23.00  -41.25  0.70E-12
1990  10  21  12 -23.00  -41.20  0.40E-12
1990  10  21  12 -22.80  -41.20  0.42E-12
1990  10  21  12 -22.80  -41.15  0.21E-12
1990  10  22   0 -23.00  -43.00  0.12E-09
1990  10  22   0 -22.95  -43.00  0.42E-10
1990  10  22   0 -22.95  -42.95  0.23E-09
1990  10  22   0 -22.90  -42.95  0.12E-09
1990  10  22   0 -22.85  -42.95  0.17E-10
1990  10  22   0 -22.80  -42.95  0.16E-11
1990  10  22   0 -22.95  -42.90  0.23E-12
1990  10  22   0 -22.90  -42.90  0.12E-09
1990  10  22   0 -22.85  -42.90  0.12E-09
1990  10  22   0 -22.80  -42.90  0.43E-10
1990  10  22   0 -22.75  -42.90  0.16E-10
1990  10  22   0 -22.70  -42.90  0.51E-11
1990  10  22   0 -22.90  -42.85  0.31E-11
1990  10  22   0 -22.85  -42.85  0.76E-10
1990  10  22   0 -22.80  -42.85  0.85E-10
1990  10  22   0 -22.75  -42.85  0.51E-10
1990  10  22   0 -22.70  -42.85  0.28E-10
1990  10  22   0 -22.65  -42.85  0.13E-10
1990  10  22   0 -22.60  -42.85  0.59E-11
1990  10  22   0 -22.55  -42.85  0.44E-12
1990  10  22   0 -22.85  -42.80  0.65E-11
1990  10  22   0 -22.80  -42.80  0.61E-10
1990  10  22   0 -22.75  -42.80  0.64E-10
1990  10  22   0 -22.70  -42.80  0.47E-10
1990  10  22   0 -22.65  -42.80  0.27E-10
1990  10  22   0 -22.60  -42.80  0.21E-10
1990  10  22   0 -22.55  -42.80  0.15E-10
1990  10  22   0 -22.50  -42.80  0.82E-11
1990  10  22   0 -22.45  -42.80  0.80E-12
1990  10  22   0 -22.40  -42.80  0.20E-12
1990  10  22   0 -22.80  -42.75  0.78E-11
1990  10  22   0 -22.75  -42.75  0.42E-10
1990  10  22   0 -22.70  -42.75  0.53E-10
1990  10  22   0 -22.65  -42.75  0.38E-10
1990  10  22   0 -22.60  -42.75  0.36E-10
1990  10  22   0 -22.55  -42.75  0.20E-10
1990  10  22   0 -22.50  -42.75  0.18E-10
1990  10  22   0 -22.45  -42.75  0.13E-10
1990  10  22   0 -22.40  -42.75  0.50E-11
1990  10  22   0 -22.35  -42.75  0.18E-11
1990  10  22   0 -22.75  -42.70  0.10E-10
1990  10  22   0 -22.70  -42.70  0.37E-10
1990  10  22   0 -22.65  -42.70  0.36E-10
1990  10  22   0 -22.60  -42.70  0.37E-10
1990  10  22   0 -22.55  -42.70  0.33E-10
1990  10  22   0 -22.50  -42.70  0.29E-10
1990  10  22   0 -22.45  -42.70  0.16E-10
1990  10  22   0 -22.40  -42.70  0.91E-11
1990  10  22   0 -22.35  -42.70  0.88E-11
1990  10  22   0 -22.30  -42.70  0.44E-11
1990  10  22   0 -22.25  -42.70  0.14E-11
1990  10  22   0 -22.20  -42.70  0.79E-12
1990  10  22   0 -22.15  -42.70  0.20E-12
1990  10  22   0 -22.70  -42.65  0.13E-10
1990  10  22   0 -22.65  -42.65  0.32E-10
1990  10  22   0 -22.60  -42.65  0.29E-10
1990  10  22   0 -22.55  -42.65  0.25E-10
1990  10  22   0 -22.50  -42.65  0.24E-10
1990  10  22   0 -22.45  -42.65  0.19E-10
1990  10  22   0 -22.40  -42.65  0.88E-11
1990  10  22   0 -22.35  -42.65  0.72E-11
1990  10  22   0 -22.30  -42.65  0.61E-11
1990  10  22   0 -22.25  -42.65  0.29E-11
1990  10  22   0 -22.20  -42.65  0.43E-11
1990  10  22   0 -22.15  -42.65  0.22E-11
1990  10  22   0 -22.10  -42.65  0.20E-12
1990  10  22   0 -22.70  -42.60  0.17E-11
1990  10  22   0 -22.65  -42.60  0.12E-10
1990  10  22   0 -22.60  -42.60  0.22E-10
1990  10  22   0 -22.55  -42.60  0.23E-10
1990  10  22   0 -22.50  -42.60  0.26E-10
1990  10  22   0 -22.45  -42.60  0.15E-10
1990  10  22   0 -22.40  -42.60  0.89E-11
1990  10  22   0 -22.35  -42.60  0.48E-11
1990  10  22   0 -22.30  -42.60  0.46E-11
1990  10  22   0 -22.25  -42.60  0.42E-11
1990  10  22   0 -22.20  -42.60  0.31E-11
1990  10  22   0 -22.15  -42.60  0.24E-11
1990  10  22   0 -22.10  -42.60  0.16E-11
1990  10  22   0 -22.05  -42.60  0.78E-12
1990  10  22   0 -22.65  -42.55  0.28E-11
1990  10  22   0 -22.60  -42.55  0.11E-10
1990  10  22   0 -22.55  -42.55  0.18E-10
1990  10  22   0 -22.50  -42.55  0.14E-10
1990  10  22   0 -22.45  -42.55  0.13E-10
1990  10  22   0 -22.40  -42.55  0.85E-11
1990  10  22   0 -22.35  -42.55  0.59E-11
1990  10  22   0 -22.30  -42.55  0.67E-11
1990  10  22   0 -22.25  -42.55  0.35E-11
1990  10  22   0 -22.20  -42.55  0.38E-11
1990  10  22   0 -22.15  -42.55  0.26E-11
1990  10  22   0 -22.10  -42.55  0.29E-11
1990  10  22   0 -22.05  -42.55  0.22E-11
1990  10  22   0 -22.00  -42.55  0.14E-11
1990  10  22   0 -21.95  -42.55  0.59E-12
1990  10  22   0 -21.90  -42.55  0.78E-12
1990  10  22   0 -21.85  -42.55  0.39E-12
1990  10  22   0 -21.80  -42.55  0.78E-12
1990  10  22   0 -22.60  -42.50  0.30E-11
1990  10  22   0 -22.55  -42.50  0.10E-10
1990  10  22   0 -22.50  -42.50  0.12E-10
1990  10  22   0 -22.45  -42.50  0.88E-11
1990  10  22   0 -22.40  -42.50  0.86E-11
1990  10  22   0 -22.35  -42.50  0.37E-11
1990  10  22   0 -22.30  -42.50  0.30E-11
1990  10  22   0 -22.25  -42.50  0.17E-11
1990  10  22   0 -22.20  -42.50  0.21E-11
1990  10  22   0 -22.15  -42.50  0.19E-11
1990  10  22   0 -22.10  -42.50  0.24E-11
1990  10  22   0 -22.05  -42.50  0.47E-12
1990  10  22   0 -22.00  -42.50  0.11E-11
1990  10  22   0 -21.95  -42.50  0.20E-12
1990  10  22   0 -21.90  -42.50  0.39E-12
1990  10  22   0 -21.85  -42.50  0.39E-12
1990  10  22   0 -21.80  -42.50  0.39E-12
1990  10  22   0 -21.75  -42.50  0.58E-12
1990  10  22   0 -22.60  -42.45  0.87E-12
1990  10  22   0 -22.55  -42.45  0.45E-11
1990  10  22   0 -22.50  -42.45  0.76E-11
1990  10  22   0 -22.45  -42.45  0.97E-11
1990  10  22   0 -22.40  -42.45  0.70E-11
1990  10  22   0 -22.35  -42.45  0.48E-11
1990  10  22   0 -22.30  -42.45  0.30E-11
1990  10  22   0 -22.25  -42.45  0.25E-11
1990  10  22   0 -22.20  -42.45  0.12E-11
1990  10  22   0 -22.15  -42.45  0.19E-11
1990  10  22   0 -22.10  -42.45  0.11E-11
1990  10  22   0 -22.05  -42.45  0.16E-11
1990  10  22   0 -22.00  -42.45  0.17E-11
1990  10  22   0 -21.95  -42.45  0.18E-11
1990  10  22   0 -21.90  -42.45  0.74E-12
1990  10  22   0 -21.85  -42.45  0.20E-12
1990  10  22   0 -21.80  -42.45  0.14E-11
1990  10  22   0 -21.75  -42.45  0.39E-12
1990  10  22   0 -21.70  -42.45  0.39E-12
1990  10  22   0 -21.60  -42.45  0.39E-12
1990  10  22   0 -22.60  -42.40  0.22E-12
1990  10  22   0 -22.55  -42.40  0.24E-11
1990  10  22   0 -22.50  -42.40  0.45E-11
1990  10  22   0 -22.45  -42.40  0.50E-11
1990  10  22   0 -22.40  -42.40  0.50E-11
1990  10  22   0 -22.35  -42.40  0.33E-11
1990  10  22   0 -22.30  -42.40  0.19E-11
1990  10  22   0 -22.25  -42.40  0.27E-11
1990  10  22   0 -22.20  -42.40  0.19E-11
1990  10  22   0 -22.15  -42.40  0.19E-11
1990  10  22   0 -22.10  -42.40  0.12E-11
1990  10  22   0 -22.05  -42.40  0.14E-11
1990  10  22   0 -22.00  -42.40  0.11E-11
1990  10  22   0 -21.95  -42.40  0.13E-11
1990  10  22   0 -21.90  -42.40  0.17E-11
1990  10  22   0 -21.85  -42.40  0.18E-11
1990  10  22   0 -21.80  -42.40  0.11E-11
1990  10  22   0 -21.75  -42.40  0.21E-11
1990  10  22   0 -21.70  -42.40  0.12E-11
1990  10  22   0 -21.65  -42.40  0.39E-12
1990  10  22   0 -21.60  -42.40  0.77E-12
1990  10  22   0 -21.55  -42.40  0.77E-12
1990  10  22   0 -21.50  -42.40  0.19E-12
1990  10  22   0 -22.55  -42.35  0.43E-12
1990  10  22   0 -22.50  -42.35  0.37E-11
1990  10  22   0 -22.45  -42.35  0.45E-11
1990  10  22   0 -22.40  -42.35  0.65E-11
1990  10  22   0 -22.35  -42.35  0.35E-11
1990  10  22   0 -22.30  -42.35  0.39E-11
1990  10  22   0 -22.25  -42.35  0.21E-11
1990  10  22   0 -22.20  -42.35  0.14E-11
1990  10  22   0 -22.15  -42.35  0.19E-11
1990  10  22   0 -22.10  -42.35  0.14E-11
1990  10  22   0 -22.05  -42.35  0.12E-11
1990  10  22   0 -22.00  -42.35  0.23E-11
1990  10  22   0 -21.95  -42.35  0.10E-11
1990  10  22   0 -21.90  -42.35  0.31E-12
1990  10  22   0 -21.85  -42.35  0.11E-11
1990  10  22   0 -21.80  -42.35  0.12E-11
1990  10  22   0 -21.75  -42.35  0.11E-11
1990  10  22   0 -21.70  -42.35  0.47E-12
1990  10  22   0 -21.65  -42.35  0.77E-12
1990  10  22   0 -21.60  -42.35  0.77E-12
1990  10  22   0 -21.55  -42.35  0.14E-11
1990  10  22   0 -21.50  -42.35  0.19E-12
1990  10  22   0 -21.45  -42.35  0.77E-12
1990  10  22   0 -21.40  -42.35  0.77E-12
1990  10  22   0 -21.35  -42.35  0.19E-12
1990  10  22   0 -21.30  -42.35  0.19E-12
1990  10  22   0 -22.50  -42.30  0.13E-11
1990  10  22   0 -22.45  -42.30  0.49E-11
1990  10  22   0 -22.40  -42.30  0.49E-11
1990  10  22   0 -22.35  -42.30  0.32E-11
1990  10  22   0 -22.30  -42.30  0.26E-11
1990  10  22   0 -22.25  -42.30  0.22E-11
1990  10  22   0 -22.20  -42.30  0.20E-11
1990  10  22   0 -22.15  -42.30  0.87E-12
1990  10  22   0 -22.10  -42.30  0.14E-11
1990  10  22   0 -22.05  -42.30  0.87E-12
1990  10  22   0 -22.00  -42.30  0.87E-12
1990  10  22   0 -21.95  -42.30  0.14E-11
1990  10  22   0 -21.90  -42.30  0.10E-11
1990  10  22   0 -21.85  -42.30  0.19E-11
1990  10  22   0 -21.80  -42.30  0.85E-12
1990  10  22   0 -21.75  -42.30  0.16E-11
1990  10  22   0 -21.70  -42.30  0.64E-12
1990  10  22   0 -21.65  -42.30  0.93E-12
1990  10  22   0 -21.60  -42.30  0.85E-12
1990  10  22   0 -21.55  -42.30  0.77E-12
1990  10  22   0 -21.50  -42.30  0.96E-12
1990  10  22   0 -21.45  -42.30  0.96E-12
1990  10  22   0 -21.35  -42.30  0.57E-12
1990  10  22   0 -21.30  -42.30  0.76E-12
1990  10  22   0 -21.20  -42.30  0.19E-12
1990  10  22   0 -21.15  -42.30  0.38E-12
1990  10  22   0 -22.50  -42.25  0.43E-12
1990  10  22   0 -22.45  -42.25  0.32E-11
1990  10  22   0 -22.40  -42.25  0.54E-11
1990  10  22   0 -22.35  -42.25  0.26E-11
1990  10  22   0 -22.30  -42.25  0.19E-11
1990  10  22   0 -22.25  -42.25  0.19E-11
1990  10  22   0 -22.20  -42.25  0.13E-11
1990  10  22   0 -22.15  -42.25  0.17E-11
1990  10  22   0 -22.10  -42.25  0.35E-12
1990  10  22   0 -22.05  -42.25  0.10E-11
1990  10  22   0 -22.00  -42.25  0.52E-12
1990  10  22   0 -21.95  -42.25  0.12E-11
1990  10  22   0 -21.90  -42.25  0.87E-12
1990  10  22   0 -21.85  -42.25  0.87E-12
1990  10  22   0 -21.80  -42.25  0.17E-12
1990  10  22   0 -21.75  -42.25  0.86E-12
1990  10  22   0 -21.70  -42.25  0.69E-12
1990  10  22   0 -21.65  -42.25  0.84E-12
1990  10  22   0 -21.60  -42.25  0.33E-12
1990  10  22   0 -21.55  -42.25  0.69E-12
1990  10  22   0 -21.50  -42.25  0.58E-12
1990  10  22   0 -21.45  -42.25  0.19E-12
1990  10  22   0 -21.40  -42.25  0.57E-12
1990  10  22   0 -21.35  -42.25  0.13E-11
1990  10  22   0 -21.30  -42.25  0.38E-12
1990  10  22   0 -21.15  -42.25  0.19E-12
1990  10  22   0 -21.05  -42.25  0.19E-12
1990  10  22   0 -22.50  -42.20  0.43E-12
1990  10  22   0 -22.45  -42.20  0.17E-11
1990  10  22   0 -22.40  -42.20  0.39E-11
1990  10  22   0 -22.35  -42.20  0.11E-11
1990  10  22   0 -22.30  -42.20  0.15E-11
1990  10  22   0 -22.25  -42.20  0.17E-11
1990  10  22   0 -22.20  -42.20  0.13E-11
1990  10  22   0 -22.15  -42.20  0.43E-12
1990  10  22   0 -22.10  -42.20  0.96E-12
1990  10  22   0 -22.05  -42.20  0.87E-12
1990  10  22   0 -22.00  -42.20  0.52E-12
1990  10  22   0 -21.95  -42.20  0.69E-12
1990  10  22   0 -21.90  -42.20  0.12E-11
1990  10  22   0 -21.85  -42.20  0.52E-12
1990  10  22   0 -21.80  -42.20  0.86E-12
1990  10  22   0 -21.75  -42.20  0.35E-12
1990  10  22   0 -21.70  -42.20  0.52E-12
1990  10  22   0 -21.65  -42.20  0.69E-12
1990  10  22   0 -21.60  -42.20  0.52E-12
1990  10  22   0 -21.55  -42.20  0.17E-12
1990  10  22   0 -21.50  -42.20  0.14E-11
1990  10  22   0 -21.45  -42.20  0.53E-12
1990  10  22   0 -21.40  -42.20  0.17E-12
1990  10  22   0 -21.35  -42.20  0.10E-11
1990  10  22   0 -21.30  -42.20  0.59E-12
1990  10  22   0 -21.25  -42.20  0.40E-12
1990  10  22   0 -21.20  -42.20  0.42E-12
1990  10  22   0 -21.15  -42.20  0.80E-12
1990  10  22   0 -21.10  -42.20  0.80E-12
1990  10  22   0 -20.95  -42.20  0.21E-12
1990  10  22   0 -22.45  -42.15  0.36E-11
1990  10  22   0 -22.40  -42.15  0.19E-11
1990  10  22   0 -22.35  -42.15  0.15E-11
1990  10  22   0 -22.30  -42.15  0.26E-11
1990  10  22   0 -22.25  -42.15  0.15E-11
1990  10  22   0 -22.20  -42.15  0.21E-12
1990  10  22   0 -22.15  -42.15  0.86E-12
1990  10  22   0 -22.10  -42.15  0.82E-12
1990  10  22   0 -22.05  -42.15  0.35E-12
1990  10  22   0 -21.95  -42.15  0.86E-12
1990  10  22   0 -21.90  -42.15  0.86E-12
1990  10  22   0 -21.85  -42.15  0.35E-12
1990  10  22   0 -21.80  -42.15  0.21E-11
1990  10  22   0 -21.75  -42.15  0.16E-11
1990  10  22   0 -21.70  -42.15  0.10E-11
1990  10  22   0 -21.65  -42.15  0.34E-12
1990  10  22   0 -21.60  -42.15  0.69E-12
1990  10  22   0 -21.55  -42.15  0.12E-11
1990  10  22   0 -21.50  -42.15  0.51E-12
1990  10  22   0 -21.45  -42.15  0.85E-12
1990  10  22   0 -21.40  -42.15  0.11E-11
1990  10  22   0 -21.35  -42.15  0.85E-12
1990  10  22   0 -21.30  -42.15  0.21E-12
1990  10  22   0 -21.25  -42.15  0.12E-11
1990  10  22   0 -21.20  -42.15  0.21E-12
1990  10  22   0 -21.15  -42.15  0.82E-12
1990  10  22   0 -21.10  -42.15  0.61E-12
1990  10  22   0 -21.05  -42.15  0.40E-12
1990  10  22   0 -21.00  -42.15  0.63E-12
1990  10  22   0 -22.45  -42.10  0.13E-11
1990  10  22   0 -22.40  -42.10  0.38E-11
1990  10  22   0 -22.35  -42.10  0.15E-11
1990  10  22   0 -22.30  -42.10  0.34E-11
1990  10  22   0 -22.25  -42.10  0.15E-11
1990  10  22   0 -22.20  -42.10  0.64E-12
1990  10  22   0 -22.15  -42.10  0.13E-11
1990  10  22   0 -22.05  -42.10  0.39E-12
1990  10  22   0 -22.00  -42.10  0.86E-12
1990  10  22   0 -21.95  -42.10  0.52E-12
1990  10  22   0 -21.90  -42.10  0.52E-12
1990  10  22   0 -21.85  -42.10  0.34E-12
1990  10  22   0 -21.80  -42.10  0.52E-12
1990  10  22   0 -21.75  -42.10  0.69E-12
1990  10  22   0 -21.70  -42.10  0.34E-12
1990  10  22   0 -21.65  -42.10  0.12E-11
1990  10  22   0 -21.60  -42.10  0.69E-12
1990  10  22   0 -21.55  -42.10  0.17E-12
1990  10  22   0 -21.50  -42.10  0.85E-12
1990  10  22   0 -21.45  -42.10  0.34E-12
1990  10  22   0 -21.40  -42.10  0.34E-12
1990  10  22   0 -21.35  -42.10  0.68E-12
1990  10  22   0 -21.30  -42.10  0.59E-12
1990  10  22   0 -21.25  -42.10  0.85E-12
1990  10  22   0 -21.20  -42.10  0.21E-12
1990  10  22   0 -21.05  -42.10  0.21E-12
1990  10  22   0 -21.00  -42.10  0.42E-12
1990  10  22   0 -20.90  -42.10  0.21E-12
1990  10  22   0 -22.45  -42.05  0.85E-12
1990  10  22   0 -22.40  -42.05  0.19E-11
1990  10  22   0 -22.35  -42.05  0.11E-11
1990  10  22   0 -22.30  -42.05  0.17E-11
1990  10  22   0 -22.25  -42.05  0.17E-11
1990  10  22   0 -22.20  -42.05  0.23E-11
1990  10  22   0 -22.15  -42.05  0.64E-12
1990  10  22   0 -22.05  -42.05  0.64E-12
1990  10  22   0 -22.00  -42.05  0.51E-12
1990  10  22   0 -21.95  -42.05  0.86E-12
1990  10  22   0 -21.90  -42.05  0.10E-11
1990  10  22   0 -21.85  -42.05  0.69E-12
1990  10  22   0 -21.80  -42.05  0.52E-12
1990  10  22   0 -21.75  -42.05  0.10E-11
1990  10  22   0 -21.70  -42.05  0.34E-12
1990  10  22   0 -21.65  -42.05  0.10E-11
1990  10  22   0 -21.60  -42.05  0.51E-12
1990  10  22   0 -21.55  -42.05  0.34E-12
1990  10  22   0 -21.50  -42.05  0.51E-12
1990  10  22   0 -21.45  -42.05  0.68E-12
1990  10  22   0 -21.40  -42.05  0.68E-12
1990  10  22   0 -21.35  -42.05  0.85E-12
1990  10  22   0 -21.30  -42.05  0.85E-12
1990  10  22   0 -21.25  -42.05  0.67E-12
1990  10  22   0 -21.20  -42.05  0.80E-12
1990  10  22   0 -21.10  -42.05  0.84E-12
1990  10  22   0 -21.05  -42.05  0.63E-12
1990  10  22   0 -21.00  -42.05  0.42E-12
1990  10  22   0 -20.95  -42.05  0.62E-12
1990  10  22   0 -20.90  -42.05  0.21E-12
1990  10  22   0 -22.45  -42.00  0.85E-12
1990  10  22   0 -22.40  -42.00  0.17E-11
1990  10  22   0 -22.35  -42.00  0.19E-11
1990  10  22   0 -22.30  -42.00  0.19E-11
1990  10  22   0 -22.25  -42.00  0.13E-11
1990  10  22   0 -22.20  -42.00  0.15E-11
1990  10  22   0 -22.15  -42.00  0.85E-12
1990  10  22   0 -22.10  -42.00  0.85E-12
1990  10  22   0 -22.05  -42.00  0.21E-12
1990  10  22   0 -22.00  -42.00  0.21E-12
1990  10  22   0 -21.95  -42.00  0.51E-12
1990  10  22   0 -21.90  -42.00  0.68E-12
1990  10  22   0 -21.85  -42.00  0.34E-12
1990  10  22   0 -21.80  -42.00  0.34E-12
1990  10  22   0 -21.75  -42.00  0.17E-12
1990  10  22   0 -21.70  -42.00  0.17E-11
1990  10  22   0 -21.65  -42.00  0.12E-11
1990  10  22   0 -21.60  -42.00  0.85E-12
1990  10  22   0 -21.55  -42.00  0.15E-11
1990  10  22   0 -21.50  -42.00  0.51E-12
1990  10  22   0 -21.45  -42.00  0.51E-12
1990  10  22   0 -21.40  -42.00  0.12E-11
1990  10  22   0 -21.35  -42.00  0.68E-12
1990  10  22   0 -21.30  -42.00  0.34E-12
1990  10  22   0 -21.25  -42.00  0.10E-11
1990  10  22   0 -21.20  -42.00  0.50E-12
1990  10  22   0 -21.15  -42.00  0.63E-12
1990  10  22   0 -21.10  -42.00  0.59E-12
1990  10  22   0 -21.05  -42.00  0.63E-12
1990  10  22   0 -21.00  -42.00  0.42E-12
1990  10  22   0 -20.95  -42.00  0.83E-12
1990  10  22   0 -20.90  -42.00  0.21E-12
1990  10  22   0 -20.85  -42.00  0.62E-12
1990  10  22   0 -20.75  -42.00  0.41E-12
1990  10  22   0 -20.70  -42.00  0.20E-12
1990  10  22   0 -22.45  -41.95  0.42E-12
1990  10  22   0 -22.40  -41.95  0.85E-12
1990  10  22   0 -22.35  -41.95  0.42E-12
1990  10  22   0 -22.30  -41.95  0.42E-12
1990  10  22   0 -22.25  -41.95  0.19E-11
1990  10  22   0 -22.20  -41.95  0.85E-12
1990  10  22   0 -22.15  -41.95  0.11E-11
1990  10  22   0 -22.10  -41.95  0.13E-11
1990  10  22   0 -22.05  -41.95  0.42E-12
1990  10  22   0 -22.00  -41.95  0.17E-12
1990  10  22   0 -21.95  -41.95  0.51E-12
1990  10  22   0 -21.90  -41.95  0.51E-12
1990  10  22   0 -21.85  -41.95  0.34E-12
1990  10  22   0 -21.80  -41.95  0.17E-12
1990  10  22   0 -21.75  -41.95  0.34E-12
1990  10  22   0 -21.70  -41.95  0.85E-12
1990  10  22   0 -21.65  -41.95  0.14E-11
1990  10  22   0 -21.60  -41.95  0.15E-11
1990  10  22   0 -21.55  -41.95  0.12E-11
1990  10  22   0 -21.50  -41.95  0.15E-11
1990  10  22   0 -21.45  -41.95  0.34E-12
1990  10  22   0 -21.40  -41.95  0.68E-12
1990  10  22   0 -21.35  -41.95  0.12E-11
1990  10  22   0 -21.30  -41.95  0.13E-11
1990  10  22   0 -21.25  -41.95  0.51E-12
1990  10  22   0 -21.20  -41.95  0.67E-12
1990  10  22   0 -21.15  -41.95  0.75E-12
1990  10  22   0 -21.10  -41.95  0.59E-12
1990  10  22   0 -21.05  -41.95  0.42E-12
1990  10  22   0 -20.95  -41.95  0.41E-12
1990  10  22   0 -20.90  -41.95  0.41E-12
1990  10  22   0 -20.85  -41.95  0.41E-12
1990  10  22   0 -20.80  -41.95  0.21E-12
1990  10  22   0 -20.75  -41.95  0.62E-12
1990  10  22   0 -20.70  -41.95  0.20E-12
1990  10  22   0 -22.55  -41.90  0.21E-12
1990  10  22   0 -22.45  -41.90  0.85E-12
1990  10  22   0 -22.40  -41.90  0.13E-11
1990  10  22   0 -22.35  -41.90  0.13E-11
1990  10  22   0 -22.30  -41.90  0.11E-11
1990  10  22   0 -22.25  -41.90  0.11E-11
1990  10  22   0 -22.20  -41.90  0.13E-11
1990  10  22   0 -22.15  -41.90  0.63E-12
1990  10  22   0 -22.10  -41.90  0.63E-12
1990  10  22   0 -22.05  -41.90  0.19E-11
1990  10  22   0 -22.00  -41.90  0.21E-12
1990  10  22   0 -21.95  -41.90  0.38E-12
1990  10  22   0 -21.90  -41.90  0.17E-12
1990  10  22   0 -21.85  -41.90  0.50E-12
1990  10  22   0 -21.80  -41.90  0.68E-12
1990  10  22   0 -21.75  -41.90  0.17E-12
1990  10  22   0 -21.70  -41.90  0.68E-12
1990  10  22   0 -21.65  -41.90  0.68E-12
1990  10  22   0 -21.60  -41.90  0.10E-11
1990  10  22   0 -21.55  -41.90  0.12E-11
1990  10  22   0 -21.50  -41.90  0.14E-11
1990  10  22   0 -21.45  -41.90  0.34E-12
1990  10  22   0 -21.40  -41.90  0.51E-12
1990  10  22   0 -21.35  -41.90  0.10E-11
1990  10  22   0 -21.30  -41.90  0.67E-12
1990  10  22   0 -21.25  -41.90  0.84E-12
1990  10  22   0 -21.20  -41.90  0.17E-12
1990  10  22   0 -21.15  -41.90  0.34E-12
1990  10  22   0 -21.10  -41.90  0.63E-12
1990  10  22   0 -21.05  -41.90  0.21E-12
1990  10  22   0 -21.00  -41.90  0.42E-12
1990  10  22   0 -20.95  -41.90  0.41E-12
1990  10  22   0 -20.90  -41.90  0.62E-12
1990  10  22   0 -20.85  -41.90  0.41E-12
1990  10  22   0 -20.80  -41.90  0.82E-12
1990  10  22   0 -22.55  -41.85  0.21E-12
1990  10  22   0 -22.50  -41.85  0.21E-12
1990  10  22   0 -22.45  -41.85  0.84E-12
1990  10  22   0 -22.40  -41.85  0.21E-12
1990  10  22   0 -22.35  -41.85  0.13E-11
1990  10  22   0 -22.30  -41.85  0.11E-11
1990  10  22   0 -22.25  -41.85  0.15E-11
1990  10  22   0 -22.20  -41.85  0.63E-12
1990  10  22   0 -22.15  -41.85  0.84E-12
1990  10  22   0 -22.10  -41.85  0.42E-12
1990  10  22   0 -22.05  -41.85  0.13E-11
1990  10  22   0 -22.00  -41.85  0.10E-11
1990  10  22   0 -21.95  -41.85  0.38E-12
1990  10  22   0 -21.90  -41.85  0.54E-12
1990  10  22   0 -21.75  -41.85  0.50E-12
1990  10  22   0 -21.70  -41.85  0.17E-12
1990  10  22   0 -21.65  -41.85  0.17E-12
1990  10  22   0 -21.60  -41.85  0.51E-12
1990  10  22   0 -21.55  -41.85  0.51E-12
1990  10  22   0 -21.50  -41.85  0.17E-12
1990  10  22   0 -21.45  -41.85  0.51E-12
1990  10  22   0 -21.40  -41.85  0.34E-12
1990  10  22   0 -21.35  -41.85  0.67E-12
1990  10  22   0 -21.30  -41.85  0.34E-12
1990  10  22   0 -21.25  -41.85  0.67E-12
1990  10  22   0 -21.20  -41.85  0.67E-12
1990  10  22   0 -21.15  -41.85  0.17E-12
1990  10  22   0 -21.10  -41.85  0.17E-12
1990  10  22   0 -21.05  -41.85  0.83E-12
1990  10  22   0 -21.00  -41.85  0.62E-12
1990  10  22   0 -20.95  -41.85  0.62E-12
1990  10  22   0 -20.90  -41.85  0.83E-12
1990  10  22   0 -20.85  -41.85  0.82E-12
1990  10  22   0 -20.80  -41.85  0.62E-12
1990  10  22   0 -20.75  -41.85  0.41E-12
1990  10  22   0 -22.55  -41.80  0.21E-12
1990  10  22   0 -22.50  -41.80  0.85E-12
1990  10  22   0 -22.45  -41.80  0.42E-12
1990  10  22   0 -22.40  -41.80  0.15E-11
1990  10  22   0 -22.35  -41.80  0.15E-11
1990  10  22   0 -22.30  -41.80  0.11E-11
1990  10  22   0 -22.25  -41.80  0.84E-12
1990  10  22   0 -22.20  -41.80  0.63E-12
1990  10  22   0 -22.10  -41.80  0.21E-12
1990  10  22   0 -22.05  -41.80  0.21E-12
1990  10  22   0 -22.00  -41.80  0.21E-12
1990  10  22   0 -21.95  -41.80  0.21E-12
1990  10  22   0 -21.90  -41.80  0.50E-12
1990  10  22   0 -21.85  -41.80  0.50E-12
1990  10  22   0 -21.80  -41.80  0.17E-12
1990  10  22   0 -21.75  -41.80  0.50E-12
1990  10  22   0 -21.70  -41.80  0.17E-12
1990  10  22   0 -21.65  -41.80  0.34E-12
1990  10  22   0 -21.60  -41.80  0.17E-12
1990  10  22   0 -21.55  -41.80  0.17E-12
1990  10  22   0 -21.50  -41.80  0.51E-12
1990  10  22   0 -21.45  -41.80  0.12E-11
1990  10  22   0 -21.40  -41.80  0.84E-12
1990  10  22   0 -21.35  -41.80  0.50E-12
1990  10  22   0 -21.30  -41.80  0.17E-12
1990  10  22   0 -21.25  -41.80  0.67E-12
1990  10  22   0 -21.20  -41.80  0.84E-12
1990  10  22   0 -21.15  -41.80  0.67E-12
1990  10  22   0 -21.10  -41.80  0.17E-12
1990  10  22   0 -20.95  -41.80  0.37E-12
1990  10  22   0 -20.90  -41.80  0.10E-11
1990  10  22   0 -20.85  -41.80  0.62E-12
1990  10  22   0 -20.80  -41.80  0.82E-12
1990  10  22   0 -20.75  -41.80  0.41E-12
1990  10  22   0 -20.70  -41.80  0.41E-12
1990  10  22   0 -20.65  -41.80  0.20E-12
1990  10  22   0 -22.55  -41.75  0.21E-12
1990  10  22   0 -22.50  -41.75  0.21E-12
1990  10  22   0 -22.45  -41.75  0.13E-11
1990  10  22   0 -22.40  -41.75  0.64E-12
1990  10  22   0 -22.35  -41.75  0.63E-12
1990  10  22   0 -22.30  -41.75  0.63E-12
1990  10  22   0 -22.25  -41.75  0.10E-11
1990  10  22   0 -22.20  -41.75  0.63E-12
1990  10  22   0 -22.15  -41.75  0.10E-11
1990  10  22   0 -22.10  -41.75  0.63E-12
1990  10  22   0 -22.05  -41.75  0.21E-12
1990  10  22   0 -21.95  -41.75  0.42E-12
1990  10  22   0 -21.90  -41.75  0.50E-12
1990  10  22   0 -21.85  -41.75  0.50E-12
1990  10  22   0 -21.80  -41.75  0.67E-12
1990  10  22   0 -21.70  -41.75  0.50E-12
1990  10  22   0 -21.65  -41.75  0.17E-12
1990  10  22   0 -21.60  -41.75  0.17E-12
1990  10  22   0 -21.55  -41.75  0.33E-12
1990  10  22   0 -21.50  -41.75  0.67E-12
1990  10  22   0 -21.45  -41.75  0.67E-12
1990  10  22   0 -21.40  -41.75  0.34E-12
1990  10  22   0 -21.35  -41.75  0.34E-12
1990  10  22   0 -21.30  -41.75  0.50E-12
1990  10  22   0 -21.25  -41.75  0.50E-12
1990  10  22   0 -21.20  -41.75  0.83E-12
1990  10  22   0 -21.15  -41.75  0.83E-12
1990  10  22   0 -21.10  -41.75  0.17E-12
1990  10  22   0 -21.05  -41.75  0.17E-12
1990  10  22   0 -21.00  -41.75  0.41E-12
1990  10  22   0 -20.95  -41.75  0.41E-12
1990  10  22   0 -20.90  -41.75  0.41E-12
1990  10  22   0 -20.85  -41.75  0.62E-12
1990  10  22   0 -20.80  -41.75  0.82E-12
1990  10  22   0 -20.75  -41.75  0.41E-12
1990  10  22   0 -20.65  -41.75  0.41E-12
1990  10  22   0 -22.50  -41.70  0.43E-12
1990  10  22   0 -22.45  -41.70  0.15E-11
1990  10  22   0 -22.35  -41.70  0.84E-12
1990  10  22   0 -22.30  -41.70  0.19E-11
1990  10  22   0 -22.25  -41.70  0.21E-12
1990  10  22   0 -22.20  -41.70  0.21E-12
1990  10  22   0 -22.15  -41.70  0.21E-12
1990  10  22   0 -22.10  -41.70  0.84E-12
1990  10  22   0 -22.05  -41.70  0.42E-12
1990  10  22   0 -22.00  -41.70  0.38E-12
1990  10  22   0 -21.90  -41.70  0.33E-12
1990  10  22   0 -21.85  -41.70  0.17E-12
1990  10  22   0 -21.80  -41.70  0.17E-12
1990  10  22   0 -21.75  -41.70  0.17E-12
1990  10  22   0 -21.70  -41.70  0.33E-12
1990  10  22   0 -21.65  -41.70  0.83E-12
1990  10  22   0 -21.60  -41.70  0.50E-12
1990  10  22   0 -21.55  -41.70  0.83E-12
1990  10  22   0 -21.50  -41.70  0.33E-12
1990  10  22   0 -21.40  -41.70  0.67E-12
1990  10  22   0 -21.35  -41.70  0.84E-12
1990  10  22   0 -21.30  -41.70  0.83E-12
1990  10  22   0 -21.25  -41.70  0.33E-12
1990  10  22   0 -21.20  -41.70  0.50E-12
1990  10  22   0 -21.15  -41.70  0.17E-12
1990  10  22   0 -21.10  -41.70  0.66E-12
1990  10  22   0 -21.05  -41.70  0.33E-12
1990  10  22   0 -21.00  -41.70  0.54E-12
1990  10  22   0 -20.95  -41.70  0.12E-11
1990  10  22   0 -20.90  -41.70  0.10E-11
1990  10  22   0 -20.85  -41.70  0.62E-12
1990  10  22   0 -20.80  -41.70  0.10E-11
1990  10  22   0 -20.75  -41.70  0.41E-12
1990  10  22   0 -20.65  -41.70  0.41E-12
1990  10  22   0 -22.55  -41.65  0.21E-12
1990  10  22   0 -22.50  -41.65  0.13E-11
1990  10  22   0 -22.40  -41.65  0.64E-12
1990  10  22   0 -22.30  -41.65  0.21E-12
1990  10  22   0 -22.25  -41.65  0.10E-11
1990  10  22   0 -22.20  -41.65  0.21E-12
1990  10  22   0 -22.15  -41.65  0.42E-12
1990  10  22   0 -22.10  -41.65  0.63E-12
1990  10  22   0 -22.05  -41.65  0.42E-12
1990  10  22   0 -22.00  -41.65  0.21E-12
1990  10  22   0 -21.95  -41.65  0.17E-12
1990  10  22   0 -21.80  -41.65  0.33E-12
1990  10  22   0 -21.70  -41.65  0.50E-12
1990  10  22   0 -21.65  -41.65  0.33E-12
1990  10  22   0 -21.60  -41.65  0.50E-12
1990  10  22   0 -21.50  -41.65  0.33E-12
1990  10  22   0 -21.45  -41.65  0.33E-12
1990  10  22   0 -21.40  -41.65  0.16E-12
1990  10  22   0 -21.30  -41.65  0.17E-12
1990  10  22   0 -21.25  -41.65  0.17E-12
1990  10  22   0 -21.20  -41.65  0.16E-12
1990  10  22   0 -21.15  -41.65  0.50E-12
1990  10  22   0 -21.10  -41.65  0.54E-12
1990  10  22   0 -21.05  -41.65  0.33E-12
1990  10  22   0 -21.00  -41.65  0.37E-12
1990  10  22   0 -20.95  -41.65  0.66E-12
1990  10  22   0 -20.75  -41.65  0.20E-12
1990  10  22   0 -20.65  -41.65  0.20E-12
1990  10  22   0 -20.60  -41.65  0.20E-12
1990  10  22   0 -22.60  -41.60  0.21E-12
1990  10  22   0 -22.50  -41.60  0.43E-12
1990  10  22   0 -22.45  -41.60  0.85E-12
1990  10  22   0 -22.40  -41.60  0.43E-12
1990  10  22   0 -22.35  -41.60  0.85E-12
1990  10  22   0 -22.30  -41.60  0.42E-12
1990  10  22   0 -22.25  -41.60  0.63E-12
1990  10  22   0 -22.20  -41.60  0.21E-12
1990  10  22   0 -22.15  -41.60  0.62E-12
1990  10  22   0 -22.10  -41.60  0.21E-12
1990  10  22   0 -22.05  -41.60  0.62E-12
1990  10  22   0 -22.00  -41.60  0.58E-12
1990  10  22   0 -21.90  -41.60  0.17E-12
1990  10  22   0 -21.85  -41.60  0.33E-12
1990  10  22   0 -21.75  -41.60  0.17E-12
1990  10  22   0 -21.65  -41.60  0.17E-12
1990  10  22   0 -21.55  -41.60  0.49E-12
1990  10  22   0 -21.50  -41.60  0.49E-12
1990  10  22   0 -21.40  -41.60  0.50E-12
1990  10  22   0 -21.35  -41.60  0.16E-12
1990  10  22   0 -21.30  -41.60  0.49E-12
1990  10  22   0 -21.25  -41.60  0.33E-12
1990  10  22   0 -21.20  -41.60  0.49E-12
1990  10  22   0 -21.15  -41.60  0.65E-12
1990  10  22   0 -21.10  -41.60  0.16E-12
1990  10  22   0 -21.05  -41.60  0.16E-12
1990  10  22   0 -21.00  -41.60  0.16E-12
1990  10  22   0 -20.95  -41.60  0.20E-12
1990  10  22   0 -20.90  -41.60  0.41E-12
1990  10  22   0 -20.85  -41.60  0.20E-12
1990  10  22   0 -20.80  -41.60  0.20E-12
1990  10  22   0 -20.75  -41.60  0.12E-11
1990  10  22   0 -20.70  -41.60  0.40E-12
1990  10  22   0 -20.65  -41.60  0.59E-12
1990  10  22   0 -22.65  -41.55  0.21E-12
1990  10  22   0 -22.60  -41.55  0.42E-12
1990  10  22   0 -22.55  -41.55  0.21E-12
1990  10  22   0 -22.50  -41.55  0.13E-11
1990  10  22   0 -22.40  -41.55  0.21E-12
1990  10  22   0 -22.35  -41.55  0.21E-12
1990  10  22   0 -22.30  -41.55  0.42E-12
1990  10  22   0 -22.20  -41.55  0.42E-12
1990  10  22   0 -22.10  -41.55  0.62E-12
1990  10  22   0 -22.05  -41.55  0.21E-12
1990  10  22   0 -22.00  -41.55  0.17E-12
1990  10  22   0 -21.95  -41.55  0.37E-12
1990  10  22   0 -21.90  -41.55  0.70E-12
1990  10  22   0 -21.85  -41.55  0.50E-12
1990  10  22   0 -21.80  -41.55  0.50E-12
1990  10  22   0 -21.75  -41.55  0.16E-12
1990  10  22   0 -21.65  -41.55  0.16E-12
1990  10  22   0 -21.55  -41.55  0.49E-12
1990  10  22   0 -21.50  -41.55  0.33E-12
1990  10  22   0 -21.45  -41.55  0.33E-12
1990  10  22   0 -21.40  -41.55  0.82E-12
1990  10  22   0 -21.35  -41.55  0.33E-12
1990  10  22   0 -21.25  -41.55  0.33E-12
1990  10  22   0 -21.15  -41.55  0.16E-12
1990  10  22   0 -21.10  -41.55  0.49E-12
1990  10  22   0 -20.95  -41.55  0.49E-12
1990  10  22   0 -20.90  -41.55  0.20E-12
1990  10  22   0 -20.85  -41.55  0.20E-12
1990  10  22   0 -20.75  -41.55  0.20E-12
1990  10  22   0 -20.70  -41.55  0.20E-12
1990  10  22   0 -20.65  -41.55  0.20E-12
1990  10  22   0 -22.60  -41.50  0.22E-12
1990  10  22   0 -22.45  -41.50  0.63E-12
1990  10  22   0 -22.40  -41.50  0.21E-12
1990  10  22   0 -22.30  -41.50  0.21E-12
1990  10  22   0 -22.25  -41.50  0.83E-12
1990  10  22   0 -22.20  -41.50  0.21E-12
1990  10  22   0 -22.15  -41.50  0.21E-12
1990  10  22   0 -22.10  -41.50  0.62E-12
1990  10  22   0 -22.05  -41.50  0.41E-12
1990  10  22   0 -22.00  -41.50  0.41E-12
1990  10  22   0 -21.85  -41.50  0.33E-12
1990  10  22   0 -21.80  -41.50  0.33E-12
1990  10  22   0 -21.70  -41.50  0.33E-12
1990  10  22   0 -21.60  -41.50  0.16E-12
1990  10  22   0 -21.55  -41.50  0.33E-12
1990  10  22   0 -21.50  -41.50  0.16E-12
1990  10  22   0 -21.45  -41.50  0.16E-12
1990  10  22   0 -21.40  -41.50  0.49E-12
1990  10  22   0 -21.35  -41.50  0.33E-12
1990  10  22   0 -21.30  -41.50  0.33E-12
1990  10  22   0 -21.25  -41.50  0.11E-11
1990  10  22   0 -21.20  -41.50  0.16E-12
1990  10  22   0 -21.15  -41.50  0.32E-12
1990  10  22   0 -21.10  -41.50  0.48E-12
1990  10  22   0 -21.05  -41.50  0.81E-12
1990  10  22   0 -21.00  -41.50  0.16E-12
1990  10  22   0 -20.90  -41.50  0.20E-12
1990  10  22   0 -20.85  -41.50  0.20E-12
1990  10  22   0 -20.80  -41.50  0.20E-12
1990  10  22   0 -20.75  -41.50  0.79E-12
1990  10  22   0 -22.60  -41.45  0.43E-12
1990  10  22   0 -22.55  -41.45  0.65E-12
1990  10  22   0 -22.45  -41.45  0.21E-12
1990  10  22   0 -22.40  -41.45  0.64E-12
1990  10  22   0 -22.30  -41.45  0.21E-12
1990  10  22   0 -22.25  -41.45  0.63E-12
1990  10  22   0 -22.20  -41.45  0.21E-12
1990  10  22   0 -22.15  -41.45  0.21E-12
1990  10  22   0 -22.10  -41.45  0.21E-12
1990  10  22   0 -22.05  -41.45  0.21E-12
1990  10  22   0 -22.00  -41.45  0.37E-12
1990  10  22   0 -21.95  -41.45  0.70E-12
1990  10  22   0 -21.90  -41.45  0.49E-12
1990  10  22   0 -21.80  -41.45  0.16E-12
1990  10  22   0 -21.75  -41.45  0.66E-12
1990  10  22   0 -21.70  -41.45  0.33E-12
1990  10  22   0 -21.60  -41.45  0.16E-12
1990  10  22   0 -21.50  -41.45  0.65E-12
1990  10  22   0 -21.45  -41.45  0.65E-12
1990  10  22   0 -21.40  -41.45  0.13E-11
1990  10  22   0 -21.35  -41.45  0.16E-12
1990  10  22   0 -21.30  -41.45  0.32E-12
1990  10  22   0 -21.20  -41.45  0.65E-12
1990  10  22   0 -21.15  -41.45  0.32E-12
1990  10  22   0 -21.10  -41.45  0.32E-12
1990  10  22   0 -21.05  -41.45  0.32E-12
1990  10  22   0 -21.00  -41.45  0.48E-12
1990  10  22   0 -20.95  -41.45  0.96E-12
1990  10  22   0 -20.90  -41.45  0.16E-12
1990  10  22   0 -20.75  -41.45  0.40E-12
1990  10  22   0 -22.65  -41.40  0.21E-12
1990  10  22   0 -22.60  -41.40  0.42E-12
1990  10  22   0 -22.55  -41.40  0.13E-11
1990  10  22   0 -22.40  -41.40  0.84E-12
1990  10  22   0 -22.35  -41.40  0.42E-12
1990  10  22   0 -22.25  -41.40  0.84E-12
1990  10  22   0 -22.20  -41.40  0.63E-12
1990  10  22   0 -22.15  -41.40  0.21E-12
1990  10  22   0 -21.90  -41.40  0.33E-12
1990  10  22   0 -21.80  -41.40  0.16E-12
1990  10  22   0 -21.70  -41.40  0.33E-12
1990  10  22   0 -21.65  -41.40  0.16E-12
1990  10  22   0 -21.60  -41.40  0.33E-12
1990  10  22   0 -21.55  -41.40  0.49E-12
1990  10  22   0 -21.50  -41.40  0.16E-12
1990  10  22   0 -21.45  -41.40  0.16E-12
1990  10  22   0 -21.40  -41.40  0.49E-12
1990  10  22   0 -21.35  -41.40  0.33E-12
1990  10  22   0 -21.30  -41.40  0.49E-12
1990  10  22   0 -21.15  -41.40  0.16E-12
1990  10  22   0 -21.10  -41.40  0.16E-12
1990  10  22   0 -21.05  -41.40  0.32E-12
1990  10  22   0 -21.00  -41.40  0.16E-12
1990  10  22   0 -20.95  -41.40  0.16E-12
1990  10  22   0 -20.90  -41.40  0.16E-12
1990  10  22   0 -20.85  -41.40  0.20E-12
1990  10  22   0 -20.80  -41.40  0.60E-12
1990  10  22   0 -20.75  -41.40  0.40E-12
1990  10  22   0 -20.65  -41.40  0.20E-12
1990  10  22   0 -22.70  -41.35  0.22E-12
1990  10  22   0 -22.65  -41.35  0.86E-12
1990  10  22   0 -22.60  -41.35  0.42E-12
1990  10  22   0 -22.55  -41.35  0.64E-12
1990  10  22   0 -22.50  -41.35  0.21E-12
1990  10  22   0 -22.25  -41.35  0.42E-12
1990  10  22   0 -22.20  -41.35  0.10E-11
1990  10  22   0 -22.15  -41.35  0.21E-12
1990  10  22   0 -22.05  -41.35  0.62E-12
1990  10  22   0 -22.00  -41.35  0.21E-12
1990  10  22   0 -21.95  -41.35  0.16E-12
1990  10  22   0 -21.80  -41.35  0.49E-12
1990  10  22   0 -21.75  -41.35  0.16E-12
1990  10  22   0 -21.70  -41.35  0.16E-12
1990  10  22   0 -21.60  -41.35  0.33E-12
1990  10  22   0 -21.55  -41.35  0.33E-12
1990  10  22   0 -21.50  -41.35  0.16E-12
1990  10  22   0 -21.40  -41.35  0.49E-12
1990  10  22   0 -21.30  -41.35  0.32E-12
1990  10  22   0 -21.25  -41.35  0.65E-12
1990  10  22   0 -21.20  -41.35  0.48E-12
1990  10  22   0 -21.15  -41.35  0.97E-12
1990  10  22   0 -21.10  -41.35  0.48E-12
1990  10  22   0 -21.05  -41.35  0.48E-12
1990  10  22   0 -20.95  -41.35  0.16E-12
1990  10  22   0 -20.90  -41.35  0.20E-12
1990  10  22   0 -20.85  -41.35  0.20E-12
1990  10  22   0 -20.80  -41.35  0.40E-12
1990  10  22   0 -20.75  -41.35  0.79E-12
1990  10  22   0 -20.70  -41.35  0.98E-12
1990  10  22   0 -22.75  -41.30  0.22E-12
1990  10  22   0 -22.65  -41.30  0.40E-12
1990  10  22   0 -22.60  -41.30  0.43E-12
1990  10  22   0 -22.55  -41.30  0.84E-12
1990  10  22   0 -22.50  -41.30  0.43E-12
1990  10  22   0 -22.45  -41.30  0.21E-12
1990  10  22   0 -22.40  -41.30  0.21E-12
1990  10  22   0 -22.35  -41.30  0.63E-12
1990  10  22   0 -22.30  -41.30  0.21E-12
1990  10  22   0 -22.25  -41.30  0.42E-12
1990  10  22   0 -22.15  -41.30  0.41E-12
1990  10  22   0 -22.10  -41.30  0.41E-12
1990  10  22   0 -22.00  -41.30  0.20E-12
1990  10  22   0 -21.95  -41.30  0.33E-12
1990  10  22   0 -21.90  -41.30  0.33E-12
1990  10  22   0 -21.75  -41.30  0.16E-12
1990  10  22   0 -21.70  -41.30  0.33E-12
1990  10  22   0 -21.60  -41.30  0.16E-12
1990  10  22   0 -21.55  -41.30  0.16E-12
1990  10  22   0 -21.50  -41.30  0.32E-12
1990  10  22   0 -21.45  -41.30  0.16E-12
1990  10  22   0 -21.40  -41.30  0.49E-12
1990  10  22   0 -21.35  -41.30  0.32E-12
1990  10  22   0 -21.30  -41.30  0.81E-12
1990  10  22   0 -21.25  -41.30  0.48E-12
1990  10  22   0 -21.20  -41.30  0.16E-12
1990  10  22   0 -21.15  -41.30  0.32E-12
1990  10  22   0 -21.10  -41.30  0.16E-12
1990  10  22   0 -21.05  -41.30  0.32E-12
1990  10  22   0 -21.00  -41.30  0.20E-12
1990  10  22   0 -20.95  -41.30  0.60E-12
1990  10  22   0 -20.90  -41.30  0.60E-12
1990  10  22   0 -20.85  -41.30  0.79E-12
1990  10  22   0 -20.80  -41.30  0.20E-12
1990  10  22   0 -20.75  -41.30  0.39E-12
1990  10  22   0 -20.70  -41.30  0.59E-12
1990  10  22   0 -22.75  -41.25  0.22E-12
1990  10  22   0 -22.70  -41.25  0.43E-12
1990  10  22   0 -22.65  -41.25  0.19E-12
1990  10  22   0 -22.60  -41.25  0.21E-12
1990  10  22   0 -22.55  -41.25  0.63E-12
1990  10  22   0 -22.50  -41.25  0.10E-11
1990  10  22   0 -22.45  -41.25  0.64E-12
1990  10  22   0 -22.40  -41.25  0.42E-12
1990  10  22   0 -22.30  -41.25  0.83E-12
1990  10  22   0 -22.25  -41.25  0.42E-12
1990  10  22   0 -22.20  -41.25  0.21E-12
1990  10  22   0 -22.10  -41.25  0.21E-12
1990  10  22   0 -22.00  -41.25  0.20E-12
1990  10  22   0 -21.85  -41.25  0.49E-12
1990  10  22   0 -21.80  -41.25  0.16E-12
1990  10  22   0 -21.75  -41.25  0.16E-12
1990  10  22   0 -21.70  -41.25  0.16E-12
1990  10  22   0 -21.65  -41.25  0.16E-12
1990  10  22   0 -21.50  -41.25  0.32E-12
1990  10  22   0 -21.45  -41.25  0.32E-12
1990  10  22   0 -21.40  -41.25  0.32E-12
1990  10  22   0 -21.35  -41.25  0.32E-12
1990  10  22   0 -21.25  -41.25  0.32E-12
1990  10  22   0 -21.20  -41.25  0.16E-12
1990  10  22   0 -21.15  -41.25  0.16E-12
1990  10  22   0 -21.10  -41.25  0.32E-12
1990  10  22   0 -21.05  -41.25  0.32E-12
1990  10  22   0 -21.00  -41.25  0.16E-12
1990  10  22   0 -20.95  -41.25  0.40E-12
1990  10  22   0 -20.80  -41.25  0.20E-12
1990  10  22   0 -20.75  -41.25  0.39E-12
1990  10  22   0 -20.70  -41.25  0.59E-12
1990  10  22   0 -20.65  -41.25  0.20E-12
1990  10  22   0 -20.60  -41.25  0.20E-12
1990  10  22   0 -22.70  -41.20  0.43E-12
1990  10  22   0 -22.65  -41.20  0.22E-12
1990  10  22   0 -22.60  -41.20  0.85E-12
1990  10  22   0 -22.55  -41.20  0.83E-12
1990  10  22   0 -22.50  -41.20  0.18E-12
1990  10  22   0 -22.45  -41.20  0.82E-12
1990  10  22   0 -22.35  -41.20  0.21E-12
1990  10  22   0 -22.30  -41.20  0.41E-12
1990  10  22   0 -22.25  -41.20  0.21E-12
1990  10  22   0 -22.20  -41.20  0.62E-12
1990  10  22   0 -22.10  -41.20  0.16E-12
1990  10  22   0 -22.00  -41.20  0.16E-12
1990  10  22   0 -21.85  -41.20  0.16E-12
1990  10  22   0 -21.75  -41.20  0.32E-12
1990  10  22   0 -21.70  -41.20  0.49E-12
1990  10  22   0 -21.65  -41.20  0.16E-12
1990  10  22   0 -21.60  -41.20  0.16E-12
1990  10  22   0 -21.55  -41.20  0.49E-12
1990  10  22   0 -21.45  -41.20  0.49E-12
1990  10  22   0 -21.40  -41.20  0.32E-12
1990  10  22   0 -21.30  -41.20  0.16E-12
1990  10  22   0 -21.25  -41.20  0.32E-12
1990  10  22   0 -21.20  -41.20  0.64E-12
1990  10  22   0 -21.15  -41.20  0.96E-12
1990  10  22   0 -21.10  -41.20  0.32E-12
1990  10  22   0 -21.05  -41.20  0.11E-11
1990  10  22   0 -21.00  -41.20  0.32E-12
1990  10  22   0 -20.95  -41.20  0.20E-12
1990  10  22   0 -20.90  -41.20  0.40E-12
1990  10  22   0 -20.85  -41.20  0.79E-12
1990  10  22   0 -20.80  -41.20  0.98E-12
1990  10  22   0 -20.75  -41.20  0.20E-12
1990  10  22   0 -20.70  -41.20  0.39E-12
1990  10  22   0 -20.65  -41.20  0.39E-12
1990  10  22   0 -22.80  -41.15  0.63E-12
1990  10  22   0 -22.70  -41.15  0.63E-12
1990  10  22   0 -22.65  -41.15  0.43E-12
1990  10  22   0 -22.60  -41.15  0.63E-12
1990  10  22   0 -22.55  -41.15  0.15E-11
1990  10  22   0 -22.50  -41.15  0.84E-12
1990  10  22   0 -22.45  -41.15  0.79E-12
1990  10  22   0 -22.40  -41.15  0.42E-12
1990  10  22   0 -22.35  -41.15  0.42E-12
1990  10  22   0 -22.30  -41.15  0.21E-12
1990  10  22   0 -22.25  -41.15  0.21E-12
1990  10  22   0 -22.20  -41.15  0.42E-12
1990  10  22   0 -22.15  -41.15  0.21E-12
1990  10  22   0 -22.05  -41.15  0.33E-12
1990  10  22   0 -22.00  -41.15  0.16E-12
1990  10  22   0 -21.80  -41.15  0.16E-12
1990  10  22   0 -21.60  -41.15  0.16E-12
1990  10  22   0 -21.55  -41.15  0.65E-12
1990  10  22   0 -21.50  -41.15  0.16E-12
1990  10  22   0 -21.45  -41.15  0.16E-12
1990  10  22   0 -21.40  -41.15  0.16E-12
1990  10  22   0 -21.35  -41.15  0.48E-12
1990  10  22   0 -21.30  -41.15  0.16E-12
1990  10  22   0 -21.25  -41.15  0.16E-12
1990  10  22   0 -21.10  -41.15  0.48E-12
1990  10  22   0 -21.05  -41.15  0.16E-12
1990  10  22   0 -20.95  -41.15  0.40E-12
1990  10  22   0 -20.90  -41.15  0.20E-12
1990  10  22   0 -20.80  -41.15  0.20E-12
1990  10  22   0 -20.75  -41.15  0.39E-12
1990  10  22   0 -20.70  -41.15  0.98E-12
1990  10  22   0 -20.65  -41.15  0.20E-12
1990  10  22   0 -20.60  -41.15  0.19E-12
1990  10  22   0 -22.85  -41.10  0.63E-12
1990  10  22   0 -22.75  -41.10  0.21E-12
1990  10  22   0 -22.70  -41.10  0.19E-12
1990  10  22   0 -22.65  -41.10  0.85E-12
1990  10  22   0 -22.60  -41.10  0.21E-12
1990  10  22   0 -22.55  -41.10  0.39E-12
1990  10  22   0 -22.50  -41.10  0.84E-12
1990  10  22   0 -22.45  -41.10  0.11E-11
1990  10  22   0 -22.40  -41.10  0.21E-12
1990  10  22   0 -22.30  -41.10  0.21E-12
1990  10  22   0 -22.10  -41.10  0.16E-12
1990  10  22   0 -22.05  -41.10  0.16E-12
1990  10  22   0 -21.75  -41.10  0.16E-12
1990  10  22   0 -21.70  -41.10  0.16E-12
1990  10  22   0 -21.50  -41.10  0.32E-12
1990  10  22   0 -21.35  -41.10  0.48E-12
1990  10  22   0 -21.30  -41.10  0.48E-12
1990  10  22   0 -21.25  -41.10  0.32E-12
1990  10  22   0 -21.20  -41.10  0.16E-12
1990  10  22   0 -21.15  -41.10  0.16E-12
1990  10  22   0 -21.05  -41.10  0.16E-12
1990  10  22   0 -21.00  -41.10  0.20E-12
1990  10  22   0 -20.85  -41.10  0.20E-12
1990  10  22   0 -20.80  -41.10  0.20E-12
1990  10  22   0 -20.75  -41.10  0.39E-12
1990  10  22   0 -20.70  -41.10  0.19E-12
1990  10  22   0 -20.65  -41.10  0.19E-12
1990  10  22   0 -22.80  -41.05  0.42E-12
1990  10  22   0 -22.75  -41.05  0.11E-11
1990  10  22   0 -22.65  -41.05  0.21E-12
1990  10  22   0 -22.60  -41.05  0.21E-12
1990  10  22   0 -22.55  -41.05  0.37E-12
1990  10  22   0 -22.45  -41.05  0.21E-12
1990  10  22   0 -22.40  -41.05  0.14E-11
1990  10  22   0 -22.30  -41.05  0.21E-12
1990  10  22   0 -22.15  -41.05  0.16E-12
1990  10  22   0 -22.05  -41.05  0.16E-12
1990  10  22   0 -22.00  -41.05  0.16E-12
1990  10  22   0 -21.95  -41.05  0.16E-12
1990  10  22   0 -21.90  -41.05  0.33E-12
1990  10  22   0 -21.80  -41.05  0.32E-12
1990  10  22   0 -21.70  -41.05  0.16E-12
1990  10  22   0 -21.65  -41.05  0.16E-12
1990  10  22   0 -21.60  -41.05  0.32E-12
1990  10  22   0 -21.40  -41.05  0.16E-12
1990  10  22   0 -21.35  -41.05  0.32E-12
1990  10  22   0 -21.30  -41.05  0.32E-12
1990  10  22   0 -21.25  -41.05  0.32E-12
1990  10  22   0 -21.20  -41.05  0.32E-12
1990  10  22   0 -21.15  -41.05  0.16E-12
1990  10  22   0 -21.00  -41.05  0.16E-12
1990  10  22   0 -20.95  -41.05  0.39E-12
1990  10  22   0 -20.90  -41.05  0.39E-12
1990  10  22   0 -20.85  -41.05  0.59E-12
1990  10  22   0 -20.80  -41.05  0.78E-12
1990  10  22   0 -22.95  -41.00  0.19E-12
1990  10  22   0 -22.85  -41.00  0.21E-12
1990  10  22   0 -22.80  -41.00  0.21E-12
1990  10  22   0 -22.75  -41.00  0.42E-12
1990  10  22   0 -22.70  -41.00  0.39E-12
1990  10  22   0 -22.65  -41.00  0.58E-12
1990  10  22   0 -22.55  -41.00  0.21E-12
1990  10  22   0 -22.40  -41.00  0.21E-12
1990  10  22   0 -22.35  -41.00  0.42E-12
1990  10  22   0 -22.25  -41.00  0.83E-12
1990  10  22   0 -22.15  -41.00  0.17E-12
1990  10  22   0 -22.10  -41.00  0.21E-12
1990  10  22   0 -21.80  -41.00  0.16E-12
1990  10  22   0 -21.75  -41.00  0.16E-12
1990  10  22   0 -21.70  -41.00  0.16E-12
1990  10  22   0 -21.65  -41.00  0.32E-12
1990  10  22   0 -21.60  -41.00  0.32E-12
1990  10  22   0 -21.55  -41.00  0.32E-12
1990  10  22   0 -21.50  -41.00  0.16E-12
1990  10  22   0 -21.40  -41.00  0.16E-12
1990  10  22   0 -21.35  -41.00  0.16E-12
1990  10  22   0 -21.25  -41.00  0.16E-12
1990  10  22   0 -21.20  -41.00  0.16E-12
1990  10  22   0 -20.85  -41.00  0.39E-12
1990  10  22   0 -20.80  -41.00  0.20E-12
1990  10  22   0 -20.75  -41.00  0.20E-12
1990  10  22   0 -22.95  -40.95  0.19E-12
1990  10  22   0 -22.80  -40.95  0.42E-12
1990  10  22   0 -22.75  -40.95  0.84E-12
1990  10  22   0 -22.70  -40.95  0.81E-12
1990  10  22   0 -22.65  -40.95  0.18E-12
1990  10  22   0 -22.60  -40.95  0.21E-12
1990  10  22   0 -22.55  -40.95  0.85E-12
1990  10  22   0 -22.50  -40.95  0.11E-11
1990  10  22   0 -22.35  -40.95  0.41E-12
1990  10  22   0 -22.30  -40.95  0.62E-12
1990  10  22   0 -22.20  -40.95  0.21E-12
1990  10  22   0 -22.15  -40.95  0.10E-11
1990  10  22   0 -22.10  -40.95  0.54E-12
1990  10  22   0 -21.95  -40.95  0.16E-12
1990  10  22   0 -21.85  -40.95  0.16E-12
1990  10  22   0 -21.75  -40.95  0.16E-12
1990  10  22   0 -21.55  -40.95  0.48E-12
1990  10  22   0 -21.50  -40.95  0.80E-12
1990  10  22   0 -21.45  -40.95  0.11E-11
1990  10  22   0 -21.40  -40.95  0.16E-12
1990  10  22   0 -21.35  -40.95  0.16E-12
1990  10  22   0 -21.30  -40.95  0.32E-12
1990  10  22   0 -21.25  -40.95  0.32E-12
1990  10  22   0 -21.20  -40.95  0.16E-12
1990  10  22   0 -21.15  -40.95  0.32E-12
1990  10  22   0 -21.10  -40.95  0.16E-12
1990  10  22   0 -21.05  -40.95  0.47E-12
1990  10  22   0 -21.00  -40.95  0.55E-12
1990  10  22   0 -20.95  -40.95  0.59E-12
1990  10  22   0 -20.90  -40.95  0.14E-11
1990  10  22   0 -20.80  -40.95  0.39E-12
1990  10  22   0 -20.75  -40.95  0.19E-12
1990  10  22   0 -22.95  -40.90  0.21E-12
1990  10  22   0 -22.90  -40.90  0.21E-12
1990  10  22   0 -22.85  -40.90  0.39E-12
1990  10  22   0 -22.80  -40.90  0.21E-12
1990  10  22   0 -22.75  -40.90  0.84E-12
1990  10  22   0 -22.70  -40.90  0.82E-12
1990  10  22   0 -22.65  -40.90  0.21E-12
1990  10  22   0 -22.60  -40.90  0.21E-12
1990  10  22   0 -22.55  -40.90  0.18E-12
1990  10  22   0 -22.50  -40.90  0.15E-11
1990  10  22   0 -22.35  -40.90  0.21E-12
1990  10  22   0 -22.30  -40.90  0.80E-12
1990  10  22   0 -22.25  -40.90  0.41E-12
1990  10  22   0 -22.15  -40.90  0.66E-12
1990  10  22   0 -22.10  -40.90  0.66E-12
1990  10  22   0 -22.05  -40.90  0.49E-12
1990  10  22   0 -22.00  -40.90  0.33E-12
1990  10  22   0 -21.70  -40.90  0.32E-12
1990  10  22   0 -21.65  -40.90  0.16E-12
1990  10  22   0 -21.45  -40.90  0.96E-12
1990  10  22   0 -21.40  -40.90  0.16E-12
1990  10  22   0 -21.35  -40.90  0.32E-12
1990  10  22   0 -21.30  -40.90  0.32E-12
1990  10  22   0 -21.10  -40.90  0.32E-12
1990  10  22   0 -21.05  -40.90  0.39E-12
1990  10  22   0 -21.00  -40.90  0.39E-12
1990  10  22   0 -20.95  -40.90  0.20E-12
1990  10  22   0 -20.90  -40.90  0.20E-12
1990  10  22   0 -20.85  -40.90  0.19E-12
1990  10  22   0 -20.80  -40.90  0.19E-12
1990  10  22   0 -22.95  -40.85  0.63E-12
1990  10  22   0 -22.90  -40.85  0.22E-12
1990  10  22   0 -22.85  -40.85  0.37E-12
1990  10  22   0 -22.75  -40.85  0.21E-12
1990  10  22   0 -22.65  -40.85  0.64E-12
1990  10  22   0 -22.60  -40.85  0.41E-12
1990  10  22   0 -22.50  -40.85  0.64E-12
1990  10  22   0 -22.40  -40.85  0.21E-12
1990  10  22   0 -22.30  -40.85  0.60E-12
1990  10  22   0 -22.25  -40.85  0.13E-11
1990  10  22   0 -22.10  -40.85  0.33E-12
1990  10  22   0 -21.95  -40.85  0.16E-12
1990  10  22   0 -21.90  -40.85  0.16E-12
1990  10  22   0 -21.70  -40.85  0.16E-12
1990  10  22   0 -21.60  -40.85  0.16E-12
1990  10  22   0 -21.55  -40.85  0.16E-12
1990  10  22   0 -21.45  -40.85  0.16E-12
1990  10  22   0 -21.40  -40.85  0.16E-12
1990  10  22   0 -21.35  -40.85  0.16E-12
1990  10  22   0 -21.30  -40.85  0.16E-12
1990  10  22   0 -21.25  -40.85  0.48E-12
1990  10  22   0 -21.20  -40.85  0.47E-12
1990  10  22   0 -21.15  -40.85  0.16E-12
1990  10  22   0 -21.10  -40.85  0.16E-12
1990  10  22   0 -21.00  -40.85  0.20E-12
1990  10  22   0 -20.95  -40.85  0.20E-12
1990  10  22   0 -20.85  -40.85  0.39E-12
1990  10  22   0 -20.80  -40.85  0.19E-12
1990  10  22   0 -23.00  -40.80  0.21E-12
1990  10  22   0 -22.95  -40.80  0.83E-12
1990  10  22   0 -22.90  -40.80  0.42E-12
1990  10  22   0 -22.85  -40.80  0.42E-12
1990  10  22   0 -22.80  -40.80  0.21E-12
1990  10  22   0 -22.70  -40.80  0.18E-12
1990  10  22   0 -22.65  -40.80  0.63E-12
1990  10  22   0 -22.60  -40.80  0.10E-11
1990  10  22   0 -22.50  -40.80  0.21E-12
1990  10  22   0 -22.45  -40.80  0.21E-12
1990  10  22   0 -22.40  -40.80  0.10E-11
1990  10  22   0 -22.35  -40.80  0.41E-12
1990  10  22   0 -22.25  -40.80  0.42E-12
1990  10  22   0 -22.20  -40.80  0.83E-12
1990  10  22   0 -22.15  -40.80  0.33E-12
1990  10  22   0 -22.05  -40.80  0.16E-12
1990  10  22   0 -21.75  -40.80  0.16E-12
1990  10  22   0 -21.70  -40.80  0.16E-12
1990  10  22   0 -21.50  -40.80  0.16E-12
1990  10  22   0 -21.40  -40.80  0.16E-12
1990  10  22   0 -21.35  -40.80  0.32E-12
1990  10  22   0 -21.30  -40.80  0.16E-12
1990  10  22   0 -21.25  -40.80  0.16E-12
1990  10  22   0 -21.15  -40.80  0.16E-12
1990  10  22   0 -21.10  -40.80  0.16E-12
1990  10  22   0 -21.05  -40.80  0.19E-12
1990  10  22   0 -20.85  -40.80  0.19E-12
1990  10  22   0 -20.75  -40.80  0.19E-12
1990  10  22   0 -23.00  -40.75  0.19E-12
1990  10  22   0 -22.95  -40.75  0.42E-12
1990  10  22   0 -22.85  -40.75  0.39E-12
1990  10  22   0 -22.80  -40.75  0.18E-12
1990  10  22   0 -22.75  -40.75  0.21E-12
1990  10  22   0 -22.70  -40.75  0.10E-11
1990  10  22   0 -22.65  -40.75  0.21E-12
1990  10  22   0 -22.60  -40.75  0.40E-12
1990  10  22   0 -22.50  -40.75  0.39E-12
1990  10  22   0 -22.45  -40.75  0.63E-12
1990  10  22   0 -22.35  -40.75  0.62E-12
1990  10  22   0 -22.30  -40.75  0.35E-12
1990  10  22   0 -22.25  -40.75  0.53E-12
1990  10  22   0 -22.20  -40.75  0.50E-12
1990  10  22   0 -22.15  -40.75  0.16E-12
1990  10  22   0 -22.10  -40.75  0.16E-12
1990  10  22   0 -21.85  -40.75  0.49E-12
1990  10  22   0 -21.70  -40.75  0.16E-12
1990  10  22   0 -21.60  -40.75  0.16E-12
1990  10  22   0 -21.55  -40.75  0.48E-12
1990  10  22   0 -21.50  -40.75  0.48E-12
1990  10  22   0 -21.45  -40.75  0.32E-12
1990  10  22   0 -21.40  -40.75  0.32E-12
1990  10  22   0 -21.35  -40.75  0.16E-12
1990  10  22   0 -21.25  -40.75  0.16E-12
1990  10  22   0 -21.20  -40.75  0.32E-12
1990  10  22   0 -21.15  -40.75  0.16E-12
1990  10  22   0 -21.05  -40.75  0.74E-12
1990  10  22   0 -20.90  -40.75  0.19E-12
1990  10  22   0 -23.05  -40.70  0.21E-12
1990  10  22   0 -22.90  -40.70  0.42E-12
1990  10  22   0 -22.85  -40.70  0.42E-12
1990  10  22   0 -22.60  -40.70  0.41E-12
1990  10  22   0 -22.45  -40.70  0.99E-12
1990  10  22   0 -22.40  -40.70  0.42E-12
1990  10  22   0 -22.35  -40.70  0.42E-12
1990  10  22   0 -22.30  -40.70  0.21E-12
1990  10  22   0 -22.25  -40.70  0.16E-12
1990  10  22   0 -22.20  -40.70  0.54E-12
1990  10  22   0 -22.15  -40.70  0.66E-12
1990  10  22   0 -22.10  -40.70  0.16E-12
1990  10  22   0 -22.05  -40.70  0.16E-12
1990  10  22   0 -21.85  -40.70  0.16E-12
1990  10  22   0 -21.75  -40.70  0.16E-12
1990  10  22   0 -21.65  -40.70  0.16E-12
1990  10  22   0 -21.50  -40.70  0.16E-12
1990  10  22   0 -21.45  -40.70  0.32E-12
1990  10  22   0 -21.40  -40.70  0.16E-12
1990  10  22   0 -21.35  -40.70  0.16E-12
1990  10  22   0 -21.30  -40.70  0.16E-12
1990  10  22   0 -21.25  -40.70  0.31E-12
1990  10  22   0 -21.20  -40.70  0.31E-12
1990  10  22   0 -20.85  -40.70  0.19E-12
1990  10  22   0 -23.05  -40.65  0.19E-12
1990  10  22   0 -22.90  -40.65  0.39E-12
1990  10  22   0 -22.80  -40.65  0.21E-12
1990  10  22   0 -22.70  -40.65  0.21E-12
1990  10  22   0 -22.60  -40.65  0.18E-12
1990  10  22   0 -22.50  -40.65  0.42E-12
1990  10  22   0 -22.45  -40.65  0.36E-12
1990  10  22   0 -22.40  -40.65  0.39E-12
1990  10  22   0 -22.35  -40.65  0.63E-12
1990  10  22   0 -22.30  -40.65  0.33E-12
1990  10  22   0 -22.20  -40.65  0.16E-12
1990  10  22   0 -22.15  -40.65  0.16E-12
1990  10  22   0 -22.10  -40.65  0.33E-12
1990  10  22   0 -22.05  -40.65  0.16E-12
1990  10  22   0 -22.00  -40.65  0.32E-12
1990  10  22   0 -21.85  -40.65  0.16E-12
1990  10  22   0 -21.80  -40.65  0.16E-12
1990  10  22   0 -21.75  -40.65  0.16E-12
1990  10  22   0 -21.70  -40.65  0.32E-12
1990  10  22   0 -21.65  -40.65  0.16E-12
1990  10  22   0 -21.60  -40.65  0.16E-12
1990  10  22   0 -21.45  -40.65  0.16E-12
1990  10  22   0 -21.40  -40.65  0.16E-12
1990  10  22   0 -21.25  -40.65  0.31E-12
1990  10  22   0 -21.15  -40.65  0.51E-12
1990  10  22   0 -21.10  -40.65  0.39E-12
1990  10  22   0 -21.05  -40.65  0.39E-12
1990  10  22   0 -20.85  -40.65  0.19E-12
1990  10  22   0 -20.80  -40.65  0.19E-12
1990  10  22   0 -23.10  -40.60  0.19E-12
1990  10  22   0 -23.05  -40.60  0.21E-12
1990  10  22   0 -22.95  -40.60  0.21E-12
1990  10  22   0 -22.85  -40.60  0.39E-12
1990  10  22   0 -22.75  -40.60  0.21E-12
1990  10  22   0 -22.70  -40.60  0.21E-12
1990  10  22   0 -22.60  -40.60  0.21E-12
1990  10  22   0 -22.55  -40.60  0.21E-12
1990  10  22   0 -22.50  -40.60  0.20E-12
1990  10  22   0 -22.45  -40.60  0.61E-12
1990  10  22   0 -22.40  -40.60  0.18E-12
1990  10  22   0 -22.35  -40.60  0.17E-12
1990  10  22   0 -22.25  -40.60  0.34E-12
1990  10  22   0 -22.10  -40.60  0.99E-12
1990  10  22   0 -22.00  -40.60  0.16E-12
1990  10  22   0 -21.80  -40.60  0.32E-12
1990  10  22   0 -21.75  -40.60  0.16E-12
1990  10  22   0 -21.65  -40.60  0.32E-12
1990  10  22   0 -21.60  -40.60  0.32E-12
1990  10  22   0 -21.55  -40.60  0.16E-12
1990  10  22   0 -21.50  -40.60  0.48E-12
1990  10  22   0 -21.45  -40.60  0.16E-12
1990  10  22   0 -21.15  -40.60  0.20E-12
1990  10  22   0 -21.10  -40.60  0.20E-12
1990  10  22   0 -21.05  -40.60  0.19E-12
1990  10  22   0 -21.00  -40.60  0.39E-12
1990  10  22   0 -20.90  -40.60  0.19E-12
1990  10  22   0 -20.85  -40.60  0.19E-12
1990  10  22   0 -23.15  -40.55  0.21E-12
1990  10  22   0 -23.05  -40.55  0.21E-12
1990  10  22   0 -22.90  -40.55  0.18E-12
1990  10  22   0 -22.85  -40.55  0.42E-12
1990  10  22   0 -22.80  -40.55  0.18E-12
1990  10  22   0 -22.60  -40.55  0.18E-12
1990  10  22   0 -22.55  -40.55  0.21E-12
1990  10  22   0 -22.50  -40.55  0.61E-12
1990  10  22   0 -22.45  -40.55  0.20E-12
1990  10  22   0 -22.30  -40.55  0.12E-11
1990  10  22   0 -22.10  -40.55  0.97E-12
1990  10  22   0 -22.05  -40.55  0.49E-12
1990  10  22   0 -22.00  -40.55  0.16E-12
1990  10  22   0 -21.95  -40.55  0.16E-12
1990  10  22   0 -21.85  -40.55  0.16E-12
1990  10  22   0 -21.80  -40.55  0.48E-12
1990  10  22   0 -21.75  -40.55  0.32E-12
1990  10  22   0 -21.70  -40.55  0.48E-12
1990  10  22   0 -21.65  -40.55  0.64E-12
1990  10  22   0 -21.55  -40.55  0.32E-12
1990  10  22   0 -21.50  -40.55  0.32E-12
1990  10  22   0 -21.40  -40.55  0.16E-12
1990  10  22   0 -21.20  -40.55  0.16E-12
1990  10  22   0 -21.10  -40.55  0.20E-12
1990  10  22   0 -23.05  -40.50  0.39E-12
1990  10  22   0 -22.85  -40.50  0.42E-12
1990  10  22   0 -22.75  -40.50  0.21E-12
1990  10  22   0 -22.65  -40.50  0.21E-12
1990  10  22   0 -22.55  -40.50  0.39E-12
1990  10  22   0 -22.50  -40.50  0.42E-12
1990  10  22   0 -22.35  -40.50  0.18E-12
1990  10  22   0 -22.25  -40.50  0.33E-12
1990  10  22   0 -22.20  -40.50  0.17E-12
1990  10  22   0 -22.10  -40.50  0.32E-12
1990  10  22   0 -22.00  -40.50  0.65E-12
1990  10  22   0 -21.90  -40.50  0.16E-12
1990  10  22   0 -21.85  -40.50  0.16E-12
1990  10  22   0 -21.80  -40.50  0.16E-12
1990  10  22   0 -21.75  -40.50  0.32E-12
1990  10  22   0 -21.70  -40.50  0.32E-12
1990  10  22   0 -21.65  -40.50  0.16E-12
1990  10  22   0 -21.60  -40.50  0.32E-12
1990  10  22   0 -21.55  -40.50  0.16E-12
1990  10  22   0 -21.50  -40.50  0.16E-12
1990  10  22   0 -21.30  -40.50  0.16E-12
1990  10  22   0 -21.20  -40.50  0.16E-12
1990  10  22   0 -21.15  -40.50  0.58E-12
1990  10  22   0 -23.05  -40.45  0.21E-12
1990  10  22   0 -22.85  -40.45  0.21E-12
1990  10  22   0 -22.65  -40.45  0.21E-12
1990  10  22   0 -22.55  -40.45  0.36E-12
1990  10  22   0 -22.50  -40.45  0.21E-12
1990  10  22   0 -22.40  -40.45  0.34E-12
1990  10  22   0 -22.35  -40.45  0.33E-12
1990  10  22   0 -22.30  -40.45  0.14E-12
1990  10  22   0 -22.20  -40.45  0.17E-12
1990  10  22   0 -22.05  -40.45  0.32E-12
1990  10  22   0 -21.95  -40.45  0.32E-12
1990  10  22   0 -21.90  -40.45  0.16E-12
1990  10  22   0 -21.85  -40.45  0.16E-12
1990  10  22   0 -21.75  -40.45  0.32E-12
1990  10  22   0 -21.70  -40.45  0.16E-12
1990  10  22   0 -21.65  -40.45  0.32E-12
1990  10  22   0 -21.55  -40.45  0.16E-12
1990  10  22   0 -21.45  -40.45  0.32E-12
1990  10  22   0 -21.35  -40.45  0.16E-12
1990  10  22   0 -21.20  -40.45  0.19E-12
1990  10  22   0 -21.15  -40.45  0.19E-12
1990  10  22   0 -21.10  -40.45  0.19E-12
1990  10  22   0 -21.05  -40.45  0.19E-12
1990  10  22   0 -23.00  -40.40  0.21E-12
1990  10  22   0 -22.95  -40.40  0.18E-12
1990  10  22   0 -22.85  -40.40  0.18E-12
1990  10  22   0 -22.35  -40.40  0.17E-12
1990  10  22   0 -22.20  -40.40  0.17E-12
1990  10  22   0 -22.15  -40.40  0.65E-12
1990  10  22   0 -22.05  -40.40  0.16E-12
1990  10  22   0 -22.00  -40.40  0.65E-12
1990  10  22   0 -21.95  -40.40  0.49E-12
1990  10  22   0 -21.90  -40.40  0.32E-12
1990  10  22   0 -21.85  -40.40  0.32E-12
1990  10  22   0 -21.75  -40.40  0.16E-12
1990  10  22   0 -21.70  -40.40  0.48E-12
1990  10  22   0 -21.65  -40.40  0.32E-12
1990  10  22   0 -21.60  -40.40  0.48E-12
1990  10  22   0 -21.50  -40.40  0.48E-12
1990  10  22   0 -21.45  -40.40  0.32E-12
1990  10  22   0 -21.40  -40.40  0.16E-12
1990  10  22   0 -21.35  -40.40  0.16E-12
1990  10  22   0 -21.30  -40.40  0.47E-12
1990  10  22   0 -21.25  -40.40  0.19E-12
1990  10  22   0 -21.10  -40.40  0.39E-12
1990  10  22   0 -23.05  -40.35  0.57E-12
1990  10  22   0 -23.00  -40.35  0.18E-12
1990  10  22   0 -22.80  -40.35  0.36E-12
1990  10  22   0 -22.75  -40.35  0.21E-12
1990  10  22   0 -22.70  -40.35  0.20E-12
1990  10  22   0 -22.65  -40.35  0.21E-12
1990  10  22   0 -22.60  -40.35  0.34E-12
1990  10  22   0 -22.55  -40.35  0.17E-12
1990  10  22   0 -22.45  -40.35  0.34E-12
1990  10  22   0 -22.35  -40.35  0.17E-12
1990  10  22   0 -22.30  -40.35  0.17E-12
1990  10  22   0 -22.25  -40.35  0.45E-12
1990  10  22   0 -22.15  -40.35  0.16E-12
1990  10  22   0 -22.10  -40.35  0.49E-12
1990  10  22   0 -22.05  -40.35  0.16E-12
1990  10  22   0 -22.00  -40.35  0.32E-12
1990  10  22   0 -21.95  -40.35  0.16E-12
1990  10  22   0 -21.90  -40.35  0.48E-12
1990  10  22   0 -21.85  -40.35  0.32E-12
1990  10  22   0 -21.65  -40.35  0.16E-12
1990  10  22   0 -21.60  -40.35  0.48E-12
1990  10  22   0 -21.45  -40.35  0.32E-12
1990  10  22   0 -21.40  -40.35  0.31E-12
1990  10  22   0 -21.35  -40.35  0.31E-12
1990  10  22   0 -21.20  -40.35  0.19E-12
1990  10  22   0 -21.15  -40.35  0.19E-12
1990  10  22   0 -21.05  -40.35  0.19E-12
1990  10  22   0 -23.00  -40.30  0.78E-12
1990  10  22   0 -22.80  -40.30  0.20E-12
1990  10  22   0 -22.70  -40.30  0.59E-12
1990  10  22   0 -22.60  -40.30  0.16E-12
1990  10  22   0 -22.40  -40.30  0.50E-12
1990  10  22   0 -22.30  -40.30  0.16E-12
1990  10  22   0 -22.05  -40.30  0.32E-12
1990  10  22   0 -22.00  -40.30  0.49E-12
1990  10  22   0 -21.95  -40.30  0.32E-12
1990  10  22   0 -21.90  -40.30  0.48E-12
1990  10  22   0 -21.85  -40.30  0.32E-12
1990  10  22   0 -21.80  -40.30  0.32E-12
1990  10  22   0 -21.75  -40.30  0.48E-12
1990  10  22   0 -21.60  -40.30  0.16E-12
1990  10  22   0 -21.55  -40.30  0.16E-12
1990  10  22   0 -21.35  -40.30  0.16E-12
1990  10  22   0 -21.05  -40.30  0.19E-12
1990  10  22   0 -21.00  -40.30  0.19E-12
1990  10  22   0 -23.25  -40.25  0.21E-12
1990  10  22   0 -23.05  -40.25  0.21E-12
1990  10  22   0 -22.90  -40.25  0.20E-12
1990  10  22   0 -22.75  -40.25  0.18E-12
1990  10  22   0 -22.65  -40.25  0.37E-12
1990  10  22   0 -22.60  -40.25  0.33E-12
1990  10  22   0 -22.35  -40.25  0.33E-12
1990  10  22   0 -22.25  -40.25  0.50E-12
1990  10  22   0 -22.10  -40.25  0.16E-12
1990  10  22   0 -22.05  -40.25  0.32E-12
1990  10  22   0 -22.00  -40.25  0.17E-12
1990  10  22   0 -21.90  -40.25  0.48E-12
1990  10  22   0 -21.85  -40.25  0.16E-12
1990  10  22   0 -21.80  -40.25  0.16E-12
1990  10  22   0 -21.75  -40.25  0.16E-12
1990  10  22   0 -21.70  -40.25  0.32E-12
1990  10  22   0 -21.65  -40.25  0.16E-12
1990  10  22   0 -21.55  -40.25  0.16E-12
1990  10  22   0 -21.50  -40.25  0.32E-12
1990  10  22   0 -21.35  -40.25  0.16E-12
1990  10  22   0 -21.20  -40.25  0.20E-12
1990  10  22   0 -21.05  -40.25  0.19E-12
1990  10  22   0 -23.15  -40.20  0.42E-12
1990  10  22   0 -23.00  -40.20  0.18E-12
1990  10  22   0 -22.90  -40.20  0.36E-12
1990  10  22   0 -22.65  -40.20  0.65E-12
1990  10  22   0 -22.60  -40.20  0.16E-12
1990  10  22   0 -22.55  -40.20  0.16E-12
1990  10  22   0 -22.05  -40.20  0.49E-12
1990  10  22   0 -22.00  -40.20  0.49E-12
1990  10  22   0 -21.95  -40.20  0.97E-12
1990  10  22   0 -21.90  -40.20  0.30E-12
1990  10  22   0 -21.85  -40.20  0.32E-12
1990  10  22   0 -21.80  -40.20  0.16E-12
1990  10  22   0 -21.70  -40.20  0.48E-12
1990  10  22   0 -21.65  -40.20  0.16E-12
1990  10  22   0 -21.60  -40.20  0.16E-12
1990  10  22   0 -21.50  -40.20  0.16E-12
1990  10  22   0 -21.40  -40.20  0.35E-12
1990  10  22   0 -21.20  -40.20  0.78E-12
1990  10  22   0 -23.15  -40.15  0.18E-12
1990  10  22   0 -23.05  -40.15  0.21E-12
1990  10  22   0 -22.95  -40.15  0.21E-12
1990  10  22   0 -22.70  -40.15  0.17E-12
1990  10  22   0 -22.55  -40.15  0.16E-12
1990  10  22   0 -22.50  -40.15  0.16E-12
1990  10  22   0 -22.10  -40.15  0.81E-12
1990  10  22   0 -22.05  -40.15  0.16E-12
1990  10  22   0 -21.95  -40.15  0.16E-12
1990  10  22   0 -21.90  -40.15  0.48E-12
1990  10  22   0 -21.85  -40.15  0.16E-12
1990  10  22   0 -21.80  -40.15  0.49E-12
1990  10  22   0 -21.75  -40.15  0.32E-12
1990  10  22   0 -21.70  -40.15  0.16E-12
1990  10  22   0 -21.55  -40.15  0.32E-12
1990  10  22   0 -21.45  -40.15  0.16E-12
1990  10  22   0 -21.40  -40.15  0.16E-12
1990  10  22   0 -21.35  -40.15  0.19E-12
1990  10  22   0 -21.25  -40.15  0.39E-12
1990  10  22   0 -21.20  -40.15  0.20E-12
1990  10  22   0 -21.15  -40.15  0.39E-12
1990  10  22   0 -21.10  -40.15  0.39E-12
1990  10  22   0 -21.05  -40.15  0.19E-12
1990  10  22   0 -23.15  -40.10  0.37E-12
1990  10  22   0 -22.95  -40.10  0.39E-12
1990  10  22   0 -22.75  -40.10  0.21E-12
1990  10  22   0 -22.70  -40.10  0.16E-12
1990  10  22   0 -22.20  -40.10  0.50E-12
1990  10  22   0 -22.15  -40.10  0.33E-12
1990  10  22   0 -22.00  -40.10  0.16E-12
1990  10  22   0 -21.95  -40.10  0.80E-12
1990  10  22   0 -21.90  -40.10  0.16E-12
1990  10  22   0 -21.85  -40.10  0.48E-12
1990  10  22   0 -21.65  -40.10  0.32E-12
1990  10  22   0 -21.60  -40.10  0.16E-12
1990  10  22   0 -21.55  -40.10  0.16E-12
1990  10  22   0 -21.45  -40.10  0.16E-12
1990  10  22   0 -21.40  -40.10  0.20E-12
1990  10  22   0 -21.10  -40.10  0.19E-12
1990  10  22   0 -21.05  -40.10  0.19E-12
1990  10  22   0 -23.25  -40.05  0.18E-12
1990  10  22   0 -23.00  -40.05  0.21E-12
1990  10  22   0 -22.90  -40.05  0.18E-12
1990  10  22   0 -22.85  -40.05  0.18E-12
1990  10  22   0 -22.35  -40.05  0.49E-12
1990  10  22   0 -22.25  -40.05  0.14E-12
1990  10  22   0 -22.20  -40.05  0.49E-12
1990  10  22   0 -22.15  -40.05  0.49E-12
1990  10  22   0 -22.10  -40.05  0.33E-12
1990  10  22   0 -22.05  -40.05  0.16E-12
1990  10  22   0 -22.00  -40.05  0.65E-12
1990  10  22   0 -21.95  -40.05  0.16E-12
1990  10  22   0 -21.85  -40.05  0.32E-12
1990  10  22   0 -21.80  -40.05  0.16E-12
1990  10  22   0 -21.70  -40.05  0.48E-12
1990  10  22   0 -21.65  -40.05  0.16E-12
1990  10  22   0 -21.55  -40.05  0.16E-12
1990  10  22   0 -21.40  -40.05  0.20E-12
1990  10  22   0 -21.35  -40.05  0.39E-12
1990  10  22   0 -21.30  -40.05  0.19E-12
1990  10  22   0 -21.25  -40.05  0.19E-12
1990  10  22   0 -23.05  -40.00  0.21E-12
1990  10  22   0 -22.95  -40.00  0.18E-12
1990  10  22   0 -22.85  -40.00  0.35E-12
1990  10  22   0 -22.35  -40.00  0.16E-12
1990  10  22   0 -22.30  -40.00  0.64E-12
1990  10  22   0 -22.25  -40.00  0.16E-12
1990  10  22   0 -22.20  -40.00  0.16E-12
1990  10  22   0 -22.15  -40.00  0.32E-12
1990  10  22   0 -22.10  -40.00  0.48E-12
1990  10  22   0 -22.05  -40.00  0.16E-12
1990  10  22   0 -22.00  -40.00  0.11E-11
1990  10  22   0 -21.90  -40.00  0.16E-12
1990  10  22   0 -21.85  -40.00  0.48E-12
1990  10  22   0 -21.80  -40.00  0.32E-12
1990  10  22   0 -21.75  -40.00  0.16E-12
1990  10  22   0 -21.70  -40.00  0.16E-12
1990  10  22   0 -21.65  -40.00  0.32E-12
1990  10  22   0 -21.50  -40.00  0.16E-12
1990  10  22   0 -21.25  -40.00  0.19E-12
1990  10  22   0 -22.55  -39.95  0.16E-12
1990  10  22   0 -22.20  -39.95  0.14E-12
1990  10  22   0 -22.15  -39.95  0.46E-12
1990  10  22   0 -22.10  -39.95  0.80E-12
1990  10  22   0 -22.00  -39.95  0.16E-12
1990  10  22   0 -21.95  -39.95  0.32E-12
1990  10  22   0 -21.80  -39.95  0.64E-12
1990  10  22   0 -21.60  -39.95  0.48E-12
1990  10  22   0 -21.50  -39.95  0.35E-12
1990  10  22   0 -21.25  -39.95  0.19E-12
1990  10  22   0 -21.20  -39.95  0.19E-12
1990  10  22   0 -23.25  -39.90  0.21E-12
1990  10  22   0 -22.95  -39.90  0.16E-12
1990  10  22   0 -22.90  -39.90  0.21E-12
1990  10  22   0 -22.85  -39.90  0.14E-12
1990  10  22   0 -22.65  -39.90  0.16E-12
1990  10  22   0 -22.55  -39.90  0.14E-12
1990  10  22   0 -22.40  -39.90  0.16E-12
1990  10  22   0 -22.35  -39.90  0.16E-12
1990  10  22   0 -22.25  -39.90  0.44E-12
1990  10  22   0 -22.15  -39.90  0.48E-12
1990  10  22   0 -22.10  -39.90  0.16E-12
1990  10  22   0 -22.05  -39.90  0.49E-12
1990  10  22   0 -22.00  -39.90  0.16E-12
1990  10  22   0 -21.95  -39.90  0.16E-12
1990  10  22   0 -21.90  -39.90  0.32E-12
1990  10  22   0 -21.75  -39.90  0.16E-12
1990  10  22   0 -21.70  -39.90  0.64E-12
1990  10  22   0 -21.60  -39.90  0.16E-12
1990  10  22   0 -21.55  -39.90  0.20E-12
1990  10  22   0 -21.50  -39.90  0.66E-12
1990  10  22   0 -21.40  -39.90  0.20E-12
1990  10  22   0 -21.20  -39.90  0.19E-12
1990  10  22   0 -23.05  -39.85  0.21E-12
1990  10  22   0 -22.90  -39.85  0.16E-12
1990  10  22   0 -22.80  -39.85  0.14E-12
1990  10  22   0 -22.40  -39.85  0.32E-12
1990  10  22   0 -22.35  -39.85  0.16E-12
1990  10  22   0 -22.20  -39.85  0.32E-12
1990  10  22   0 -21.75  -39.85  0.48E-12
1990  10  22   0 -21.70  -39.85  0.32E-12
1990  10  22   0 -21.65  -39.85  0.16E-12
1990  10  22   0 -21.60  -39.85  0.16E-12
1990  10  22   0 -21.55  -39.85  0.20E-12
1990  10  22   0 -21.50  -39.85  0.20E-12
1990  10  22   0 -21.35  -39.85  0.20E-12
1990  10  22   0 -21.20  -39.85  0.19E-12
1990  10  22   0 -22.80  -39.80  0.31E-12
1990  10  22   0 -22.35  -39.80  0.32E-12
1990  10  22   0 -22.20  -39.80  0.14E-12
1990  10  22   0 -22.10  -39.80  0.33E-12
1990  10  22   0 -22.00  -39.80  0.32E-12
1990  10  22   0 -21.85  -39.80  0.16E-12
1990  10  22   0 -21.75  -39.80  0.16E-12
1990  10  22   0 -21.60  -39.80  0.16E-12
1990  10  22   0 -21.55  -39.80  0.20E-12
1990  10  22   0 -21.50  -39.80  0.20E-12
1990  10  22   0 -21.35  -39.80  0.19E-12
1990  10  22   0 -23.00  -39.75  0.16E-12
1990  10  22   0 -22.90  -39.75  0.49E-12
1990  10  22   0 -22.70  -39.75  0.16E-12
1990  10  22   0 -22.60  -39.75  0.16E-12
1990  10  22   0 -22.30  -39.75  0.16E-12
1990  10  22   0 -22.15  -39.75  0.14E-12
1990  10  22   0 -22.10  -39.75  0.16E-12
1990  10  22   0 -22.05  -39.75  0.16E-12
1990  10  22   0 -21.80  -39.75  0.31E-12
1990  10  22   0 -21.75  -39.75  0.32E-12
1990  10  22   0 -21.55  -39.75  0.20E-12
1990  10  22   0 -21.50  -39.75  0.20E-12
1990  10  22   0 -21.40  -39.75  0.19E-12
1990  10  22   0 -21.35  -39.75  0.19E-12
1990  10  22   0 -21.30  -39.75  0.19E-12
1990  10  22   0 -21.20  -39.75  0.19E-12
1990  10  22   0 -23.25  -39.70  0.18E-12
1990  10  22   0 -22.85  -39.70  0.16E-12
1990  10  22   0 -22.80  -39.70  0.14E-12
1990  10  22   0 -22.75  -39.70  0.14E-12
1990  10  22   0 -22.40  -39.70  0.16E-12
1990  10  22   0 -22.30  -39.70  0.16E-12
1990  10  22   0 -22.15  -39.70  0.16E-12
1990  10  22   0 -22.10  -39.70  0.32E-12
1990  10  22   0 -22.00  -39.70  0.47E-12
1990  10  22   0 -21.95  -39.70  0.16E-12
1990  10  22   0 -21.90  -39.70  0.16E-12
1990  10  22   0 -21.80  -39.70  0.15E-12
1990  10  22   0 -21.75  -39.70  0.57E-12
1990  10  22   0 -21.70  -39.70  0.36E-12
1990  10  22   0 -21.65  -39.70  0.20E-12
1990  10  22   0 -21.60  -39.70  0.20E-12
1990  10  22   0 -21.50  -39.70  0.20E-12
1990  10  22   0 -21.25  -39.70  0.58E-12
1990  10  22   0 -21.20  -39.70  0.39E-12
1990  10  22   0 -22.35  -39.65  0.16E-12
1990  10  22   0 -22.30  -39.65  0.16E-12
1990  10  22   0 -22.10  -39.65  0.14E-12
1990  10  22   0 -22.05  -39.65  0.16E-12
1990  10  22   0 -21.95  -39.65  0.16E-12
1990  10  22   0 -21.90  -39.65  0.16E-12
1990  10  22   0 -21.70  -39.65  0.15E-12
1990  10  22   0 -21.60  -39.65  0.20E-12
1990  10  22   0 -21.45  -39.65  0.39E-12
1990  10  22   0 -21.35  -39.65  0.58E-12
1990  10  22   0 -22.80  -39.60  0.16E-12
1990  10  22   0 -22.75  -39.60  0.31E-12
1990  10  22   0 -22.45  -39.60  0.16E-12
1990  10  22   0 -22.35  -39.60  0.16E-12
1990  10  22   0 -22.25  -39.60  0.16E-12
1990  10  22   0 -22.05  -39.60  0.16E-12
1990  10  22   0 -21.95  -39.60  0.16E-12
1990  10  22   0 -21.90  -39.60  0.16E-12
1990  10  22   0 -21.80  -39.60  0.32E-12
1990  10  22   0 -21.70  -39.60  0.14E-12
1990  10  22   0 -21.60  -39.60  0.19E-12
1990  10  22   0 -21.55  -39.60  0.20E-12
1990  10  22   0 -21.50  -39.60  0.19E-12
1990  10  22   0 -21.45  -39.60  0.39E-12
1990  10  22   0 -21.40  -39.60  0.20E-12
1990  10  22   0 -22.85  -39.55  0.14E-12
1990  10  22   0 -22.60  -39.55  0.16E-12
1990  10  22   0 -22.55  -39.55  0.17E-12
1990  10  22   0 -22.40  -39.55  0.32E-12
1990  10  22   0 -22.35  -39.55  0.76E-12
1990  10  22   0 -22.30  -39.55  0.32E-12
1990  10  22   0 -22.10  -39.55  0.16E-12
1990  10  22   0 -21.85  -39.55  0.16E-12
1990  10  22   0 -21.80  -39.55  0.32E-12
1990  10  22   0 -21.75  -39.55  0.30E-12
1990  10  22   0 -21.65  -39.55  0.17E-12
1990  10  22   0 -23.25  -39.50  0.35E-12
1990  10  22   0 -23.00  -39.50  0.14E-12
1990  10  22   0 -22.95  -39.50  0.16E-12
1990  10  22   0 -22.90  -39.50  0.14E-12
1990  10  22   0 -22.55  -39.50  0.32E-12
1990  10  22   0 -22.50  -39.50  0.16E-12
1990  10  22   0 -22.20  -39.50  0.16E-12
1990  10  22   0 -22.15  -39.50  0.32E-12
1990  10  22   0 -22.10  -39.50  0.16E-12
1990  10  22   0 -21.75  -39.50  0.39E-12
1990  10  22   0 -21.55  -39.50  0.17E-12
1990  10  22   0 -21.45  -39.50  0.39E-12
1990  10  22   0 -21.40  -39.50  0.20E-12
1990  10  22   0 -22.95  -39.45  0.16E-12
1990  10  22   0 -22.90  -39.45  0.14E-12
1990  10  22   0 -22.65  -39.45  0.14E-12
1990  10  22   0 -22.60  -39.45  0.16E-12
1990  10  22   0 -22.50  -39.45  0.32E-12
1990  10  22   0 -22.35  -39.45  0.14E-12
1990  10  22   0 -22.30  -39.45  0.14E-12
1990  10  22   0 -22.15  -39.45  0.47E-12
1990  10  22   0 -21.65  -39.45  0.20E-12
1990  10  22   0 -21.60  -39.45  0.20E-12
1990  10  22   0 -21.55  -39.45  0.76E-12
1990  10  22   0 -22.95  -39.40  0.16E-12
1990  10  22   0 -22.50  -39.40  0.16E-12
1990  10  22   0 -22.45  -39.40  0.16E-12
1990  10  22   0 -22.10  -39.40  0.31E-12
1990  10  22   0 -22.05  -39.40  0.48E-12
1990  10  22   0 -21.90  -39.40  0.16E-12
1990  10  22   0 -21.55  -39.40  0.20E-12
1990  10  22   0 -21.50  -39.40  0.19E-12
1990  10  22   0 -21.45  -39.40  0.19E-12
1990  10  22   0 -22.35  -39.35  0.16E-12
1990  10  22   0 -21.85  -39.35  0.20E-12
1990  10  22   0 -21.70  -39.35  0.17E-12
1990  10  22   0 -21.55  -39.35  0.20E-12
1990  10  22   0 -22.70  -39.30  0.32E-12
1990  10  22   0 -22.15  -39.30  0.14E-12
1990  10  22   0 -22.05  -39.30  0.16E-12
1990  10  22   0 -22.00  -39.30  0.16E-12
1990  10  22   0 -21.75  -39.30  0.17E-12
1990  10  22   0 -22.75  -39.25  0.16E-12
1990  10  22   0 -22.65  -39.25  0.32E-12
1990  10  22   0 -22.10  -39.25  0.29E-12
1990  10  22   0 -22.00  -39.25  0.15E-12
1990  10  22   0 -21.95  -39.25  0.16E-12
1990  10  22   0 -21.80  -39.25  0.20E-12
1990  10  22   0 -21.65  -39.25  0.19E-12
1990  10  22   0 -21.60  -39.25  0.19E-12
1990  10  22   0 -21.50  -39.25  0.19E-12
1990  10  22   0 -22.65  -39.20  0.16E-12
1990  10  22   0 -22.35  -39.20  0.32E-12
1990  10  22   0 -22.20  -39.20  0.29E-12
1990  10  22   0 -21.90  -39.20  0.19E-12
1990  10  22   0 -21.85  -39.20  0.19E-12
1990  10  22   0 -21.55  -39.20  0.20E-12
1990  10  22   0 -22.95  -39.15  0.14E-12
1990  10  22   0 -22.35  -39.15  0.16E-12
1990  10  22   0 -22.20  -39.15  0.47E-12
1990  10  22   0 -21.95  -39.15  0.19E-12
1990  10  22   0 -21.90  -39.15  0.39E-12
1990  10  22   0 -21.75  -39.15  0.59E-12
1990  10  22   0 -21.70  -39.15  0.20E-12
1990  10  22   0 -21.55  -39.15  0.19E-12
1990  10  22   0 -23.30  -39.10  0.14E-12
1990  10  22   0 -23.20  -39.10  0.14E-12
1990  10  22   0 -22.95  -39.10  0.14E-12
1990  10  22   0 -22.55  -39.10  0.14E-12
1990  10  22   0 -22.15  -39.10  0.15E-12
1990  10  22   0 -22.10  -39.10  0.20E-12
1990  10  22   0 -21.95  -39.10  0.58E-12
1990  10  22   0 -21.85  -39.10  0.58E-12
1990  10  22   0 -21.65  -39.10  0.19E-12
1990  10  22   0 -21.60  -39.10  0.19E-12
1990  10  22   0 -22.75  -39.05  0.16E-12
1990  10  22   0 -22.15  -39.05  0.14E-12
1990  10  22   0 -22.05  -39.05  0.19E-12
1990  10  22   0 -22.00  -39.05  0.19E-12
1990  10  22   0 -21.90  -39.05  0.58E-12
1990  10  22   0 -21.85  -39.05  0.19E-12
1990  10  22   0 -22.95  -39.00  0.14E-12
1990  10  22   0 -22.75  -39.00  0.16E-12
1990  10  22   0 -22.55  -39.00  0.14E-12
1990  10  22   0 -22.05  -39.00  0.19E-12
1990  10  22   0 -21.90  -39.00  0.19E-12
1990  10  22   0 -21.75  -39.00  0.20E-12
1990  10  22   0 -23.25  -38.95  0.16E-12
1990  10  22   0 -22.60  -38.95  0.16E-12
1990  10  22   0 -22.25  -38.95  0.31E-12
1990  10  22   0 -22.10  -38.95  0.17E-12
1990  10  22   0 -22.00  -38.95  0.19E-12
1990  10  22   0 -21.95  -38.95  0.19E-12
1990  10  22   0 -21.90  -38.95  0.40E-12
1990  10  22   0 -21.85  -38.95  0.19E-12
1990  10  22   0 -23.25  -38.90  0.14E-12
1990  10  22   0 -23.20  -38.90  0.16E-12
1990  10  22   0 -22.10  -38.90  0.19E-12
1990  10  22   0 -21.85  -38.90  0.39E-12
1990  10  22   0 -21.80  -38.90  0.20E-12
1990  10  22   0 -22.85  -38.85  0.44E-12
1990  10  22   0 -22.55  -38.85  0.16E-12
1990  10  22   0 -22.10  -38.85  0.19E-12
1990  10  22   0 -22.05  -38.85  0.19E-12
1990  10  22   0 -21.95  -38.85  0.19E-12
1990  10  22   0 -22.30  -38.80  0.17E-12
1990  10  22   0 -22.25  -38.80  0.20E-12
1990  10  22   0 -22.05  -38.80  0.77E-12
1990  10  22   0 -23.25  -38.75  0.14E-12
1990  10  22   0 -23.20  -38.75  0.16E-12
1990  10  22   0 -22.25  -38.75  0.17E-12
1990  10  22   0 -22.00  -38.75  0.19E-12
1990  10  22   0 -23.25  -38.70  0.14E-12
1990  10  22   0 -23.20  -38.70  0.14E-12
1990  10  22   0 -23.15  -38.70  0.16E-12
1990  10  22   0 -22.85  -38.70  0.14E-12
1990  10  22   0 -22.50  -38.70  0.14E-12
1990  10  22   0 -22.40  -38.70  0.39E-12
1990  10  22   0 -22.25  -38.70  0.19E-12
1990  10  22   0 -22.15  -38.70  0.19E-12
1990  10  22   0 -22.10  -38.70  0.19E-12
1990  10  22   0 -21.85  -38.70  0.20E-12
1990  10  22   0 -22.85  -38.65  0.16E-12
1990  10  22   0 -22.55  -38.65  0.16E-12
1990  10  22   0 -22.40  -38.65  0.16E-12
1990  10  22   0 -22.70  -38.60  0.16E-12
1990  10  22   0 -22.30  -38.60  0.17E-12
1990  10  22   0 -23.50  -38.55  0.14E-12
1990  10  22   0 -23.15  -38.55  0.16E-12
1990  10  22   0 -22.55  -38.55  0.19E-12
1990  10  22   0 -22.50  -38.55  0.17E-12
1990  10  22   0 -22.00  -38.55  0.17E-12
1990  10  22   0 -22.85  -38.50  0.16E-12
1990  10  22   0 -22.45  -38.50  0.19E-12
1990  10  22   0 -22.30  -38.50  0.17E-12
1990  10  22   0 -23.20  -38.45  0.14E-12
1990  10  22   0 -22.55  -38.45  0.37E-12
1990  10  22   0 -23.30  -38.40  0.14E-12
1990  10  22   0 -23.20  -38.40  0.14E-12
1990  10  22   0 -23.05  -38.40  0.16E-12
1990  10  22   0 -22.80  -38.40  0.17E-12
1990  10  22   0 -22.75  -38.40  0.16E-12
1990  10  22   0 -22.70  -38.40  0.16E-12
1990  10  22   0 -22.55  -38.40  0.17E-12
1990  10  22   0 -22.45  -38.40  0.19E-12
1990  10  22   0 -22.35  -38.40  0.19E-12
1990  10  22   0 -23.05  -38.35  0.16E-12
1990  10  22   0 -22.45  -38.35  0.19E-12
1990  10  22   0 -23.20  -38.30  0.14E-12
1990  10  22   0 -22.95  -38.30  0.16E-12
1990  10  22   0 -22.40  -38.30  0.38E-12
1990  10  22   0 -23.05  -38.25  0.16E-12
1990  10  22   0 -22.75  -38.25  0.16E-12
1990  10  22   0 -23.20  -38.20  0.14E-12
1990  10  22   0 -23.05  -38.20  0.16E-12
1990  10  22   0 -22.55  -38.20  0.19E-12
1990  10  22   0 -22.45  -38.20  0.17E-12
1990  10  22   0 -22.85  -38.15  0.19E-12
1990  10  22   0 -22.75  -38.15  0.39E-12
1990  10  22   0 -23.10  -38.10  0.16E-12
1990  10  22   0 -23.60  -38.05  0.16E-12
1990  10  22   0 -22.90  -38.05  0.17E-12
1990  10  22   0 -22.65  -37.95  0.19E-12
1990  10  22   0 -22.85  -37.85  0.17E-12
1990  10  22   0 -22.80  -37.85  0.38E-12
1990  10  22   0 -23.20  -37.75  0.19E-12
1990  10  22   0 -23.10  -37.75  0.19E-12
1990  10  22   0 -23.30  -37.70  0.14E-12
1990  10  22   0 -23.20  -37.65  0.19E-12
1990  10  22   0 -23.10  -37.65  0.19E-12
1990  10  22   0 -23.20  -37.55  0.19E-12
1990  10  22   0 -23.25  -37.50  0.20E-12
1990  10  22   0 -23.25  -37.45  0.20E-12
1990  10  22   0 -23.65  -37.20  0.17E-12
1990  10  22   0 -23.65  -37.15  0.17E-12
1990  10  22   0 -23.65  -37.00  0.16E-12
1990  10  22   0 -24.15  -36.15  0.20E-12
