YEAR  MO  DA  HR    LAT     LON Rn2200010
1990   5  27  12 -24.25  -43.65  0.38E-12
1990   5  27  12 -24.15  -43.65  0.76E-12
1990   5  27  12 -23.80  -43.65  0.38E-12
1990   5  27  12 -23.70  -43.65  0.46E-12
1990   5  27  12 -23.65  -43.65  0.46E-12
1990   5  27  12 -24.25  -43.60  0.81E-12
1990   5  27  12 -24.20  -43.60  0.81E-12
1990   5  27  12 -24.10  -43.60  0.76E-12
1990   5  27  12 -24.05  -43.60  0.76E-12
1990   5  27  12 -23.95  -43.60  0.11E-11
1990   5  27  12 -23.85  -43.60  0.38E-12
1990   5  27  12 -23.75  -43.60  0.85E-12
1990   5  27  12 -23.70  -43.60  0.46E-12
1990   5  27  12 -23.65  -43.60  0.14E-11
1990   5  27  12 -23.60  -43.60  0.47E-12
1990   5  27  12 -23.55  -43.60  0.28E-11
1990   5  27  12 -23.40  -43.60  0.47E-12
1990   5  27  12 -24.25  -43.55  0.38E-12
1990   5  27  12 -24.20  -43.55  0.38E-12
1990   5  27  12 -24.05  -43.55  0.38E-12
1990   5  27  12 -24.00  -43.55  0.38E-12
1990   5  27  12 -23.95  -43.55  0.38E-12
1990   5  27  12 -23.80  -43.55  0.77E-12
1990   5  27  12 -23.65  -43.55  0.47E-12
1990   5  27  12 -23.55  -43.55  0.19E-11
1990   5  27  12 -23.50  -43.55  0.14E-11
1990   5  27  12 -23.45  -43.55  0.47E-12
1990   5  27  12 -23.40  -43.55  0.14E-11
1990   5  27  12 -23.35  -43.55  0.12E-11
1990   5  27  12 -23.30  -43.55  0.59E-12
1990   5  27  12 -24.15  -43.50  0.44E-12
1990   5  27  12 -24.10  -43.50  0.43E-12
1990   5  27  12 -23.90  -43.50  0.44E-12
1990   5  27  12 -23.80  -43.50  0.44E-12
1990   5  27  12 -23.70  -43.50  0.98E-12
1990   5  27  12 -23.65  -43.50  0.16E-11
1990   5  27  12 -23.60  -43.50  0.11E-11
1990   5  27  12 -23.50  -43.50  0.19E-11
1990   5  27  12 -23.45  -43.50  0.14E-11
1990   5  27  12 -23.40  -43.50  0.94E-12
1990   5  27  12 -23.35  -43.50  0.11E-11
1990   5  27  12 -23.30  -43.50  0.59E-12
1990   5  27  12 -24.20  -43.45  0.43E-12
1990   5  27  12 -23.90  -43.45  0.13E-11
1990   5  27  12 -23.80  -43.45  0.18E-11
1990   5  27  12 -23.65  -43.45  0.98E-12
1990   5  27  12 -23.60  -43.45  0.11E-11
1990   5  27  12 -23.55  -43.45  0.21E-11
1990   5  27  12 -23.50  -43.45  0.22E-11
1990   5  27  12 -23.35  -43.45  0.59E-12
1990   5  27  12 -23.30  -43.45  0.59E-12
1990   5  27  12 -23.25  -43.45  0.18E-11
1990   5  27  12 -23.20  -43.45  0.24E-11
1990   5  27  12 -24.05  -43.40  0.13E-11
1990   5  27  12 -24.00  -43.40  0.44E-12
1990   5  27  12 -23.70  -43.40  0.22E-11
1990   5  27  12 -23.65  -43.40  0.98E-12
1990   5  27  12 -23.60  -43.40  0.11E-11
1990   5  27  12 -23.50  -43.40  0.11E-11
1990   5  27  12 -23.45  -43.40  0.27E-11
1990   5  27  12 -23.40  -43.40  0.22E-11
1990   5  27  12 -23.30  -43.40  0.60E-12
1990   5  27  12 -23.20  -43.40  0.60E-12
1990   5  27  12 -23.15  -43.40  0.48E-12
1990   5  27  12 -24.10  -43.35  0.44E-12
1990   5  27  12 -24.05  -43.35  0.44E-12
1990   5  27  12 -23.95  -43.35  0.44E-12
1990   5  27  12 -23.90  -43.35  0.88E-12
1990   5  27  12 -23.75  -43.35  0.44E-12
1990   5  27  12 -23.65  -43.35  0.44E-12
1990   5  27  12 -23.60  -43.35  0.54E-12
1990   5  27  12 -23.55  -43.35  0.11E-11
1990   5  27  12 -23.50  -43.35  0.54E-12
1990   5  27  12 -23.45  -43.35  0.11E-11
1990   5  27  12 -23.40  -43.35  0.16E-11
1990   5  27  12 -23.35  -43.35  0.22E-11
1990   5  27  12 -23.30  -43.35  0.16E-11
1990   5  27  12 -23.25  -43.35  0.68E-12
1990   5  27  12 -23.20  -43.35  0.12E-11
1990   5  27  12 -23.15  -43.35  0.16E-11
1990   5  27  12 -23.10  -43.35  0.96E-12
1990   5  27  12 -24.00  -43.30  0.43E-12
1990   5  27  12 -23.95  -43.30  0.43E-12
1990   5  27  12 -23.90  -43.30  0.43E-12
1990   5  27  12 -23.85  -43.30  0.87E-12
1990   5  27  12 -23.80  -43.30  0.43E-12
1990   5  27  12 -23.75  -43.30  0.43E-12
1990   5  27  12 -23.70  -43.30  0.87E-12
1990   5  27  12 -23.65  -43.30  0.45E-12
1990   5  27  12 -23.60  -43.30  0.45E-12
1990   5  27  12 -23.55  -43.30  0.15E-11
1990   5  27  12 -23.50  -43.30  0.11E-11
1990   5  27  12 -23.45  -43.30  0.11E-11
1990   5  27  12 -23.40  -43.30  0.11E-11
1990   5  27  12 -23.30  -43.30  0.16E-11
1990   5  27  12 -23.25  -43.30  0.25E-11
1990   5  27  12 -23.20  -43.30  0.13E-11
1990   5  27  12 -23.15  -43.30  0.13E-11
1990   5  27  12 -24.05  -43.25  0.86E-12
1990   5  27  12 -23.95  -43.25  0.43E-12
1990   5  27  12 -23.90  -43.25  0.43E-12
1990   5  27  12 -23.85  -43.25  0.43E-12
1990   5  27  12 -23.75  -43.25  0.43E-12
1990   5  27  12 -23.70  -43.25  0.43E-12
1990   5  27  12 -23.65  -43.25  0.13E-11
1990   5  27  12 -23.60  -43.25  0.17E-11
1990   5  27  12 -23.50  -43.25  0.11E-11
1990   5  27  12 -23.45  -43.25  0.27E-11
1990   5  27  12 -23.35  -43.25  0.32E-11
1990   5  27  12 -23.30  -43.25  0.38E-11
1990   5  27  12 -23.25  -43.25  0.45E-11
1990   5  27  12 -23.20  -43.25  0.27E-11
1990   5  27  12 -23.15  -43.25  0.27E-11
1990   5  27  12 -23.10  -43.25  0.20E-11
1990   5  27  12 -23.80  -43.20  0.43E-12
1990   5  27  12 -23.75  -43.20  0.43E-12
1990   5  27  12 -23.70  -43.20  0.17E-11
1990   5  27  12 -23.65  -43.20  0.22E-11
1990   5  27  12 -23.60  -43.20  0.13E-11
1990   5  27  12 -23.55  -43.20  0.87E-12
1990   5  27  12 -23.50  -43.20  0.26E-11
1990   5  27  12 -23.45  -43.20  0.15E-11
1990   5  27  12 -23.40  -43.20  0.11E-11
1990   5  27  12 -23.35  -43.20  0.42E-11
1990   5  27  12 -23.30  -43.20  0.21E-11
1990   5  27  12 -23.25  -43.20  0.27E-11
1990   5  27  12 -23.20  -43.20  0.14E-11
1990   5  27  12 -23.15  -43.20  0.62E-11
1990   5  27  12 -23.10  -43.20  0.33E-11
1990   5  27  12 -23.05  -43.20  0.24E-11
1990   5  27  12 -23.85  -43.15  0.43E-12
1990   5  27  12 -23.80  -43.15  0.87E-12
1990   5  27  12 -23.75  -43.15  0.13E-11
1990   5  27  12 -23.70  -43.15  0.88E-12
1990   5  27  12 -23.60  -43.15  0.45E-12
1990   5  27  12 -23.55  -43.15  0.17E-11
1990   5  27  12 -23.50  -43.15  0.22E-11
1990   5  27  12 -23.45  -43.15  0.24E-11
1990   5  27  12 -23.40  -43.15  0.26E-11
1990   5  27  12 -23.35  -43.15  0.27E-11
1990   5  27  12 -23.30  -43.15  0.48E-11
1990   5  27  12 -23.25  -43.15  0.48E-11
1990   5  27  12 -23.20  -43.15  0.39E-11
1990   5  27  12 -23.15  -43.15  0.72E-11
1990   5  27  12 -23.10  -43.15  0.59E-11
1990   5  27  12 -23.05  -43.15  0.51E-11
1990   5  27  12 -23.80  -43.10  0.45E-12
1990   5  27  12 -23.75  -43.10  0.18E-11
1990   5  27  12 -23.70  -43.10  0.13E-11
1990   5  27  12 -23.65  -43.10  0.13E-11
1990   5  27  12 -23.60  -43.10  0.41E-11
1990   5  27  12 -23.55  -43.10  0.27E-11
1990   5  27  12 -23.50  -43.10  0.45E-11
1990   5  27  12 -23.45  -43.10  0.50E-11
1990   5  27  12 -23.40  -43.10  0.54E-11
1990   5  27  12 -23.35  -43.10  0.41E-11
1990   5  27  12 -23.30  -43.10  0.11E-10
1990   5  27  12 -23.25  -43.10  0.70E-11
1990   5  27  12 -23.20  -43.10  0.80E-11
1990   5  27  12 -23.15  -43.10  0.71E-11
1990   5  27  12 -23.10  -43.10  0.68E-11
1990   5  27  12 -23.05  -43.10  0.62E-11
1990   5  27  12 -23.00  -43.10  0.27E-11
1990   5  27  12 -23.50  -43.05  0.14E-11
1990   5  27  12 -23.45  -43.05  0.36E-11
1990   5  27  12 -23.40  -43.05  0.45E-11
1990   5  27  12 -23.35  -43.05  0.90E-11
1990   5  27  12 -23.30  -43.05  0.17E-10
1990   5  27  12 -23.25  -43.05  0.24E-10
1990   5  27  12 -23.20  -43.05  0.25E-10
1990   5  27  12 -23.15  -43.05  0.34E-10
1990   5  27  12 -23.10  -43.05  0.27E-10
1990   5  27  12 -23.05  -43.05  0.25E-10
1990   5  27  12 -23.00  -43.05  0.17E-10
1990   5  27  12 -23.30  -43.00  0.13E-11
1990   5  27  12 -23.25  -43.00  0.31E-11
1990   5  27  12 -23.20  -43.00  0.63E-11
1990   5  27  12 -23.15  -43.00  0.24E-10
1990   5  27  12 -23.10  -43.00  0.56E-10
1990   5  27  12 -23.05  -43.00  0.10E-09
1990   5  27  12 -23.00  -43.00  0.90E-10
1990   5  28   0 -25.45  -43.75  0.35E-12
1990   5  28   0 -25.40  -43.75  0.70E-12
1990   5  28   0 -25.40  -43.70  0.35E-12
1990   5  28   0 -25.35  -43.70  0.70E-12
1990   5  28   0 -25.65  -43.65  0.70E-12
1990   5  28   0 -25.60  -43.65  0.70E-12
1990   5  28   0 -25.55  -43.65  0.10E-11
1990   5  28   0 -24.55  -43.65  0.45E-12
1990   5  28   0 -24.45  -43.65  0.23E-12
1990   5  28   0 -24.30  -43.65  0.22E-12
1990   5  28   0 -26.05  -43.60  0.35E-12
1990   5  28   0 -26.00  -43.60  0.35E-12
1990   5  28   0 -25.85  -43.60  0.35E-12
1990   5  28   0 -25.60  -43.60  0.35E-12
1990   5  28   0 -25.55  -43.60  0.10E-11
1990   5  28   0 -25.50  -43.60  0.11E-11
1990   5  28   0 -24.80  -43.60  0.37E-12
1990   5  28   0 -24.75  -43.60  0.59E-12
1990   5  28   0 -24.70  -43.60  0.22E-12
1990   5  28   0 -24.60  -43.60  0.37E-12
1990   5  28   0 -24.55  -43.60  0.22E-12
1990   5  28   0 -24.50  -43.60  0.90E-12
1990   5  28   0 -24.40  -43.60  0.23E-12
1990   5  28   0 -24.35  -43.60  0.23E-12
1990   5  28   0 -24.30  -43.60  0.45E-12
1990   5  28   0 -26.00  -43.55  0.70E-12
1990   5  28   0 -25.95  -43.55  0.10E-11
1990   5  28   0 -25.90  -43.55  0.35E-12
1990   5  28   0 -25.85  -43.55  0.35E-12
1990   5  28   0 -25.80  -43.55  0.35E-12
1990   5  28   0 -25.60  -43.55  0.35E-12
1990   5  28   0 -25.55  -43.55  0.70E-12
1990   5  28   0 -25.50  -43.55  0.70E-12
1990   5  28   0 -25.35  -43.55  0.21E-12
1990   5  28   0 -25.20  -43.55  0.11E-11
1990   5  28   0 -25.15  -43.55  0.21E-12
1990   5  28   0 -25.05  -43.55  0.43E-12
1990   5  28   0 -25.00  -43.55  0.37E-12
1990   5  28   0 -24.95  -43.55  0.12E-11
1990   5  28   0 -24.80  -43.55  0.59E-12
1990   5  28   0 -24.75  -43.55  0.13E-11
1990   5  28   0 -24.70  -43.55  0.37E-12
1990   5  28   0 -24.65  -43.55  0.63E-12
1990   5  28   0 -24.60  -43.55  0.26E-12
1990   5  28   0 -24.55  -43.55  0.45E-12
1990   5  28   0 -24.50  -43.55  0.22E-12
1990   5  28   0 -24.35  -43.55  0.22E-12
1990   5  28   0 -26.10  -43.50  0.70E-12
1990   5  28   0 -26.05  -43.50  0.35E-12
1990   5  28   0 -26.00  -43.50  0.17E-11
1990   5  28   0 -25.95  -43.50  0.10E-11
1990   5  28   0 -25.90  -43.50  0.11E-11
1990   5  28   0 -25.85  -43.50  0.70E-12
1990   5  28   0 -25.75  -43.50  0.35E-12
1990   5  28   0 -25.70  -43.50  0.35E-12
1990   5  28   0 -25.65  -43.50  0.70E-12
1990   5  28   0 -25.60  -43.50  0.35E-12
1990   5  28   0 -25.55  -43.50  0.19E-11
1990   5  28   0 -25.50  -43.50  0.35E-12
1990   5  28   0 -25.45  -43.50  0.21E-12
1990   5  28   0 -25.40  -43.50  0.86E-12
1990   5  28   0 -25.35  -43.50  0.62E-12
1990   5  28   0 -25.30  -43.50  0.86E-12
1990   5  28   0 -25.25  -43.50  0.86E-12
1990   5  28   0 -25.20  -43.50  0.37E-12
1990   5  28   0 -25.15  -43.50  0.34E-11
1990   5  28   0 -25.10  -43.50  0.17E-11
1990   5  28   0 -25.05  -43.50  0.13E-11
1990   5  28   0 -25.00  -43.50  0.74E-12
1990   5  28   0 -24.85  -43.50  0.22E-12
1990   5  28   0 -24.80  -43.50  0.23E-11
1990   5  28   0 -24.60  -43.50  0.91E-12
1990   5  28   0 -24.30  -43.50  0.26E-12
1990   5  28   0 -26.10  -43.45  0.35E-12
1990   5  28   0 -26.05  -43.45  0.70E-12
1990   5  28   0 -25.95  -43.45  0.70E-12
1990   5  28   0 -25.90  -43.45  0.17E-11
1990   5  28   0 -25.85  -43.45  0.70E-12
1990   5  28   0 -25.80  -43.45  0.14E-11
1990   5  28   0 -25.75  -43.45  0.35E-12
1990   5  28   0 -25.60  -43.45  0.97E-12
1990   5  28   0 -25.55  -43.45  0.12E-11
1990   5  28   0 -25.50  -43.45  0.24E-11
1990   5  28   0 -25.45  -43.45  0.10E-11
1990   5  28   0 -25.40  -43.45  0.18E-11
1990   5  28   0 -25.35  -43.45  0.17E-11
1990   5  28   0 -25.30  -43.45  0.13E-11
1990   5  28   0 -25.25  -43.45  0.20E-11
1990   5  28   0 -25.20  -43.45  0.29E-11
1990   5  28   0 -25.15  -43.45  0.29E-11
1990   5  28   0 -25.10  -43.45  0.19E-11
1990   5  28   0 -25.05  -43.45  0.14E-11
1990   5  28   0 -25.00  -43.45  0.13E-11
1990   5  28   0 -24.95  -43.45  0.15E-11
1990   5  28   0 -24.90  -43.45  0.58E-12
1990   5  28   0 -24.85  -43.45  0.37E-12
1990   5  28   0 -24.80  -43.45  0.37E-12
1990   5  28   0 -24.75  -43.45  0.42E-12
1990   5  28   0 -24.65  -43.45  0.85E-12
1990   5  28   0 -24.60  -43.45  0.12E-11
1990   5  28   0 -24.55  -43.45  0.94E-12
1990   5  28   0 -24.45  -43.45  0.77E-12
1990   5  28   0 -24.40  -43.45  0.52E-12
1990   5  28   0 -24.35  -43.45  0.78E-12
1990   5  28   0 -24.30  -43.45  0.26E-12
1990   5  28   0 -25.90  -43.40  0.35E-12
1990   5  28   0 -25.80  -43.40  0.71E-12
1990   5  28   0 -25.75  -43.40  0.71E-12
1990   5  28   0 -25.70  -43.40  0.70E-12
1990   5  28   0 -25.65  -43.40  0.18E-11
1990   5  28   0 -25.60  -43.40  0.21E-12
1990   5  28   0 -25.55  -43.40  0.19E-11
1990   5  28   0 -25.50  -43.40  0.83E-12
1990   5  28   0 -25.45  -43.40  0.32E-11
1990   5  28   0 -25.40  -43.40  0.24E-11
1990   5  28   0 -25.35  -43.40  0.24E-11
1990   5  28   0 -25.30  -43.40  0.33E-11
1990   5  28   0 -25.25  -43.40  0.17E-11
1990   5  28   0 -25.15  -43.40  0.12E-11
1990   5  28   0 -25.05  -43.40  0.25E-12
1990   5  28   0 -25.00  -43.40  0.11E-11
1990   5  28   0 -24.95  -43.40  0.84E-12
1990   5  28   0 -24.85  -43.40  0.42E-12
1990   5  28   0 -24.80  -43.40  0.43E-12
1990   5  28   0 -24.75  -43.40  0.13E-11
1990   5  28   0 -24.65  -43.40  0.11E-11
1990   5  28   0 -24.60  -43.40  0.85E-12
1990   5  28   0 -24.50  -43.40  0.94E-12
1990   5  28   0 -24.40  -43.40  0.26E-12
1990   5  28   0 -24.35  -43.40  0.52E-12
1990   5  28   0 -24.25  -43.40  0.26E-12
1990   5  28   0 -24.20  -43.40  0.26E-12
1990   5  28   0 -24.15  -43.40  0.26E-12
1990   5  28   0 -26.20  -43.35  0.35E-12
1990   5  28   0 -25.95  -43.35  0.80E-12
1990   5  28   0 -25.90  -43.35  0.75E-12
1990   5  28   0 -25.85  -43.35  0.76E-12
1990   5  28   0 -25.80  -43.35  0.76E-12
1990   5  28   0 -25.65  -43.35  0.71E-12
1990   5  28   0 -25.60  -43.35  0.35E-12
1990   5  28   0 -25.55  -43.35  0.62E-12
1990   5  28   0 -25.50  -43.35  0.22E-11
1990   5  28   0 -25.45  -43.35  0.21E-11
1990   5  28   0 -25.40  -43.35  0.16E-11
1990   5  28   0 -25.35  -43.35  0.23E-11
1990   5  28   0 -25.30  -43.35  0.19E-11
1990   5  28   0 -25.25  -43.35  0.20E-11
1990   5  28   0 -25.20  -43.35  0.20E-11
1990   5  28   0 -25.15  -43.35  0.25E-12
1990   5  28   0 -25.00  -43.35  0.15E-11
1990   5  28   0 -24.90  -43.35  0.43E-12
1990   5  28   0 -24.80  -43.35  0.11E-11
1990   5  28   0 -24.75  -43.35  0.69E-12
1990   5  28   0 -24.60  -43.35  0.43E-12
1990   5  28   0 -24.55  -43.35  0.43E-12
1990   5  28   0 -24.50  -43.35  0.43E-12
1990   5  28   0 -24.40  -43.35  0.26E-12
1990   5  28   0 -24.35  -43.35  0.10E-11
1990   5  28   0 -24.25  -43.35  0.52E-12
1990   5  28   0 -24.20  -43.35  0.52E-12
1990   5  28   0 -24.15  -43.35  0.26E-12
1990   5  28   0 -26.25  -43.30  0.10E-11
1990   5  28   0 -26.20  -43.30  0.70E-12
1990   5  28   0 -26.10  -43.30  0.35E-12
1990   5  28   0 -25.95  -43.30  0.40E-12
1990   5  28   0 -25.90  -43.30  0.81E-12
1990   5  28   0 -25.80  -43.30  0.80E-12
1990   5  28   0 -25.70  -43.30  0.21E-12
1990   5  28   0 -25.60  -43.30  0.84E-12
1990   5  28   0 -25.55  -43.30  0.10E-11
1990   5  28   0 -25.50  -43.30  0.84E-12
1990   5  28   0 -25.45  -43.30  0.62E-12
1990   5  28   0 -25.40  -43.30  0.40E-12
1990   5  28   0 -25.35  -43.30  0.15E-11
1990   5  28   0 -25.30  -43.30  0.27E-11
1990   5  28   0 -25.25  -43.30  0.27E-11
1990   5  28   0 -25.20  -43.30  0.29E-11
1990   5  28   0 -25.15  -43.30  0.27E-11
1990   5  28   0 -25.10  -43.30  0.14E-11
1990   5  28   0 -25.05  -43.30  0.84E-12
1990   5  28   0 -25.00  -43.30  0.93E-12
1990   5  28   0 -24.85  -43.30  0.68E-12
1990   5  28   0 -24.80  -43.30  0.17E-11
1990   5  28   0 -24.75  -43.30  0.85E-12
1990   5  28   0 -24.70  -43.30  0.86E-12
1990   5  28   0 -24.55  -43.30  0.86E-12
1990   5  28   0 -24.50  -43.30  0.43E-12
1990   5  28   0 -24.45  -43.30  0.95E-12
1990   5  28   0 -24.40  -43.30  0.77E-12
1990   5  28   0 -24.35  -43.30  0.77E-12
1990   5  28   0 -24.30  -43.30  0.51E-12
1990   5  28   0 -24.25  -43.30  0.25E-12
1990   5  28   0 -24.20  -43.30  0.25E-12
1990   5  28   0 -24.15  -43.30  0.25E-12
1990   5  28   0 -24.10  -43.30  0.26E-12
1990   5  28   0 -23.35  -43.30  0.43E-12
1990   5  28   0 -23.30  -43.30  0.43E-12
1990   5  28   0 -26.40  -43.25  0.70E-12
1990   5  28   0 -26.20  -43.25  0.70E-12
1990   5  28   0 -26.15  -43.25  0.15E-11
1990   5  28   0 -26.10  -43.25  0.19E-11
1990   5  28   0 -26.05  -43.25  0.75E-12
1990   5  28   0 -26.00  -43.25  0.35E-12
1990   5  28   0 -25.95  -43.25  0.35E-12
1990   5  28   0 -25.90  -43.25  0.71E-12
1990   5  28   0 -25.85  -43.25  0.81E-12
1990   5  28   0 -25.80  -43.25  0.12E-11
1990   5  28   0 -25.75  -43.25  0.35E-12
1990   5  28   0 -25.70  -43.25  0.12E-11
1990   5  28   0 -25.65  -43.25  0.41E-12
1990   5  28   0 -25.60  -43.25  0.80E-12
1990   5  28   0 -25.55  -43.25  0.79E-12
1990   5  28   0 -25.50  -43.25  0.40E-12
1990   5  28   0 -25.45  -43.25  0.25E-12
1990   5  28   0 -25.40  -43.25  0.13E-11
1990   5  28   0 -25.35  -43.25  0.37E-11
1990   5  28   0 -25.30  -43.25  0.23E-11
1990   5  28   0 -25.25  -43.25  0.38E-11
1990   5  28   0 -25.20  -43.25  0.37E-11
1990   5  28   0 -25.15  -43.25  0.13E-11
1990   5  28   0 -25.10  -43.25  0.39E-11
1990   5  28   0 -25.05  -43.25  0.75E-12
1990   5  28   0 -25.00  -43.25  0.11E-11
1990   5  28   0 -24.95  -43.25  0.12E-11
1990   5  28   0 -24.90  -43.25  0.43E-12
1990   5  28   0 -24.85  -43.25  0.85E-12
1990   5  28   0 -24.80  -43.25  0.85E-12
1990   5  28   0 -24.75  -43.25  0.21E-11
1990   5  28   0 -24.70  -43.25  0.85E-12
1990   5  28   0 -24.55  -43.25  0.42E-12
1990   5  28   0 -24.50  -43.25  0.42E-12
1990   5  28   0 -24.45  -43.25  0.84E-12
1990   5  28   0 -24.40  -43.25  0.11E-11
1990   5  28   0 -24.35  -43.25  0.42E-12
1990   5  28   0 -24.30  -43.25  0.25E-12
1990   5  28   0 -24.25  -43.25  0.25E-12
1990   5  28   0 -24.20  -43.25  0.76E-12
1990   5  28   0 -24.05  -43.25  0.51E-12
1990   5  28   0 -23.45  -43.25  0.43E-12
1990   5  28   0 -23.40  -43.25  0.42E-12
1990   5  28   0 -23.30  -43.25  0.43E-12
1990   5  28   0 -23.25  -43.25  0.43E-12
1990   5  28   0 -26.35  -43.20  0.70E-12
1990   5  28   0 -26.30  -43.20  0.35E-12
1990   5  28   0 -26.10  -43.20  0.11E-11
1990   5  28   0 -26.05  -43.20  0.20E-11
1990   5  28   0 -26.00  -43.20  0.30E-11
1990   5  28   0 -25.95  -43.20  0.11E-11
1990   5  28   0 -25.90  -43.20  0.35E-12
1990   5  28   0 -25.85  -43.20  0.16E-11
1990   5  28   0 -25.80  -43.20  0.25E-11
1990   5  28   0 -25.75  -43.20  0.12E-11
1990   5  28   0 -25.70  -43.20  0.12E-11
1990   5  28   0 -25.65  -43.20  0.16E-11
1990   5  28   0 -25.60  -43.20  0.16E-11
1990   5  28   0 -25.55  -43.20  0.14E-11
1990   5  28   0 -25.50  -43.20  0.34E-11
1990   5  28   0 -25.45  -43.20  0.20E-11
1990   5  28   0 -25.40  -43.20  0.47E-12
1990   5  28   0 -25.35  -43.20  0.31E-11
1990   5  28   0 -25.30  -43.20  0.31E-11
1990   5  28   0 -25.25  -43.20  0.30E-11
1990   5  28   0 -25.20  -43.20  0.29E-11
1990   5  28   0 -25.15  -43.20  0.23E-11
1990   5  28   0 -25.10  -43.20  0.26E-11
1990   5  28   0 -25.05  -43.20  0.24E-11
1990   5  28   0 -25.00  -43.20  0.42E-11
1990   5  28   0 -24.95  -43.20  0.27E-11
1990   5  28   0 -24.90  -43.20  0.11E-11
1990   5  28   0 -24.85  -43.20  0.76E-12
1990   5  28   0 -24.80  -43.20  0.13E-11
1990   5  28   0 -24.75  -43.20  0.17E-11
1990   5  28   0 -24.70  -43.20  0.42E-12
1990   5  28   0 -24.65  -43.20  0.17E-11
1990   5  28   0 -24.60  -43.20  0.13E-11
1990   5  28   0 -24.55  -43.20  0.13E-11
1990   5  28   0 -24.35  -43.20  0.25E-12
1990   5  28   0 -24.30  -43.20  0.85E-12
1990   5  28   0 -24.25  -43.20  0.51E-12
1990   5  28   0 -24.20  -43.20  0.25E-12
1990   5  28   0 -24.15  -43.20  0.26E-12
1990   5  28   0 -24.10  -43.20  0.51E-12
1990   5  28   0 -24.05  -43.20  0.26E-12
1990   5  28   0 -23.60  -43.20  0.85E-12
1990   5  28   0 -23.50  -43.20  0.43E-12
1990   5  28   0 -23.35  -43.20  0.42E-12
1990   5  28   0 -23.30  -43.20  0.43E-12
1990   5  28   0 -23.25  -43.20  0.17E-11
1990   5  28   0 -23.20  -43.20  0.13E-11
1990   5  28   0 -23.10  -43.20  0.13E-11
1990   5  28   0 -23.05  -43.20  0.45E-12
1990   5  28   0 -26.40  -43.15  0.70E-12
1990   5  28   0 -26.25  -43.15  0.40E-12
1990   5  28   0 -26.20  -43.15  0.40E-12
1990   5  28   0 -26.10  -43.15  0.16E-11
1990   5  28   0 -26.05  -43.15  0.12E-11
1990   5  28   0 -25.95  -43.15  0.19E-11
1990   5  28   0 -25.90  -43.15  0.36E-11
1990   5  28   0 -25.85  -43.15  0.26E-11
1990   5  28   0 -25.80  -43.15  0.16E-11
1990   5  28   0 -25.75  -43.15  0.39E-11
1990   5  28   0 -25.70  -43.15  0.14E-11
1990   5  28   0 -25.65  -43.15  0.14E-11
1990   5  28   0 -25.60  -43.15  0.15E-11
1990   5  28   0 -25.55  -43.15  0.23E-11
1990   5  28   0 -25.50  -43.15  0.36E-11
1990   5  28   0 -25.45  -43.15  0.23E-11
1990   5  28   0 -25.40  -43.15  0.35E-11
1990   5  28   0 -25.35  -43.15  0.30E-11
1990   5  28   0 -25.30  -43.15  0.21E-11
1990   5  28   0 -25.25  -43.15  0.25E-11
1990   5  28   0 -25.20  -43.15  0.31E-11
1990   5  28   0 -25.15  -43.15  0.17E-11
1990   5  28   0 -25.10  -43.15  0.17E-11
1990   5  28   0 -25.05  -43.15  0.49E-11
1990   5  28   0 -25.00  -43.15  0.45E-11
1990   5  28   0 -24.95  -43.15  0.28E-11
1990   5  28   0 -24.90  -43.15  0.14E-11
1990   5  28   0 -24.85  -43.15  0.16E-11
1990   5  28   0 -24.80  -43.15  0.13E-11
1990   5  28   0 -24.75  -43.15  0.42E-12
1990   5  28   0 -24.65  -43.15  0.42E-12
1990   5  28   0 -24.60  -43.15  0.42E-12
1990   5  28   0 -24.55  -43.15  0.42E-12
1990   5  28   0 -24.50  -43.15  0.17E-11
1990   5  28   0 -24.45  -43.15  0.42E-12
1990   5  28   0 -24.40  -43.15  0.68E-12
1990   5  28   0 -24.35  -43.15  0.85E-12
1990   5  28   0 -24.30  -43.15  0.42E-12
1990   5  28   0 -24.25  -43.15  0.86E-12
1990   5  28   0 -24.20  -43.15  0.15E-11
1990   5  28   0 -24.15  -43.15  0.77E-12
1990   5  28   0 -24.10  -43.15  0.13E-11
1990   5  28   0 -24.05  -43.15  0.16E-11
1990   5  28   0 -24.00  -43.15  0.16E-11
1990   5  28   0 -23.95  -43.15  0.24E-11
1990   5  28   0 -23.90  -43.15  0.80E-12
1990   5  28   0 -23.85  -43.15  0.53E-12
1990   5  28   0 -23.80  -43.15  0.27E-12
1990   5  28   0 -23.65  -43.15  0.85E-12
1990   5  28   0 -23.60  -43.15  0.43E-12
1990   5  28   0 -23.50  -43.15  0.86E-12
1990   5  28   0 -23.45  -43.15  0.43E-12
1990   5  28   0 -23.40  -43.15  0.13E-11
1990   5  28   0 -23.35  -43.15  0.42E-12
1990   5  28   0 -23.30  -43.15  0.86E-12
1990   5  28   0 -23.25  -43.15  0.17E-11
1990   5  28   0 -23.20  -43.15  0.35E-11
1990   5  28   0 -23.15  -43.15  0.35E-11
1990   5  28   0 -23.10  -43.15  0.35E-11
1990   5  28   0 -23.05  -43.15  0.89E-12
1990   5  28   0 -26.40  -43.10  0.35E-12
1990   5  28   0 -26.35  -43.10  0.35E-12
1990   5  28   0 -26.30  -43.10  0.35E-12
1990   5  28   0 -26.25  -43.10  0.35E-12
1990   5  28   0 -26.05  -43.10  0.12E-11
1990   5  28   0 -26.00  -43.10  0.35E-11
1990   5  28   0 -25.95  -43.10  0.40E-11
1990   5  28   0 -25.90  -43.10  0.14E-11
1990   5  28   0 -25.85  -43.10  0.36E-12
1990   5  28   0 -25.80  -43.10  0.15E-11
1990   5  28   0 -25.75  -43.10  0.33E-11
1990   5  28   0 -25.70  -43.10  0.89E-12
1990   5  28   0 -25.65  -43.10  0.17E-11
1990   5  28   0 -25.60  -43.10  0.41E-12
1990   5  28   0 -25.55  -43.10  0.13E-11
1990   5  28   0 -25.50  -43.10  0.12E-11
1990   5  28   0 -25.45  -43.10  0.18E-11
1990   5  28   0 -25.40  -43.10  0.23E-11
1990   5  28   0 -25.35  -43.10  0.34E-11
1990   5  28   0 -25.30  -43.10  0.20E-11
1990   5  28   0 -25.25  -43.10  0.75E-12
1990   5  28   0 -25.20  -43.10  0.23E-11
1990   5  28   0 -25.15  -43.10  0.57E-11
1990   5  28   0 -25.10  -43.10  0.31E-11
1990   5  28   0 -25.05  -43.10  0.30E-11
1990   5  28   0 -25.00  -43.10  0.30E-11
1990   5  28   0 -24.95  -43.10  0.32E-11
1990   5  28   0 -24.90  -43.10  0.98E-12
1990   5  28   0 -24.85  -43.10  0.16E-11
1990   5  28   0 -24.80  -43.10  0.16E-11
1990   5  28   0 -24.75  -43.10  0.74E-12
1990   5  28   0 -24.70  -43.10  0.17E-11
1990   5  28   0 -24.65  -43.10  0.15E-11
1990   5  28   0 -24.60  -43.10  0.42E-12
1990   5  28   0 -24.55  -43.10  0.22E-11
1990   5  28   0 -24.50  -43.10  0.17E-11
1990   5  28   0 -24.45  -43.10  0.68E-12
1990   5  28   0 -24.40  -43.10  0.17E-11
1990   5  28   0 -24.35  -43.10  0.42E-12
1990   5  28   0 -24.30  -43.10  0.17E-11
1990   5  28   0 -24.25  -43.10  0.17E-11
1990   5  28   0 -24.20  -43.10  0.17E-11
1990   5  28   0 -24.15  -43.10  0.16E-11
1990   5  28   0 -24.10  -43.10  0.11E-11
1990   5  28   0 -24.05  -43.10  0.45E-11
1990   5  28   0 -24.00  -43.10  0.35E-11
1990   5  28   0 -23.95  -43.10  0.17E-11
1990   5  28   0 -23.90  -43.10  0.16E-11
1990   5  28   0 -23.85  -43.10  0.16E-11
1990   5  28   0 -23.80  -43.10  0.30E-11
1990   5  28   0 -23.75  -43.10  0.19E-11
1990   5  28   0 -23.70  -43.10  0.11E-11
1990   5  28   0 -23.65  -43.10  0.12E-11
1990   5  28   0 -23.60  -43.10  0.11E-11
1990   5  28   0 -23.55  -43.10  0.43E-12
1990   5  28   0 -23.45  -43.10  0.43E-12
1990   5  28   0 -23.40  -43.10  0.34E-11
1990   5  28   0 -23.35  -43.10  0.13E-11
1990   5  28   0 -23.30  -43.10  0.17E-11
1990   5  28   0 -23.25  -43.10  0.17E-11
1990   5  28   0 -23.20  -43.10  0.17E-11
1990   5  28   0 -23.15  -43.10  0.46E-11
1990   5  28   0 -23.10  -43.10  0.49E-11
1990   5  28   0 -23.05  -43.10  0.11E-10
1990   5  28   0 -26.50  -43.05  0.70E-12
1990   5  28   0 -26.45  -43.05  0.70E-12
1990   5  28   0 -26.35  -43.05  0.21E-11
1990   5  28   0 -26.30  -43.05  0.14E-11
1990   5  28   0 -26.25  -43.05  0.71E-12
1990   5  28   0 -26.20  -43.05  0.11E-11
1990   5  28   0 -26.10  -43.05  0.36E-12
1990   5  28   0 -26.00  -43.05  0.15E-11
1990   5  28   0 -25.95  -43.05  0.27E-11
1990   5  28   0 -25.90  -43.05  0.44E-11
1990   5  28   0 -25.85  -43.05  0.22E-11
1990   5  28   0 -25.80  -43.05  0.21E-11
1990   5  28   0 -25.75  -43.05  0.17E-11
1990   5  28   0 -25.70  -43.05  0.20E-11
1990   5  28   0 -25.65  -43.05  0.20E-11
1990   5  28   0 -25.60  -43.05  0.17E-11
1990   5  28   0 -25.55  -43.05  0.38E-11
1990   5  28   0 -25.50  -43.05  0.50E-11
1990   5  28   0 -25.45  -43.05  0.17E-11
1990   5  28   0 -25.40  -43.05  0.22E-11
1990   5  28   0 -25.35  -43.05  0.51E-11
1990   5  28   0 -25.30  -43.05  0.25E-11
1990   5  28   0 -25.25  -43.05  0.26E-11
1990   5  28   0 -25.20  -43.05  0.17E-11
1990   5  28   0 -25.15  -43.05  0.51E-11
1990   5  28   0 -25.10  -43.05  0.51E-11
1990   5  28   0 -25.05  -43.05  0.38E-11
1990   5  28   0 -25.00  -43.05  0.21E-11
1990   5  28   0 -24.95  -43.05  0.65E-12
1990   5  28   0 -24.90  -43.05  0.37E-11
1990   5  28   0 -24.85  -43.05  0.21E-11
1990   5  28   0 -24.80  -43.05  0.20E-11
1990   5  28   0 -24.75  -43.05  0.12E-11
1990   5  28   0 -24.70  -43.05  0.23E-11
1990   5  28   0 -24.65  -43.05  0.28E-11
1990   5  28   0 -24.60  -43.05  0.23E-11
1990   5  28   0 -24.55  -43.05  0.16E-11
1990   5  28   0 -24.50  -43.05  0.67E-12
1990   5  28   0 -24.45  -43.05  0.67E-12
1990   5  28   0 -24.40  -43.05  0.13E-11
1990   5  28   0 -24.35  -43.05  0.11E-11
1990   5  28   0 -24.30  -43.05  0.13E-11
1990   5  28   0 -24.25  -43.05  0.87E-12
1990   5  28   0 -24.20  -43.05  0.17E-11
1990   5  28   0 -24.15  -43.05  0.26E-11
1990   5  28   0 -24.10  -43.05  0.30E-11
1990   5  28   0 -24.05  -43.05  0.13E-11
1990   5  28   0 -24.00  -43.05  0.13E-11
1990   5  28   0 -23.95  -43.05  0.18E-11
1990   5  28   0 -23.90  -43.05  0.26E-11
1990   5  28   0 -23.85  -43.05  0.25E-11
1990   5  28   0 -23.80  -43.05  0.27E-11
1990   5  28   0 -23.75  -43.05  0.31E-11
1990   5  28   0 -23.70  -43.05  0.40E-11
1990   5  28   0 -23.65  -43.05  0.40E-11
1990   5  28   0 -23.60  -43.05  0.38E-11
1990   5  28   0 -23.55  -43.05  0.52E-11
1990   5  28   0 -23.50  -43.05  0.47E-11
1990   5  28   0 -23.45  -43.05  0.44E-11
1990   5  28   0 -23.40  -43.05  0.75E-11
1990   5  28   0 -23.35  -43.05  0.59E-11
1990   5  28   0 -23.30  -43.05  0.30E-11
1990   5  28   0 -23.25  -43.05  0.24E-11
1990   5  28   0 -23.20  -43.05  0.41E-11
1990   5  28   0 -23.15  -43.05  0.47E-11
1990   5  28   0 -23.10  -43.05  0.62E-11
1990   5  28   0 -23.05  -43.05  0.15E-10
1990   5  28   0 -23.00  -43.05  0.12E-10
1990   5  28   0 -26.40  -43.00  0.70E-12
1990   5  28   0 -26.35  -43.00  0.70E-12
1990   5  28   0 -26.30  -43.00  0.35E-12
1990   5  28   0 -26.25  -43.00  0.14E-11
1990   5  28   0 -26.20  -43.00  0.22E-11
1990   5  28   0 -26.15  -43.00  0.40E-12
1990   5  28   0 -26.10  -43.00  0.36E-12
1990   5  28   0 -26.05  -43.00  0.71E-12
1990   5  28   0 -26.00  -43.00  0.14E-11
1990   5  28   0 -25.95  -43.00  0.81E-12
1990   5  28   0 -25.90  -43.00  0.84E-12
1990   5  28   0 -25.85  -43.00  0.28E-11
1990   5  28   0 -25.80  -43.00  0.21E-11
1990   5  28   0 -25.75  -43.00  0.31E-11
1990   5  28   0 -25.70  -43.00  0.30E-11
1990   5  28   0 -25.65  -43.00  0.32E-11
1990   5  28   0 -25.60  -43.00  0.40E-11
1990   5  28   0 -25.55  -43.00  0.46E-11
1990   5  28   0 -25.50  -43.00  0.28E-11
1990   5  28   0 -25.45  -43.00  0.41E-12
1990   5  28   0 -25.40  -43.00  0.91E-12
1990   5  28   0 -25.35  -43.00  0.99E-12
1990   5  28   0 -25.30  -43.00  0.18E-11
1990   5  28   0 -25.25  -43.00  0.15E-11
1990   5  28   0 -25.20  -43.00  0.20E-11
1990   5  28   0 -25.15  -43.00  0.15E-11
1990   5  28   0 -25.10  -43.00  0.35E-11
1990   5  28   0 -25.05  -43.00  0.41E-11
1990   5  28   0 -25.00  -43.00  0.55E-11
1990   5  28   0 -24.95  -43.00  0.30E-11
1990   5  28   0 -24.90  -43.00  0.29E-11
1990   5  28   0 -24.85  -43.00  0.43E-11
1990   5  28   0 -24.80  -43.00  0.31E-11
1990   5  28   0 -24.75  -43.00  0.22E-11
1990   5  28   0 -24.70  -43.00  0.14E-11
1990   5  28   0 -24.65  -43.00  0.76E-12
1990   5  28   0 -24.60  -43.00  0.17E-11
1990   5  28   0 -24.55  -43.00  0.14E-11
1990   5  28   0 -24.50  -43.00  0.12E-11
1990   5  28   0 -24.45  -43.00  0.22E-11
1990   5  28   0 -24.40  -43.00  0.24E-11
1990   5  28   0 -24.35  -43.00  0.14E-11
1990   5  28   0 -24.30  -43.00  0.31E-11
1990   5  28   0 -24.25  -43.00  0.16E-11
1990   5  28   0 -24.20  -43.00  0.35E-11
1990   5  28   0 -24.15  -43.00  0.21E-11
1990   5  28   0 -24.10  -43.00  0.22E-11
1990   5  28   0 -24.05  -43.00  0.16E-11
1990   5  28   0 -24.00  -43.00  0.41E-11
1990   5  28   0 -23.95  -43.00  0.86E-12
1990   5  28   0 -23.90  -43.00  0.11E-11
1990   5  28   0 -23.85  -43.00  0.15E-11
1990   5  28   0 -23.80  -43.00  0.35E-11
1990   5  28   0 -23.75  -43.00  0.26E-11
1990   5  28   0 -23.70  -43.00  0.31E-11
1990   5  28   0 -23.65  -43.00  0.30E-11
1990   5  28   0 -23.60  -43.00  0.52E-11
1990   5  28   0 -23.55  -43.00  0.66E-11
1990   5  28   0 -23.50  -43.00  0.42E-11
1990   5  28   0 -23.45  -43.00  0.71E-11
1990   5  28   0 -23.40  -43.00  0.85E-11
1990   5  28   0 -23.35  -43.00  0.11E-10
1990   5  28   0 -23.30  -43.00  0.14E-10
1990   5  28   0 -23.25  -43.00  0.16E-10
1990   5  28   0 -23.20  -43.00  0.21E-10
1990   5  28   0 -23.15  -43.00  0.29E-10
1990   5  28   0 -23.10  -43.00  0.41E-10
1990   5  28   0 -23.05  -43.00  0.58E-10
1990   5  28   0 -23.00  -43.00  0.82E-10
1990   5  28   0 -26.35  -42.95  0.40E-12
1990   5  28   0 -26.30  -42.95  0.81E-12
1990   5  28   0 -26.25  -42.95  0.81E-12
1990   5  28   0 -26.20  -42.95  0.41E-12
1990   5  28   0 -26.15  -42.95  0.12E-11
1990   5  28   0 -26.10  -42.95  0.14E-11
1990   5  28   0 -26.05  -42.95  0.43E-12
1990   5  28   0 -26.00  -42.95  0.12E-11
1990   5  28   0 -25.95  -42.95  0.41E-12
1990   5  28   0 -25.90  -42.95  0.16E-11
1990   5  28   0 -25.85  -42.95  0.12E-11
1990   5  28   0 -25.80  -42.95  0.18E-11
1990   5  28   0 -25.75  -42.95  0.33E-11
1990   5  28   0 -25.70  -42.95  0.12E-11
1990   5  28   0 -25.65  -42.95  0.29E-11
1990   5  28   0 -25.60  -42.95  0.12E-11
1990   5  28   0 -25.55  -42.95  0.28E-11
1990   5  28   0 -25.50  -42.95  0.38E-11
1990   5  28   0 -25.45  -42.95  0.36E-11
1990   5  28   0 -25.40  -42.95  0.35E-11
1990   5  28   0 -25.35  -42.95  0.16E-11
1990   5  28   0 -25.30  -42.95  0.42E-11
1990   5  28   0 -25.25  -42.95  0.58E-11
1990   5  28   0 -25.20  -42.95  0.27E-11
1990   5  28   0 -25.15  -42.95  0.22E-11
1990   5  28   0 -25.10  -42.95  0.22E-11
1990   5  28   0 -25.05  -42.95  0.17E-11
1990   5  28   0 -25.00  -42.95  0.38E-11
1990   5  28   0 -24.95  -42.95  0.23E-11
1990   5  28   0 -24.90  -42.95  0.76E-12
1990   5  28   0 -24.85  -42.95  0.20E-11
1990   5  28   0 -24.80  -42.95  0.18E-11
1990   5  28   0 -24.75  -42.95  0.21E-11
1990   5  28   0 -24.70  -42.95  0.23E-11
1990   5  28   0 -24.65  -42.95  0.32E-11
1990   5  28   0 -24.60  -42.95  0.30E-11
1990   5  28   0 -24.55  -42.95  0.38E-11
1990   5  28   0 -24.50  -42.95  0.34E-11
1990   5  28   0 -24.45  -42.95  0.32E-11
1990   5  28   0 -24.40  -42.95  0.32E-11
1990   5  28   0 -24.35  -42.95  0.16E-11
1990   5  28   0 -24.30  -42.95  0.22E-11
1990   5  28   0 -24.25  -42.95  0.20E-11
1990   5  28   0 -24.20  -42.95  0.94E-12
1990   5  28   0 -24.15  -42.95  0.23E-11
1990   5  28   0 -24.10  -42.95  0.42E-12
1990   5  28   0 -24.05  -42.95  0.17E-11
1990   5  28   0 -24.00  -42.95  0.67E-12
1990   5  28   0 -23.95  -42.95  0.15E-11
1990   5  28   0 -23.90  -42.95  0.27E-11
1990   5  28   0 -23.85  -42.95  0.35E-11
1990   5  28   0 -23.80  -42.95  0.18E-11
1990   5  28   0 -23.75  -42.95  0.29E-11
1990   5  28   0 -23.70  -42.95  0.58E-11
1990   5  28   0 -23.65  -42.95  0.52E-11
1990   5  28   0 -23.60  -42.95  0.47E-11
1990   5  28   0 -23.55  -42.95  0.53E-11
1990   5  28   0 -23.50  -42.95  0.63E-11
1990   5  28   0 -23.45  -42.95  0.14E-11
1990   5  28   0 -23.40  -42.95  0.89E-11
1990   5  28   0 -23.35  -42.95  0.71E-11
1990   5  28   0 -23.30  -42.95  0.97E-11
1990   5  28   0 -23.25  -42.95  0.72E-11
1990   5  28   0 -23.20  -42.95  0.80E-11
1990   5  28   0 -23.15  -42.95  0.71E-11
1990   5  28   0 -23.10  -42.95  0.63E-11
1990   5  28   0 -23.05  -42.95  0.53E-12
1990   5  28   0 -26.40  -42.90  0.35E-12
1990   5  28   0 -26.15  -42.90  0.12E-11
1990   5  28   0 -26.10  -42.90  0.36E-12
1990   5  28   0 -26.05  -42.90  0.20E-11
1990   5  28   0 -26.00  -42.90  0.12E-11
1990   5  28   0 -25.95  -42.90  0.12E-11
1990   5  28   0 -25.90  -42.90  0.16E-11
1990   5  28   0 -25.85  -42.90  0.49E-12
1990   5  28   0 -25.75  -42.90  0.12E-11
1990   5  28   0 -25.70  -42.90  0.16E-11
1990   5  28   0 -25.65  -42.90  0.16E-11
1990   5  28   0 -25.60  -42.90  0.23E-11
1990   5  28   0 -25.55  -42.90  0.60E-11
1990   5  28   0 -25.50  -42.90  0.60E-11
1990   5  28   0 -25.45  -42.90  0.44E-11
1990   5  28   0 -25.40  -42.90  0.32E-11
1990   5  28   0 -25.35  -42.90  0.35E-11
1990   5  28   0 -25.30  -42.90  0.20E-11
1990   5  28   0 -25.25  -42.90  0.53E-11
1990   5  28   0 -25.20  -42.90  0.42E-11
1990   5  28   0 -25.15  -42.90  0.32E-11
1990   5  28   0 -25.10  -42.90  0.16E-11
1990   5  28   0 -25.05  -42.90  0.31E-11
1990   5  28   0 -25.00  -42.90  0.34E-11
1990   5  28   0 -24.95  -42.90  0.45E-11
1990   5  28   0 -24.90  -42.90  0.10E-11
1990   5  28   0 -24.85  -42.90  0.14E-11
1990   5  28   0 -24.80  -42.90  0.32E-11
1990   5  28   0 -24.75  -42.90  0.18E-11
1990   5  28   0 -24.70  -42.90  0.14E-11
1990   5  28   0 -24.65  -42.90  0.22E-11
1990   5  28   0 -24.60  -42.90  0.33E-11
1990   5  28   0 -24.55  -42.90  0.30E-11
1990   5  28   0 -24.50  -42.90  0.27E-11
1990   5  28   0 -24.45  -42.90  0.25E-11
1990   5  28   0 -24.40  -42.90  0.27E-11
1990   5  28   0 -24.35  -42.90  0.50E-12
1990   5  28   0 -24.30  -42.90  0.12E-11
1990   5  28   0 -24.25  -42.90  0.26E-11
1990   5  28   0 -24.20  -42.90  0.22E-11
1990   5  28   0 -24.15  -42.90  0.35E-11
1990   5  28   0 -24.10  -42.90  0.33E-11
1990   5  28   0 -24.05  -42.90  0.35E-11
1990   5  28   0 -24.00  -42.90  0.26E-11
1990   5  28   0 -23.95  -42.90  0.15E-11
1990   5  28   0 -23.90  -42.90  0.21E-11
1990   5  28   0 -23.85  -42.90  0.13E-11
1990   5  28   0 -23.80  -42.90  0.50E-11
1990   5  28   0 -23.75  -42.90  0.77E-12
1990   5  28   0 -23.70  -42.90  0.26E-11
1990   5  28   0 -23.65  -42.90  0.15E-11
1990   5  28   0 -23.60  -42.90  0.51E-11
1990   5  28   0 -23.55  -42.90  0.40E-11
1990   5  28   0 -23.50  -42.90  0.51E-11
1990   5  28   0 -23.45  -42.90  0.39E-11
1990   5  28   0 -23.40  -42.90  0.24E-11
1990   5  28   0 -23.35  -42.90  0.27E-11
1990   5  28   0 -23.30  -42.90  0.19E-11
1990   5  28   0 -23.25  -42.90  0.18E-11
1990   5  28   0 -23.20  -42.90  0.18E-11
1990   5  28   0 -23.15  -42.90  0.53E-12
1990   5  28   0 -26.40  -42.85  0.35E-12
1990   5  28   0 -26.30  -42.85  0.40E-12
1990   5  28   0 -26.25  -42.85  0.81E-12
1990   5  28   0 -26.15  -42.85  0.12E-11
1990   5  28   0 -26.10  -42.85  0.12E-11
1990   5  28   0 -26.05  -42.85  0.36E-12
1990   5  28   0 -26.00  -42.85  0.64E-12
1990   5  28   0 -25.95  -42.85  0.17E-11
1990   5  28   0 -25.90  -42.85  0.21E-11
1990   5  28   0 -25.85  -42.85  0.17E-11
1990   5  28   0 -25.80  -42.85  0.18E-11
1990   5  28   0 -25.75  -42.85  0.18E-11
1990   5  28   0 -25.70  -42.85  0.14E-11
1990   5  28   0 -25.65  -42.85  0.17E-11
1990   5  28   0 -25.60  -42.85  0.27E-11
1990   5  28   0 -25.55  -42.85  0.12E-11
1990   5  28   0 -25.50  -42.85  0.30E-11
1990   5  28   0 -25.45  -42.85  0.32E-11
1990   5  28   0 -25.40  -42.85  0.33E-11
1990   5  28   0 -25.35  -42.85  0.21E-11
1990   5  28   0 -25.30  -42.85  0.21E-11
1990   5  28   0 -25.25  -42.85  0.14E-11
1990   5  28   0 -25.20  -42.85  0.35E-11
1990   5  28   0 -25.15  -42.85  0.26E-11
1990   5  28   0 -25.10  -42.85  0.26E-11
1990   5  28   0 -25.05  -42.85  0.21E-11
1990   5  28   0 -25.00  -42.85  0.25E-11
1990   5  28   0 -24.95  -42.85  0.16E-11
1990   5  28   0 -24.90  -42.85  0.14E-11
1990   5  28   0 -24.85  -42.85  0.22E-11
1990   5  28   0 -24.80  -42.85  0.92E-12
1990   5  28   0 -24.75  -42.85  0.22E-11
1990   5  28   0 -24.70  -42.85  0.92E-12
1990   5  28   0 -24.65  -42.85  0.16E-11
1990   5  28   0 -24.60  -42.85  0.21E-11
1990   5  28   0 -24.55  -42.85  0.27E-11
1990   5  28   0 -24.50  -42.85  0.16E-11
1990   5  28   0 -24.45  -42.85  0.12E-11
1990   5  28   0 -24.40  -42.85  0.34E-11
1990   5  28   0 -24.35  -42.85  0.14E-11
1990   5  28   0 -24.30  -42.85  0.22E-11
1990   5  28   0 -24.25  -42.85  0.29E-11
1990   5  28   0 -24.20  -42.85  0.24E-11
1990   5  28   0 -24.15  -42.85  0.35E-11
1990   5  28   0 -24.10  -42.85  0.15E-11
1990   5  28   0 -24.05  -42.85  0.37E-11
1990   5  28   0 -24.00  -42.85  0.14E-11
1990   5  28   0 -23.95  -42.85  0.14E-11
1990   5  28   0 -23.90  -42.85  0.14E-11
1990   5  28   0 -23.85  -42.85  0.23E-11
1990   5  28   0 -23.80  -42.85  0.16E-11
1990   5  28   0 -23.75  -42.85  0.94E-12
1990   5  28   0 -23.70  -42.85  0.23E-11
1990   5  28   0 -23.65  -42.85  0.16E-11
1990   5  28   0 -23.60  -42.85  0.40E-11
1990   5  28   0 -23.55  -42.85  0.24E-11
1990   5  28   0 -23.50  -42.85  0.16E-11
1990   5  28   0 -23.45  -42.85  0.23E-11
1990   5  28   0 -23.40  -42.85  0.79E-12
1990   5  28   0 -23.35  -42.85  0.70E-12
1990   5  28   0 -23.30  -42.85  0.53E-12
1990   5  28   0 -23.25  -42.85  0.26E-12
1990   5  28   0 -26.20  -42.80  0.81E-12
1990   5  28   0 -26.15  -42.80  0.12E-11
1990   5  28   0 -26.10  -42.80  0.12E-11
1990   5  28   0 -26.05  -42.80  0.16E-11
1990   5  28   0 -26.00  -42.80  0.12E-11
1990   5  28   0 -25.70  -42.80  0.74E-12
1990   5  28   0 -25.65  -42.80  0.12E-11
1990   5  28   0 -25.60  -42.80  0.18E-11
1990   5  28   0 -25.55  -42.80  0.21E-11
1990   5  28   0 -25.50  -42.80  0.82E-12
1990   5  28   0 -25.45  -42.80  0.22E-11
1990   5  28   0 -25.40  -42.80  0.21E-11
1990   5  28   0 -25.35  -42.80  0.13E-11
1990   5  28   0 -25.30  -42.80  0.25E-11
1990   5  28   0 -25.25  -42.80  0.23E-11
1990   5  28   0 -25.20  -42.80  0.24E-11
1990   5  28   0 -25.15  -42.80  0.19E-11
1990   5  28   0 -25.10  -42.80  0.28E-11
1990   5  28   0 -25.05  -42.80  0.41E-11
1990   5  28   0 -25.00  -42.80  0.37E-11
1990   5  28   0 -24.95  -42.80  0.19E-11
1990   5  28   0 -24.90  -42.80  0.16E-11
1990   5  28   0 -24.85  -42.80  0.10E-11
1990   5  28   0 -24.80  -42.80  0.77E-12
1990   5  28   0 -24.75  -42.80  0.12E-11
1990   5  28   0 -24.70  -42.80  0.20E-11
1990   5  28   0 -24.65  -42.80  0.93E-12
1990   5  28   0 -24.60  -42.80  0.34E-11
1990   5  28   0 -24.55  -42.80  0.10E-11
1990   5  28   0 -24.50  -42.80  0.20E-11
1990   5  28   0 -24.45  -42.80  0.22E-11
1990   5  28   0 -24.40  -42.80  0.51E-12
1990   5  28   0 -24.35  -42.80  0.26E-11
1990   5  28   0 -24.30  -42.80  0.24E-11
1990   5  28   0 -24.25  -42.80  0.22E-11
1990   5  28   0 -24.20  -42.80  0.29E-11
1990   5  28   0 -24.15  -42.80  0.26E-12
1990   5  28   0 -24.10  -42.80  0.23E-11
1990   5  28   0 -24.05  -42.80  0.38E-11
1990   5  28   0 -24.00  -42.80  0.16E-11
1990   5  28   0 -23.95  -42.80  0.94E-12
1990   5  28   0 -23.90  -42.80  0.13E-11
1990   5  28   0 -23.85  -42.80  0.14E-11
1990   5  28   0 -23.80  -42.80  0.42E-12
1990   5  28   0 -23.75  -42.80  0.18E-11
1990   5  28   0 -23.70  -42.80  0.94E-12
1990   5  28   0 -23.60  -42.80  0.26E-12
1990   5  28   0 -23.55  -42.80  0.25E-11
1990   5  28   0 -23.50  -42.80  0.26E-12
1990   5  28   0 -23.45  -42.80  0.79E-12
1990   5  28   0 -23.40  -42.80  0.53E-12
1990   5  28   0 -23.30  -42.80  0.26E-12
1990   5  28   0 -26.25  -42.75  0.35E-12
1990   5  28   0 -26.10  -42.75  0.82E-12
1990   5  28   0 -26.05  -42.75  0.24E-11
1990   5  28   0 -26.00  -42.75  0.20E-11
1990   5  28   0 -25.95  -42.75  0.40E-12
1990   5  28   0 -25.90  -42.75  0.40E-12
1990   5  28   0 -25.75  -42.75  0.74E-12
1990   5  28   0 -25.70  -42.75  0.13E-11
1990   5  28   0 -25.65  -42.75  0.12E-11
1990   5  28   0 -25.55  -42.75  0.40E-12
1990   5  28   0 -25.40  -42.75  0.27E-11
1990   5  28   0 -25.35  -42.75  0.21E-11
1990   5  28   0 -25.30  -42.75  0.29E-11
1990   5  28   0 -25.25  -42.75  0.44E-11
1990   5  28   0 -25.20  -42.75  0.51E-11
1990   5  28   0 -25.15  -42.75  0.38E-11
1990   5  28   0 -25.10  -42.75  0.15E-11
1990   5  28   0 -25.05  -42.75  0.13E-11
1990   5  28   0 -25.00  -42.75  0.26E-11
1990   5  28   0 -24.95  -42.75  0.10E-11
1990   5  28   0 -24.90  -42.75  0.10E-11
1990   5  28   0 -24.85  -42.75  0.22E-11
1990   5  28   0 -24.80  -42.75  0.26E-12
1990   5  28   0 -24.75  -42.75  0.20E-11
1990   5  28   0 -24.70  -42.75  0.29E-11
1990   5  28   0 -24.65  -42.75  0.18E-11
1990   5  28   0 -24.55  -42.75  0.67E-12
1990   5  28   0 -24.50  -42.75  0.18E-11
1990   5  28   0 -24.45  -42.75  0.24E-11
1990   5  28   0 -24.40  -42.75  0.15E-11
1990   5  28   0 -24.35  -42.75  0.13E-11
1990   5  28   0 -24.30  -42.75  0.23E-11
1990   5  28   0 -24.25  -42.75  0.13E-11
1990   5  28   0 -24.20  -42.75  0.13E-11
1990   5  28   0 -24.15  -42.75  0.26E-12
1990   5  28   0 -24.10  -42.75  0.11E-11
1990   5  28   0 -24.05  -42.75  0.21E-11
1990   5  28   0 -24.00  -42.75  0.22E-11
1990   5  28   0 -23.90  -42.75  0.11E-11
1990   5  28   0 -23.85  -42.75  0.77E-12
1990   5  28   0 -23.80  -42.75  0.25E-11
1990   5  28   0 -23.75  -42.75  0.94E-12
1990   5  28   0 -23.70  -42.75  0.86E-12
1990   5  28   0 -23.55  -42.75  0.52E-12
1990   5  28   0 -23.45  -42.75  0.26E-12
1990   5  28   0 -23.40  -42.75  0.26E-12
1990   5  28   0 -26.20  -42.70  0.11E-11
1990   5  28   0 -26.15  -42.70  0.70E-12
1990   5  28   0 -25.95  -42.70  0.41E-12
1990   5  28   0 -25.90  -42.70  0.81E-12
1990   5  28   0 -25.85  -42.70  0.15E-11
1990   5  28   0 -25.80  -42.70  0.75E-12
1990   5  28   0 -25.60  -42.70  0.49E-12
1990   5  28   0 -25.55  -42.70  0.74E-12
1990   5  28   0 -25.50  -42.70  0.49E-12
1990   5  28   0 -25.45  -42.70  0.49E-12
1990   5  28   0 -25.40  -42.70  0.11E-11
1990   5  28   0 -25.35  -42.70  0.11E-11
1990   5  28   0 -25.30  -42.70  0.13E-11
1990   5  28   0 -25.25  -42.70  0.17E-11
1990   5  28   0 -25.20  -42.70  0.84E-12
1990   5  28   0 -25.15  -42.70  0.31E-11
1990   5  28   0 -25.10  -42.70  0.18E-11
1990   5  28   0 -25.05  -42.70  0.24E-11
1990   5  28   0 -25.00  -42.70  0.84E-12
1990   5  28   0 -24.95  -42.70  0.19E-11
1990   5  28   0 -24.90  -42.70  0.68E-12
1990   5  28   0 -24.85  -42.70  0.24E-11
1990   5  28   0 -24.80  -42.70  0.41E-12
1990   5  28   0 -24.75  -42.70  0.41E-12
1990   5  28   0 -24.70  -42.70  0.12E-11
1990   5  28   0 -24.60  -42.70  0.15E-11
1990   5  28   0 -24.55  -42.70  0.25E-12
1990   5  28   0 -24.50  -42.70  0.50E-12
1990   5  28   0 -24.45  -42.70  0.17E-11
1990   5  28   0 -24.40  -42.70  0.67E-12
1990   5  28   0 -24.30  -42.70  0.51E-12
1990   5  28   0 -24.20  -42.70  0.92E-12
1990   5  28   0 -24.10  -42.70  0.93E-12
1990   5  28   0 -24.05  -42.70  0.51E-12
1990   5  28   0 -24.00  -42.70  0.11E-11
1990   5  28   0 -23.95  -42.70  0.29E-11
1990   5  28   0 -23.90  -42.70  0.14E-11
1990   5  28   0 -23.80  -42.70  0.93E-12
1990   5  28   0 -23.70  -42.70  0.10E-11
1990   5  28   0 -23.65  -42.70  0.26E-12
1990   5  28   0 -23.60  -42.70  0.26E-12
1990   5  28   0 -26.20  -42.65  0.40E-12
1990   5  28   0 -26.15  -42.65  0.40E-12
1990   5  28   0 -26.10  -42.65  0.70E-12
1990   5  28   0 -26.05  -42.65  0.70E-12
1990   5  28   0 -26.00  -42.65  0.71E-12
1990   5  28   0 -25.35  -42.65  0.41E-12
1990   5  28   0 -25.15  -42.65  0.25E-12
1990   5  28   0 -25.10  -42.65  0.25E-11
1990   5  28   0 -25.05  -42.65  0.24E-11
1990   5  28   0 -25.00  -42.65  0.39E-11
1990   5  28   0 -24.95  -42.65  0.29E-11
1990   5  28   0 -24.90  -42.65  0.22E-11
1990   5  28   0 -24.85  -42.65  0.14E-11
1990   5  28   0 -24.80  -42.65  0.92E-12
1990   5  28   0 -24.75  -42.65  0.67E-12
1990   5  28   0 -24.70  -42.65  0.13E-11
1990   5  28   0 -24.65  -42.65  0.50E-12
1990   5  28   0 -24.60  -42.65  0.13E-11
1990   5  28   0 -24.55  -42.65  0.11E-11
1990   5  28   0 -24.45  -42.65  0.22E-11
1990   5  28   0 -24.30  -42.65  0.21E-11
1990   5  28   0 -24.25  -42.65  0.51E-12
1990   5  28   0 -24.20  -42.65  0.11E-11
1990   5  28   0 -24.15  -42.65  0.41E-12
1990   5  28   0 -24.05  -42.65  0.42E-12
1990   5  28   0 -24.00  -42.65  0.13E-11
1990   5  28   0 -23.95  -42.65  0.26E-12
1990   5  28   0 -23.90  -42.65  0.26E-12
1990   5  28   0 -23.80  -42.65  0.86E-12
1990   5  28   0 -23.70  -42.65  0.26E-12
1990   5  28   0 -26.65  -42.60  0.35E-12
1990   5  28   0 -26.55  -42.60  0.41E-12
1990   5  28   0 -26.50  -42.60  0.36E-12
1990   5  28   0 -26.00  -42.60  0.41E-12
1990   5  28   0 -25.95  -42.60  0.35E-12
1990   5  28   0 -25.00  -42.60  0.76E-12
1990   5  28   0 -24.95  -42.60  0.51E-12
1990   5  28   0 -24.90  -42.60  0.12E-11
1990   5  28   0 -24.85  -42.60  0.10E-11
1990   5  28   0 -24.80  -42.60  0.68E-12
1990   5  28   0 -24.75  -42.60  0.93E-12
1990   5  28   0 -24.70  -42.60  0.83E-12
1990   5  28   0 -24.65  -42.60  0.92E-12
1990   5  28   0 -24.60  -42.60  0.25E-12
1990   5  28   0 -24.55  -42.60  0.42E-12
1990   5  28   0 -24.35  -42.60  0.42E-12
1990   5  28   0 -24.30  -42.60  0.26E-12
1990   5  28   0 -24.25  -42.60  0.51E-12
1990   5  28   0 -24.20  -42.60  0.84E-12
1990   5  28   0 -24.15  -42.60  0.67E-12
1990   5  28   0 -24.10  -42.60  0.42E-12
1990   5  28   0 -24.05  -42.60  0.50E-12
1990   5  28   0 -24.00  -42.60  0.51E-12
1990   5  28   0 -23.90  -42.60  0.50E-12
1990   5  28   0 -26.55  -42.55  0.36E-12
1990   5  28   0 -26.50  -42.55  0.72E-12
1990   5  28   0 -26.45  -42.55  0.65E-12
1990   5  28   0 -26.40  -42.55  0.22E-12
1990   5  28   0 -26.20  -42.55  0.80E-12
1990   5  28   0 -25.00  -42.55  0.41E-12
1990   5  28   0 -24.65  -42.55  0.92E-12
1990   5  28   0 -24.60  -42.55  0.92E-12
1990   5  28   0 -24.50  -42.55  0.42E-12
1990   5  28   0 -24.45  -42.55  0.42E-12
1990   5  28   0 -24.40  -42.55  0.42E-12
1990   5  28   0 -24.35  -42.55  0.42E-12
1990   5  28   0 -24.30  -42.55  0.25E-12
1990   5  28   0 -26.55  -42.50  0.81E-12
1990   5  28   0 -26.50  -42.50  0.81E-12
1990   5  28   0 -26.20  -42.50  0.41E-12
1990   5  28   0 -26.15  -42.50  0.12E-11
1990   5  28   0 -26.10  -42.50  0.81E-12
1990   5  28   0 -26.05  -42.50  0.40E-12
1990   5  28   0 -25.85  -42.50  0.40E-12
1990   5  28   0 -24.90  -42.50  0.12E-11
1990   5  28   0 -24.70  -42.50  0.10E-11
1990   5  28   0 -24.65  -42.50  0.25E-12
1990   5  28   0 -24.60  -42.50  0.67E-12
1990   5  28   0 -24.55  -42.50  0.84E-12
1990   5  28   0 -24.50  -42.50  0.84E-12
1990   5  28   0 -24.30  -42.50  0.42E-12
1990   5  28   0 -24.25  -42.50  0.17E-11
1990   5  28   0 -24.15  -42.50  0.42E-12
1990   5  28   0 -26.45  -42.45  0.41E-12
1990   5  28   0 -26.05  -42.45  0.40E-12
1990   5  28   0 -26.00  -42.45  0.40E-12
1990   5  28   0 -25.95  -42.45  0.41E-12
1990   5  28   0 -25.90  -42.45  0.49E-12
1990   5  28   0 -25.65  -42.45  0.24E-12
1990   5  28   0 -25.60  -42.45  0.40E-12
1990   5  28   0 -25.55  -42.45  0.25E-12
1990   5  28   0 -25.00  -42.45  0.41E-12
1990   5  28   0 -24.95  -42.45  0.25E-11
1990   5  28   0 -24.90  -42.45  0.41E-12
1990   5  28   0 -24.65  -42.45  0.42E-12
1990   5  28   0 -24.55  -42.45  0.51E-12
1990   5  28   0 -24.50  -42.45  0.15E-11
1990   5  28   0 -24.25  -42.45  0.42E-12
1990   5  28   0 -26.10  -42.40  0.25E-12
1990   5  28   0 -25.90  -42.40  0.41E-12
1990   5  28   0 -25.85  -42.40  0.41E-12
1990   5  28   0 -25.65  -42.40  0.41E-12
1990   5  28   0 -25.45  -42.40  0.83E-12
1990   5  28   0 -25.40  -42.40  0.42E-12
1990   5  28   0 -24.90  -42.40  0.84E-12
1990   5  28   0 -24.85  -42.40  0.13E-11
1990   5  28   0 -24.60  -42.40  0.42E-12
1990   5  28   0 -24.55  -42.40  0.16E-11
1990   5  28   0 -26.60  -42.35  0.41E-12
1990   5  28   0 -26.55  -42.35  0.41E-12
1990   5  28   0 -25.55  -42.35  0.73E-12
1990   5  28   0 -25.50  -42.35  0.73E-12
1990   5  28   0 -25.45  -42.35  0.12E-11
1990   5  28   0 -25.25  -42.35  0.42E-12
1990   5  28   0 -24.80  -42.35  0.13E-11
1990   5  28   0 -24.55  -42.35  0.42E-12
1990   5  28   0 -24.50  -42.35  0.51E-12
1990   5  28   0 -26.45  -42.30  0.41E-12
1990   5  28   0 -26.40  -42.30  0.82E-12
1990   5  28   0 -25.75  -42.30  0.40E-12
1990   5  28   0 -25.25  -42.30  0.42E-12
1990   5  28   0 -25.20  -42.30  0.84E-12
1990   5  28   0 -24.50  -42.30  0.13E-11
1990   5  28   0 -24.45  -42.30  0.42E-12
1990   5  28   0 -25.30  -42.25  0.84E-12
1990   5  28   0 -25.25  -42.25  0.42E-12
1990   5  28   0 -25.15  -42.25  0.13E-11
1990   5  28   0 -25.10  -42.25  0.42E-12
1990   5  28   0 -26.60  -42.20  0.35E-12
1990   5  28   0 -26.55  -42.20  0.35E-12
1990   5  28   0 -26.50  -42.20  0.35E-12
1990   5  28   0 -26.25  -42.20  0.40E-12
1990   5  28   0 -26.20  -42.20  0.81E-12
1990   5  28   0 -26.15  -42.20  0.41E-12
1990   5  28   0 -25.20  -42.20  0.42E-12
1990   5  28   0 -25.15  -42.20  0.85E-12
1990   5  28   0 -25.10  -42.20  0.42E-12
1990   5  28   0 -26.00  -42.15  0.40E-12
1990   5  28   0 -25.90  -42.15  0.40E-12
1990   5  28   0 -25.65  -42.15  0.51E-12
1990   5  28   0 -25.85  -42.10  0.40E-12
1990   5  28   0 -25.80  -42.10  0.81E-12
1990   5  28   0 -26.60  -42.05  0.41E-12
