YEAR  MO  DA  HR    LAT     LON Rn2200010
1995  12   2  12 -20.60  -48.65  0.44E-12
1995  12   2  12 -20.65  -48.60  0.44E-12
1995  12   2  12 -20.60  -48.60  0.44E-12
1995  12   2  12 -20.55  -48.60  0.51E-12
1995  12   2  12 -20.50  -48.60  0.14E-11
1995  12   2  12 -20.60  -48.55  0.10E-11
1995  12   2  12 -20.50  -48.55  0.11E-11
1995  12   2  12 -20.45  -48.55  0.11E-11
1995  12   2  12 -20.55  -48.50  0.15E-11
1995  12   2  12 -20.50  -48.50  0.56E-12
1995  12   2  12 -20.45  -48.50  0.28E-11
1995  12   2  12 -20.55  -48.45  0.51E-12
1995  12   2  12 -20.50  -48.45  0.10E-11
1995  12   2  12 -20.45  -48.45  0.56E-12
1995  12   2  12 -20.40  -48.45  0.18E-11
1995  12   2  12 -20.35  -48.45  0.19E-11
1995  12   2  12 -20.55  -48.40  0.10E-11
1995  12   2  12 -20.50  -48.40  0.15E-11
1995  12   2  12 -20.45  -48.40  0.24E-11
1995  12   2  12 -20.40  -48.40  0.19E-11
1995  12   2  12 -20.35  -48.40  0.46E-11
1995  12   2  12 -20.30  -48.40  0.45E-11
1995  12   2  12 -20.50  -48.35  0.21E-11
1995  12   2  12 -20.45  -48.35  0.44E-11
1995  12   2  12 -20.40  -48.35  0.26E-11
1995  12   2  12 -20.35  -48.35  0.45E-11
1995  12   2  12 -20.30  -48.35  0.60E-11
1995  12   2  12 -20.25  -48.35  0.38E-11
1995  12   2  12 -20.45  -48.30  0.33E-11
1995  12   2  12 -20.40  -48.30  0.47E-11
1995  12   2  12 -20.35  -48.30  0.67E-11
1995  12   2  12 -20.30  -48.30  0.53E-11
1995  12   2  12 -20.25  -48.30  0.77E-11
1995  12   2  12 -20.20  -48.30  0.23E-11
1995  12   2  12 -20.45  -48.25  0.10E-11
1995  12   2  12 -20.40  -48.25  0.50E-11
1995  12   2  12 -20.35  -48.25  0.55E-11
1995  12   2  12 -20.30  -48.25  0.97E-11
1995  12   2  12 -20.25  -48.25  0.11E-10
1995  12   2  12 -20.20  -48.25  0.15E-10
1995  12   2  12 -20.15  -48.25  0.61E-11
1995  12   2  12 -20.40  -48.20  0.11E-11
1995  12   2  12 -20.35  -48.20  0.34E-11
1995  12   2  12 -20.30  -48.20  0.11E-10
1995  12   2  12 -20.25  -48.20  0.65E-11
1995  12   2  12 -20.20  -48.20  0.27E-10
1995  12   2  12 -20.15  -48.20  0.22E-10
1995  12   2  12 -20.10  -48.20  0.23E-11
1995  12   2  12 -20.40  -48.15  0.53E-12
1995  12   2  12 -20.35  -48.15  0.53E-12
1995  12   2  12 -20.30  -48.15  0.44E-11
1995  12   2  12 -20.25  -48.15  0.19E-10
1995  12   2  12 -20.20  -48.15  0.19E-10
1995  12   2  12 -20.15  -48.15  0.37E-10
1995  12   2  12 -20.10  -48.15  0.14E-10
1995  12   2  12 -20.25  -48.10  0.93E-11
1995  12   2  12 -20.20  -48.10  0.27E-10
1995  12   2  12 -20.15  -48.10  0.38E-10
1995  12   2  12 -20.10  -48.10  0.52E-10
1995  12   2  12 -20.05  -48.10  0.35E-11
1995  12   2  12 -20.20  -48.05  0.91E-11
1995  12   2  12 -20.15  -48.05  0.51E-10
1995  12   2  12 -20.10  -48.05  0.78E-10
1995  12   2  12 -20.05  -48.05  0.69E-10
1995  12   2  12 -20.15  -48.00  0.15E-10
1995  12   2  12 -20.10  -48.00  0.10E-09
1995  12   2  12 -20.05  -48.00  0.16E-09
1995  12   2  12 -20.00  -48.00  0.11E-10
1995  12   2  12 -20.10  -47.95  0.12E-10
1995  12   2  12 -20.05  -47.95  0.33E-09
1995  12   2  12 -20.00  -47.95  0.28E-09
1995  12   2  12 -20.05  -47.90  0.62E-10
1995  12   2  12 -20.00  -47.90  0.14E-08
1995  12   2  12 -20.00  -47.85  0.14E-10
1995  12   3   0 -20.60  -49.00  0.10E-11
1995  12   3   0 -20.65  -48.95  0.67E-12
1995  12   3   0 -20.40  -48.95  0.77E-12
1995  12   3   0 -20.70  -48.90  0.67E-12
1995  12   3   0 -20.60  -48.90  0.10E-11
1995  12   3   0 -20.45  -48.90  0.78E-12
1995  12   3   0 -20.85  -48.85  0.11E-11
1995  12   3   0 -20.75  -48.85  0.62E-12
1995  12   3   0 -20.70  -48.85  0.16E-11
1995  12   3   0 -20.55  -48.85  0.77E-12
1995  12   3   0 -20.45  -48.85  0.78E-12
1995  12   3   0 -20.90  -48.80  0.81E-12
1995  12   3   0 -20.85  -48.80  0.54E-12
1995  12   3   0 -20.80  -48.80  0.14E-11
1995  12   3   0 -20.75  -48.80  0.28E-11
1995  12   3   0 -20.70  -48.80  0.12E-11
1995  12   3   0 -20.65  -48.80  0.30E-11
1995  12   3   0 -20.60  -48.80  0.10E-11
1995  12   3   0 -20.95  -48.75  0.43E-12
1995  12   3   0 -20.85  -48.75  0.12E-11
1995  12   3   0 -20.80  -48.75  0.21E-11
1995  12   3   0 -20.75  -48.75  0.21E-11
1995  12   3   0 -20.70  -48.75  0.17E-11
1995  12   3   0 -20.65  -48.75  0.12E-11
1995  12   3   0 -20.60  -48.75  0.12E-11
1995  12   3   0 -20.55  -48.75  0.12E-11
1995  12   3   0 -21.25  -48.70  0.71E-12
1995  12   3   0 -21.00  -48.70  0.12E-11
1995  12   3   0 -20.90  -48.70  0.10E-11
1995  12   3   0 -20.85  -48.70  0.62E-12
1995  12   3   0 -20.80  -48.70  0.25E-11
1995  12   3   0 -20.75  -48.70  0.18E-11
1995  12   3   0 -20.70  -48.70  0.24E-11
1995  12   3   0 -20.65  -48.70  0.27E-11
1995  12   3   0 -20.60  -48.70  0.44E-12
1995  12   3   0 -20.85  -48.65  0.25E-11
1995  12   3   0 -20.80  -48.65  0.32E-11
1995  12   3   0 -20.75  -48.65  0.41E-11
1995  12   3   0 -20.70  -48.65  0.11E-11
1995  12   3   0 -20.65  -48.65  0.12E-11
1995  12   3   0 -20.50  -48.65  0.78E-12
1995  12   3   0 -20.40  -48.65  0.79E-12
1995  12   3   0 -20.85  -48.60  0.12E-11
1995  12   3   0 -20.80  -48.60  0.30E-11
1995  12   3   0 -20.75  -48.60  0.23E-11
1995  12   3   0 -20.70  -48.60  0.18E-11
1995  12   3   0 -20.65  -48.60  0.42E-11
1995  12   3   0 -20.55  -48.60  0.12E-11
1995  12   3   0 -20.35  -48.60  0.82E-12
1995  12   3   0 -20.85  -48.55  0.14E-11
1995  12   3   0 -20.80  -48.55  0.31E-11
1995  12   3   0 -20.75  -48.55  0.50E-12
1995  12   3   0 -20.70  -48.55  0.18E-11
1995  12   3   0 -20.65  -48.55  0.39E-11
1995  12   3   0 -20.60  -48.55  0.13E-11
1995  12   3   0 -20.20  -48.55  0.80E-12
1995  12   3   0 -20.80  -48.50  0.85E-12
1995  12   3   0 -20.75  -48.50  0.41E-11
1995  12   3   0 -20.70  -48.50  0.59E-11
1995  12   3   0 -20.65  -48.50  0.65E-11
1995  12   3   0 -20.60  -48.50  0.28E-11
1995  12   3   0 -20.55  -48.50  0.17E-11
1995  12   3   0 -20.50  -48.50  0.12E-11
1995  12   3   0 -20.45  -48.50  0.82E-12
1995  12   3   0 -20.25  -48.50  0.80E-12
1995  12   3   0 -20.90  -48.45  0.12E-11
1995  12   3   0 -20.85  -48.45  0.12E-11
1995  12   3   0 -20.80  -48.45  0.17E-11
1995  12   3   0 -20.75  -48.45  0.26E-11
1995  12   3   0 -20.70  -48.45  0.38E-11
1995  12   3   0 -20.65  -48.45  0.47E-11
1995  12   3   0 -20.60  -48.45  0.34E-11
1995  12   3   0 -20.55  -48.45  0.55E-11
1995  12   3   0 -20.50  -48.45  0.18E-11
1995  12   3   0 -20.75  -48.40  0.27E-11
1995  12   3   0 -20.70  -48.40  0.33E-11
1995  12   3   0 -20.65  -48.40  0.78E-11
1995  12   3   0 -20.60  -48.40  0.50E-11
1995  12   3   0 -20.55  -48.40  0.31E-11
1995  12   3   0 -20.50  -48.40  0.18E-11
1995  12   3   0 -20.80  -48.35  0.21E-11
1995  12   3   0 -20.65  -48.35  0.44E-11
1995  12   3   0 -20.60  -48.35  0.28E-11
1995  12   3   0 -20.55  -48.35  0.74E-11
1995  12   3   0 -20.50  -48.35  0.37E-11
1995  12   3   0 -20.45  -48.35  0.23E-11
1995  12   3   0 -20.40  -48.35  0.12E-11
1995  12   3   0 -20.35  -48.35  0.12E-11
1995  12   3   0 -20.80  -48.30  0.65E-12
1995  12   3   0 -20.65  -48.30  0.40E-11
1995  12   3   0 -20.60  -48.30  0.13E-11
1995  12   3   0 -20.55  -48.30  0.36E-11
1995  12   3   0 -20.50  -48.30  0.17E-11
1995  12   3   0 -20.45  -48.30  0.34E-11
1995  12   3   0 -20.40  -48.30  0.11E-11
1995  12   3   0 -20.20  -48.30  0.12E-11
1995  12   3   0 -20.85  -48.25  0.13E-11
1995  12   3   0 -20.80  -48.25  0.86E-12
1995  12   3   0 -20.55  -48.25  0.25E-11
1995  12   3   0 -20.50  -48.25  0.26E-11
1995  12   3   0 -20.45  -48.25  0.43E-11
1995  12   3   0 -20.40  -48.25  0.83E-11
1995  12   3   0 -20.30  -48.25  0.12E-11
1995  12   3   0 -20.50  -48.20  0.12E-11
1995  12   3   0 -20.45  -48.20  0.13E-11
1995  12   3   0 -20.40  -48.20  0.44E-11
1995  12   3   0 -20.35  -48.20  0.74E-11
1995  12   3   0 -20.30  -48.20  0.16E-11
1995  12   3   0 -20.45  -48.15  0.85E-12
1995  12   3   0 -20.35  -48.15  0.10E-11
1995  12   3   0 -20.30  -48.15  0.26E-11
1995  12   3   0 -20.25  -48.15  0.10E-11
1995  12   3   0 -20.20  -48.15  0.13E-11
1995  12   3   0 -20.15  -48.15  0.13E-11
1995  12   3   0 -19.95  -48.15  0.84E-12
1995  12   3   0 -20.30  -48.10  0.62E-11
1995  12   3   0 -20.25  -48.10  0.11E-10
1995  12   3   0 -20.20  -48.10  0.10E-11
1995  12   3   0 -19.90  -48.10  0.18E-11
1995  12   3   0 -19.85  -48.10  0.17E-11
1995  12   3   0 -19.80  -48.10  0.87E-12
1995  12   3   0 -20.25  -48.05  0.26E-11
1995  12   3   0 -20.20  -48.05  0.75E-11
1995  12   3   0 -20.15  -48.05  0.50E-11
1995  12   3   0 -19.95  -48.05  0.18E-11
1995  12   3   0 -19.90  -48.05  0.62E-11
1995  12   3   0 -19.85  -48.05  0.26E-11
1995  12   3   0 -19.75  -48.05  0.83E-12
1995  12   3   0 -20.20  -48.00  0.21E-11
1995  12   3   0 -20.15  -48.00  0.73E-11
1995  12   3   0 -20.10  -48.00  0.53E-11
1995  12   3   0 -20.05  -48.00  0.13E-11
1995  12   3   0 -20.00  -48.00  0.84E-12
1995  12   3   0 -19.95  -48.00  0.54E-11
1995  12   3   0 -19.90  -48.00  0.53E-11
1995  12   3   0 -19.85  -48.00  0.60E-11
1995  12   3   0 -19.80  -48.00  0.87E-12
1995  12   3   0 -19.75  -48.00  0.17E-11
1995  12   3   0 -20.15  -47.95  0.22E-11
1995  12   3   0 -20.10  -47.95  0.13E-10
1995  12   3   0 -20.05  -47.95  0.22E-10
1995  12   3   0 -20.00  -47.95  0.30E-11
1995  12   3   0 -19.95  -47.95  0.23E-10
1995  12   3   0 -19.90  -47.95  0.53E-11
1995  12   3   0 -19.85  -47.95  0.18E-11
1995  12   3   0 -19.80  -47.95  0.86E-12
1995  12   3   0 -20.10  -47.90  0.89E-12
1995  12   3   0 -20.05  -47.90  0.24E-10
1995  12   3   0 -20.00  -47.90  0.44E-09
1995  12   3   0 -19.95  -47.90  0.67E-10
1995  12   3   0 -19.90  -47.90  0.12E-10
1995  12   3   0 -19.85  -47.90  0.87E-12
1995  12   3   0 -19.80  -47.90  0.51E-11
1995  12   3   0 -20.05  -47.85  0.13E-11
1995  12   3   0 -20.00  -47.85  0.15E-09
1995  12   3   0 -19.95  -47.85  0.36E-09
1995  12   3   0 -19.90  -47.85  0.19E-10
1995  12   3   0 -19.85  -47.85  0.12E-10
1995  12   3   0 -19.80  -47.85  0.35E-11
1995  12   3   0 -19.95  -47.80  0.10E-10
1995  12   3   0 -19.90  -47.80  0.72E-10
1995  12   3   0 -19.85  -47.80  0.20E-10
1995  12   3   0 -19.80  -47.80  0.13E-11
