YEAR  MO  DA  HR    LAT     LON Rn2200010
1997   9  15  12 -19.70  -48.10  0.51E-12
1997   9  15  12 -19.90  -48.05  0.44E-12
1997   9  15  12 -19.85  -48.05  0.42E-11
1997   9  15  12 -19.80  -48.05  0.53E-11
1997   9  15  12 -19.75  -48.05  0.11E-10
1997   9  15  12 -19.70  -48.05  0.12E-11
1997   9  15  12 -19.65  -48.05  0.12E-11
1997   9  15  12 -19.60  -48.05  0.63E-12
1997   9  15  12 -19.90  -48.00  0.14E-10
1997   9  15  12 -19.85  -48.00  0.16E-10
1997   9  15  12 -19.80  -48.00  0.20E-10
1997   9  15  12 -19.75  -48.00  0.89E-11
1997   9  15  12 -19.70  -48.00  0.46E-11
1997   9  15  12 -19.65  -48.00  0.56E-12
1997   9  15  12 -19.95  -47.95  0.23E-10
1997   9  15  12 -19.90  -47.95  0.44E-10
1997   9  15  12 -19.85  -47.95  0.33E-10
1997   9  15  12 -19.80  -47.95  0.91E-11
1997   9  15  12 -19.75  -47.95  0.58E-11
1997   9  15  12 -19.70  -47.95  0.56E-12
1997   9  15  12 -19.65  -47.95  0.11E-11
1997   9  15  12 -20.00  -47.90  0.41E-11
1997   9  15  12 -19.95  -47.90  0.23E-09
1997   9  15  12 -19.90  -47.90  0.38E-10
1997   9  15  12 -19.85  -47.90  0.11E-10
1997   9  15  12 -19.80  -47.90  0.59E-11
1997   9  15  12 -19.75  -47.90  0.11E-11
1997   9  15  12 -20.00  -47.85  0.67E-10
1997   9  15  12 -19.95  -47.85  0.68E-10
1997   9  15  12 -19.90  -47.85  0.27E-10
1997   9  15  12 -19.85  -47.85  0.58E-11
1997   9  15  12 -19.75  -47.85  0.75E-12
1997   9  15  12 -20.05  -47.80  0.15E-11
1997   9  15  12 -20.00  -47.80  0.16E-11
1997   9  15  12 -19.95  -47.80  0.12E-10
1997   9  15  12 -19.90  -47.80  0.25E-11
1997   9  15  12 -19.85  -47.80  0.15E-11
1997   9  15  12 -20.10  -47.75  0.23E-11
1997   9  15  12 -20.05  -47.75  0.12E-11
1997   9  15  12 -20.15  -47.70  0.76E-12
1997   9  16   0 -19.60  -48.20  0.15E-11
1997   9  16   0 -19.55  -48.20  0.51E-12
1997   9  16   0 -18.65  -48.20  0.13E-11
1997   9  16   0 -19.75  -48.15  0.13E-11
1997   9  16   0 -19.70  -48.15  0.43E-12
1997   9  16   0 -19.65  -48.15  0.43E-12
1997   9  16   0 -19.55  -48.15  0.51E-12
1997   9  16   0 -19.45  -48.15  0.63E-12
1997   9  16   0 -19.25  -48.15  0.60E-12
1997   9  16   0 -19.00  -48.15  0.49E-12
1997   9  16   0 -18.95  -48.15  0.51E-12
1997   9  16   0 -18.80  -48.15  0.47E-12
1997   9  16   0 -18.70  -48.15  0.48E-12
1997   9  16   0 -18.50  -48.15  0.94E-12
1997   9  16   0 -19.90  -48.10  0.42E-12
1997   9  16   0 -19.85  -48.10  0.17E-11
1997   9  16   0 -19.80  -48.10  0.32E-11
1997   9  16   0 -19.75  -48.10  0.18E-11
1997   9  16   0 -19.70  -48.10  0.49E-11
1997   9  16   0 -19.65  -48.10  0.43E-12
1997   9  16   0 -19.55  -48.10  0.15E-11
1997   9  16   0 -19.50  -48.10  0.63E-12
1997   9  16   0 -19.35  -48.10  0.62E-12
1997   9  16   0 -19.20  -48.10  0.62E-12
1997   9  16   0 -19.15  -48.10  0.11E-11
1997   9  16   0 -19.10  -48.10  0.60E-12
1997   9  16   0 -19.05  -48.10  0.16E-11
1997   9  16   0 -19.00  -48.10  0.95E-12
1997   9  16   0 -18.95  -48.10  0.98E-12
1997   9  16   0 -18.85  -48.10  0.50E-12
1997   9  16   0 -18.75  -48.10  0.96E-12
1997   9  16   0 -18.60  -48.10  0.95E-12
1997   9  16   0 -18.35  -48.10  0.48E-12
1997   9  16   0 -19.90  -48.05  0.35E-11
1997   9  16   0 -19.85  -48.05  0.13E-10
1997   9  16   0 -19.80  -48.05  0.76E-11
1997   9  16   0 -19.75  -48.05  0.73E-11
1997   9  16   0 -19.70  -48.05  0.55E-11
1997   9  16   0 -19.65  -48.05  0.50E-11
1997   9  16   0 -19.60  -48.05  0.18E-11
1997   9  16   0 -19.55  -48.05  0.28E-11
1997   9  16   0 -19.50  -48.05  0.17E-11
1997   9  16   0 -19.45  -48.05  0.18E-11
1997   9  16   0 -19.25  -48.05  0.12E-11
1997   9  16   0 -19.20  -48.05  0.13E-11
1997   9  16   0 -19.05  -48.05  0.97E-12
1997   9  16   0 -19.00  -48.05  0.49E-12
1997   9  16   0 -18.95  -48.05  0.49E-12
1997   9  16   0 -18.90  -48.05  0.47E-12
1997   9  16   0 -18.85  -48.05  0.49E-12
1997   9  16   0 -18.75  -48.05  0.47E-12
1997   9  16   0 -20.00  -48.00  0.41E-12
1997   9  16   0 -19.95  -48.00  0.17E-11
1997   9  16   0 -19.90  -48.00  0.15E-10
1997   9  16   0 -19.85  -48.00  0.12E-10
1997   9  16   0 -19.80  -48.00  0.61E-11
1997   9  16   0 -19.75  -48.00  0.52E-11
1997   9  16   0 -19.70  -48.00  0.49E-11
1997   9  16   0 -19.65  -48.00  0.12E-11
1997   9  16   0 -19.60  -48.00  0.16E-11
1997   9  16   0 -19.55  -48.00  0.24E-11
1997   9  16   0 -19.50  -48.00  0.29E-11
1997   9  16   0 -19.45  -48.00  0.63E-12
1997   9  16   0 -19.40  -48.00  0.13E-11
1997   9  16   0 -19.35  -48.00  0.12E-11
1997   9  16   0 -19.30  -48.00  0.12E-11
1997   9  16   0 -19.25  -48.00  0.12E-11
1997   9  16   0 -19.10  -48.00  0.48E-12
1997   9  16   0 -19.05  -48.00  0.40E-12
1997   9  16   0 -19.00  -48.00  0.59E-12
1997   9  16   0 -18.90  -48.00  0.41E-12
1997   9  16   0 -18.85  -48.00  0.47E-12
1997   9  16   0 -18.80  -48.00  0.48E-12
1997   9  16   0 -18.65  -48.00  0.95E-12
1997   9  16   0 -18.45  -48.00  0.47E-12
1997   9  16   0 -18.30  -48.00  0.47E-12
1997   9  16   0 -20.05  -47.95  0.84E-12
1997   9  16   0 -19.95  -47.95  0.25E-10
1997   9  16   0 -19.90  -47.95  0.20E-10
1997   9  16   0 -19.85  -47.95  0.93E-11
1997   9  16   0 -19.80  -47.95  0.39E-11
1997   9  16   0 -19.75  -47.95  0.45E-11
1997   9  16   0 -19.70  -47.95  0.50E-11
1997   9  16   0 -19.65  -47.95  0.66E-11
1997   9  16   0 -19.60  -47.95  0.51E-11
1997   9  16   0 -19.55  -47.95  0.19E-11
1997   9  16   0 -19.50  -47.95  0.13E-11
1997   9  16   0 -19.45  -47.95  0.18E-11
1997   9  16   0 -19.40  -47.95  0.25E-11
1997   9  16   0 -19.35  -47.95  0.30E-11
1997   9  16   0 -19.30  -47.95  0.15E-11
1997   9  16   0 -19.25  -47.95  0.50E-12
1997   9  16   0 -19.20  -47.95  0.22E-11
1997   9  16   0 -19.15  -47.95  0.17E-11
1997   9  16   0 -19.10  -47.95  0.17E-11
1997   9  16   0 -19.05  -47.95  0.15E-11
1997   9  16   0 -18.90  -47.95  0.21E-11
1997   9  16   0 -18.85  -47.95  0.15E-11
1997   9  16   0 -18.80  -47.95  0.21E-11
1997   9  16   0 -18.75  -47.95  0.48E-12
1997   9  16   0 -18.70  -47.95  0.46E-12
1997   9  16   0 -18.65  -47.95  0.48E-12
1997   9  16   0 -18.30  -47.95  0.46E-12
1997   9  16   0 -20.00  -47.90  0.75E-11
1997   9  16   0 -19.95  -47.90  0.99E-10
1997   9  16   0 -19.90  -47.90  0.11E-10
1997   9  16   0 -19.85  -47.90  0.37E-11
1997   9  16   0 -19.80  -47.90  0.28E-11
1997   9  16   0 -19.75  -47.90  0.30E-11
1997   9  16   0 -19.70  -47.90  0.38E-11
1997   9  16   0 -19.65  -47.90  0.23E-11
1997   9  16   0 -19.60  -47.90  0.25E-11
1997   9  16   0 -19.55  -47.90  0.25E-11
1997   9  16   0 -19.50  -47.90  0.22E-11
1997   9  16   0 -19.45  -47.90  0.24E-11
1997   9  16   0 -19.40  -47.90  0.22E-11
1997   9  16   0 -19.35  -47.90  0.47E-11
1997   9  16   0 -19.30  -47.90  0.17E-11
1997   9  16   0 -19.25  -47.90  0.27E-11
1997   9  16   0 -19.20  -47.90  0.31E-11
1997   9  16   0 -19.10  -47.90  0.64E-12
1997   9  16   0 -19.05  -47.90  0.61E-12
1997   9  16   0 -19.00  -47.90  0.62E-12
1997   9  16   0 -18.95  -47.90  0.97E-12
1997   9  16   0 -18.90  -47.90  0.97E-12
1997   9  16   0 -18.85  -47.90  0.60E-12
1997   9  16   0 -18.80  -47.90  0.48E-12
1997   9  16   0 -18.75  -47.90  0.49E-12
1997   9  16   0 -18.70  -47.90  0.47E-12
1997   9  16   0 -18.55  -47.90  0.49E-12
1997   9  16   0 -18.45  -47.90  0.48E-12
1997   9  16   0 -20.15  -47.85  0.42E-12
1997   9  16   0 -20.05  -47.85  0.91E-12
1997   9  16   0 -20.00  -47.85  0.43E-12
1997   9  16   0 -19.95  -47.85  0.55E-10
1997   9  16   0 -19.90  -47.85  0.23E-10
1997   9  16   0 -19.85  -47.85  0.45E-11
1997   9  16   0 -19.80  -47.85  0.41E-11
1997   9  16   0 -19.75  -47.85  0.60E-11
1997   9  16   0 -19.70  -47.85  0.44E-11
1997   9  16   0 -19.65  -47.85  0.41E-11
1997   9  16   0 -19.60  -47.85  0.18E-11
1997   9  16   0 -19.55  -47.85  0.61E-12
1997   9  16   0 -19.50  -47.85  0.26E-11
1997   9  16   0 -19.45  -47.85  0.23E-11
1997   9  16   0 -19.35  -47.85  0.12E-11
1997   9  16   0 -19.30  -47.85  0.12E-11
1997   9  16   0 -19.25  -47.85  0.15E-11
1997   9  16   0 -19.20  -47.85  0.34E-11
1997   9  16   0 -19.15  -47.85  0.17E-11
1997   9  16   0 -19.10  -47.85  0.16E-11
1997   9  16   0 -19.05  -47.85  0.51E-12
1997   9  16   0 -19.00  -47.85  0.51E-12
1997   9  16   0 -18.95  -47.85  0.17E-11
1997   9  16   0 -18.90  -47.85  0.47E-12
1997   9  16   0 -18.85  -47.85  0.18E-11
1997   9  16   0 -18.80  -47.85  0.47E-12
1997   9  16   0 -18.70  -47.85  0.14E-11
1997   9  16   0 -18.65  -47.85  0.61E-12
1997   9  16   0 -18.55  -47.85  0.96E-12
1997   9  16   0 -20.10  -47.80  0.49E-12
1997   9  16   0 -19.90  -47.80  0.88E-11
1997   9  16   0 -19.85  -47.80  0.12E-10
1997   9  16   0 -19.80  -47.80  0.61E-11
1997   9  16   0 -19.75  -47.80  0.31E-11
1997   9  16   0 -19.70  -47.80  0.24E-11
1997   9  16   0 -19.65  -47.80  0.10E-11
1997   9  16   0 -19.60  -47.80  0.29E-11
1997   9  16   0 -19.55  -47.80  0.12E-11
1997   9  16   0 -19.50  -47.80  0.38E-11
1997   9  16   0 -19.45  -47.80  0.11E-11
1997   9  16   0 -19.40  -47.80  0.18E-11
1997   9  16   0 -19.35  -47.80  0.12E-11
1997   9  16   0 -19.30  -47.80  0.12E-11
1997   9  16   0 -19.25  -47.80  0.15E-11
1997   9  16   0 -19.20  -47.80  0.98E-12
1997   9  16   0 -19.15  -47.80  0.25E-11
1997   9  16   0 -19.10  -47.80  0.11E-11
1997   9  16   0 -19.05  -47.80  0.21E-11
1997   9  16   0 -19.00  -47.80  0.15E-11
1997   9  16   0 -18.95  -47.80  0.48E-12
1997   9  16   0 -18.90  -47.80  0.96E-12
1997   9  16   0 -18.80  -47.80  0.47E-12
1997   9  16   0 -18.75  -47.80  0.49E-12
1997   9  16   0 -18.65  -47.80  0.48E-12
1997   9  16   0 -18.45  -47.80  0.48E-12
1997   9  16   0 -18.30  -47.80  0.48E-12
1997   9  16   0 -20.20  -47.75  0.36E-12
1997   9  16   0 -20.00  -47.75  0.60E-12
1997   9  16   0 -19.90  -47.75  0.52E-12
1997   9  16   0 -19.85  -47.75  0.51E-12
1997   9  16   0 -19.80  -47.75  0.26E-11
1997   9  16   0 -19.75  -47.75  0.29E-11
1997   9  16   0 -19.70  -47.75  0.51E-11
1997   9  16   0 -19.65  -47.75  0.21E-11
1997   9  16   0 -19.60  -47.75  0.23E-11
1997   9  16   0 -19.55  -47.75  0.17E-11
1997   9  16   0 -19.50  -47.75  0.18E-11
1997   9  16   0 -19.45  -47.75  0.64E-12
1997   9  16   0 -19.40  -47.75  0.11E-11
1997   9  16   0 -19.35  -47.75  0.10E-11
1997   9  16   0 -19.30  -47.75  0.12E-11
1997   9  16   0 -19.25  -47.75  0.13E-11
1997   9  16   0 -19.20  -47.75  0.92E-12
1997   9  16   0 -19.15  -47.75  0.29E-11
1997   9  16   0 -19.10  -47.75  0.62E-12
1997   9  16   0 -19.05  -47.75  0.20E-11
1997   9  16   0 -19.00  -47.75  0.26E-11
1997   9  16   0 -18.90  -47.75  0.16E-11
1997   9  16   0 -18.85  -47.75  0.14E-11
1997   9  16   0 -18.70  -47.75  0.48E-12
1997   9  16   0 -18.65  -47.75  0.48E-12
1997   9  16   0 -18.60  -47.75  0.94E-12
1997   9  16   0 -20.40  -47.70  0.36E-12
1997   9  16   0 -20.10  -47.70  0.99E-12
1997   9  16   0 -19.80  -47.70  0.43E-12
1997   9  16   0 -19.75  -47.70  0.10E-11
1997   9  16   0 -19.70  -47.70  0.63E-12
1997   9  16   0 -19.65  -47.70  0.13E-11
1997   9  16   0 -19.60  -47.70  0.16E-11
1997   9  16   0 -19.55  -47.70  0.31E-11
1997   9  16   0 -19.50  -47.70  0.10E-11
1997   9  16   0 -19.45  -47.70  0.63E-12
1997   9  16   0 -19.40  -47.70  0.10E-11
1997   9  16   0 -19.35  -47.70  0.51E-12
1997   9  16   0 -19.30  -47.70  0.17E-11
1997   9  16   0 -19.20  -47.70  0.62E-12
1997   9  16   0 -19.15  -47.70  0.16E-11
1997   9  16   0 -19.10  -47.70  0.46E-12
1997   9  16   0 -19.05  -47.70  0.46E-12
1997   9  16   0 -19.00  -47.70  0.16E-11
1997   9  16   0 -18.95  -47.70  0.49E-12
1997   9  16   0 -18.90  -47.70  0.95E-12
1997   9  16   0 -18.85  -47.70  0.94E-12
1997   9  16   0 -18.80  -47.70  0.49E-12
1997   9  16   0 -18.70  -47.70  0.46E-12
1997   9  16   0 -18.60  -47.70  0.40E-12
1997   9  16   0 -18.55  -47.70  0.48E-12
1997   9  16   0 -18.50  -47.70  0.88E-12
1997   9  16   0 -18.45  -47.70  0.48E-12
1997   9  16   0 -20.00  -47.65  0.61E-12
1997   9  16   0 -19.70  -47.65  0.10E-11
1997   9  16   0 -19.65  -47.65  0.50E-12
1997   9  16   0 -19.60  -47.65  0.53E-12
1997   9  16   0 -19.50  -47.65  0.52E-12
1997   9  16   0 -19.45  -47.65  0.18E-11
1997   9  16   0 -19.40  -47.65  0.11E-11
1997   9  16   0 -19.35  -47.65  0.63E-12
1997   9  16   0 -19.25  -47.65  0.46E-12
1997   9  16   0 -19.20  -47.65  0.12E-11
1997   9  16   0 -19.15  -47.65  0.99E-12
1997   9  16   0 -19.10  -47.65  0.14E-11
1997   9  16   0 -19.05  -47.65  0.50E-12
1997   9  16   0 -19.00  -47.65  0.46E-12
1997   9  16   0 -18.95  -47.65  0.11E-11
1997   9  16   0 -18.80  -47.65  0.46E-12
1997   9  16   0 -19.75  -47.60  0.10E-11
1997   9  16   0 -19.70  -47.60  0.60E-12
1997   9  16   0 -19.50  -47.60  0.51E-12
1997   9  16   0 -19.35  -47.60  0.58E-12
1997   9  16   0 -19.30  -47.60  0.99E-12
1997   9  16   0 -19.25  -47.60  0.16E-11
1997   9  16   0 -19.20  -47.60  0.96E-12
1997   9  16   0 -19.15  -47.60  0.51E-12
1997   9  16   0 -19.10  -47.60  0.48E-12
1997   9  16   0 -19.05  -47.60  0.12E-11
1997   9  16   0 -19.00  -47.60  0.10E-11
1997   9  16   0 -18.95  -47.60  0.97E-12
1997   9  16   0 -18.85  -47.60  0.13E-11
1997   9  16   0 -18.80  -47.60  0.47E-12
1997   9  16   0 -18.70  -47.60  0.14E-11
1997   9  16   0 -20.25  -47.55  0.78E-12
1997   9  16   0 -19.75  -47.55  0.60E-12
1997   9  16   0 -19.60  -47.55  0.11E-11
1997   9  16   0 -19.55  -47.55  0.63E-12
1997   9  16   0 -19.45  -47.55  0.51E-12
1997   9  16   0 -19.30  -47.55  0.51E-12
1997   9  16   0 -19.25  -47.55  0.62E-12
1997   9  16   0 -19.20  -47.55  0.60E-12
1997   9  16   0 -19.15  -47.55  0.48E-12
1997   9  16   0 -19.00  -47.55  0.48E-12
1997   9  16   0 -18.90  -47.55  0.51E-12
1997   9  16   0 -18.85  -47.55  0.50E-12
1997   9  16   0 -18.65  -47.55  0.48E-12
1997   9  16   0 -20.25  -47.50  0.42E-12
1997   9  16   0 -19.90  -47.50  0.11E-11
1997   9  16   0 -19.70  -47.50  0.59E-12
1997   9  16   0 -19.35  -47.50  0.64E-12
1997   9  16   0 -19.20  -47.50  0.11E-11
1997   9  16   0 -19.10  -47.50  0.61E-12
1997   9  16   0 -19.05  -47.50  0.97E-12
1997   9  16   0 -18.90  -47.50  0.98E-12
1997   9  16   0 -18.85  -47.50  0.47E-12
1997   9  16   0 -18.80  -47.50  0.49E-12
1997   9  16   0 -18.75  -47.50  0.48E-12
1997   9  16   0 -18.50  -47.50  0.96E-12
1997   9  16   0 -19.85  -47.45  0.49E-12
1997   9  16   0 -19.80  -47.45  0.49E-12
1997   9  16   0 -19.75  -47.45  0.49E-12
1997   9  16   0 -19.55  -47.45  0.59E-12
1997   9  16   0 -19.50  -47.45  0.60E-12
1997   9  16   0 -19.40  -47.45  0.10E-11
1997   9  16   0 -19.30  -47.45  0.49E-12
1997   9  16   0 -19.25  -47.45  0.40E-12
1997   9  16   0 -18.95  -47.45  0.50E-12
1997   9  16   0 -18.85  -47.45  0.51E-12
1997   9  16   0 -18.75  -47.45  0.14E-11
1997   9  16   0 -20.45  -47.40  0.36E-12
1997   9  16   0 -19.50  -47.40  0.60E-12
1997   9  16   0 -19.15  -47.40  0.50E-12
1997   9  16   0 -19.05  -47.40  0.49E-12
1997   9  16   0 -18.80  -47.40  0.98E-12
1997   9  16   0 -18.75  -47.40  0.47E-12
1997   9  16   0 -20.45  -47.35  0.49E-12
1997   9  16   0 -20.25  -47.35  0.43E-12
1997   9  16   0 -20.00  -47.35  0.53E-12
1997   9  16   0 -19.95  -47.35  0.50E-12
1997   9  16   0 -19.75  -47.35  0.61E-12
1997   9  16   0 -19.70  -47.35  0.60E-12
1997   9  16   0 -19.20  -47.35  0.49E-12
1997   9  16   0 -18.75  -47.35  0.48E-12
1997   9  16   0 -20.05  -47.30  0.60E-12
1997   9  16   0 -19.95  -47.30  0.50E-12
1997   9  16   0 -19.85  -47.30  0.59E-12
1997   9  16   0 -19.35  -47.30  0.47E-12
1997   9  16   0 -19.25  -47.30  0.46E-12
1997   9  16   0 -19.15  -47.30  0.96E-12
1997   9  16   0 -18.90  -47.30  0.49E-12
1997   9  16   0 -20.05  -47.20  0.51E-12
1997   9  16   0 -19.95  -47.20  0.61E-12
1997   9  16   0 -19.45  -47.20  0.60E-12
1997   9  16   0 -20.10  -47.15  0.43E-12
1997   9  16   0 -19.50  -47.15  0.41E-12
1997   9  16   0 -20.25  -47.10  0.49E-12
1997   9  16   0 -19.95  -47.10  0.62E-12
1997   9  16   0 -19.90  -47.10  0.61E-12
1997   9  16   0 -19.50  -47.10  0.88E-12
1997   9  16   0 -19.40  -47.10  0.40E-12
1997   9  16   0 -19.25  -47.10  0.40E-12
1997   9  16   0 -19.20  -47.10  0.40E-12
1997   9  16   0 -20.50  -47.05  0.49E-12
1997   9  16   0 -20.25  -47.05  0.51E-12
1997   9  16   0 -19.90  -47.05  0.52E-12
1997   9  16   0 -19.85  -47.05  0.60E-12
1997   9  16   0 -19.70  -47.05  0.59E-12
1997   9  16   0 -19.65  -47.05  0.59E-12
1997   9  16   0 -19.15  -47.05  0.40E-12
1997   9  16   0 -20.00  -47.00  0.59E-12
1997   9  16   0 -19.95  -47.00  0.60E-12
1997   9  16   0 -19.85  -47.00  0.61E-12
1997   9  16   0 -19.45  -47.00  0.46E-12
1997   9  16   0 -19.35  -47.00  0.47E-12
1997   9  16   0 -19.10  -47.00  0.46E-12
1997   9  16   0 -19.05  -47.00  0.40E-12
1997   9  16   0 -20.20  -46.95  0.60E-12
1997   9  16   0 -19.90  -46.95  0.60E-12
1997   9  16   0 -20.35  -46.90  0.43E-12
1997   9  16   0 -20.25  -46.90  0.61E-12
1997   9  16   0 -19.85  -46.90  0.51E-12
1997   9  16   0 -19.50  -46.90  0.47E-12
1997   9  16   0 -20.45  -46.85  0.49E-12
1997   9  16   0 -20.25  -46.85  0.43E-12
1997   9  16   0 -19.90  -46.85  0.52E-12
1997   9  16   0 -18.75  -46.80  0.45E-12
1997   9  16   0 -20.40  -46.75  0.49E-12
1997   9  16   0 -20.35  -46.75  0.52E-12
1997   9  16   0 -20.05  -46.75  0.60E-12
1997   9  16   0 -19.50  -46.75  0.10E-11
1997   9  16   0 -20.10  -46.70  0.59E-12
1997   9  16   0 -19.75  -46.70  0.47E-12
1997   9  16   0 -19.65  -46.70  0.47E-12
1997   9  16   0 -19.20  -46.70  0.40E-12
1997   9  16   0 -20.50  -46.65  0.61E-12
1997   9  16   0 -20.05  -46.65  0.59E-12
1997   9  16   0 -20.10  -46.60  0.59E-12
1997   9  16   0 -19.70  -46.60  0.47E-12
1997   9  16   0 -20.55  -46.50  0.53E-12
1997   9  16   0 -19.35  -46.50  0.46E-12
1997   9  16   0 -20.55  -46.45  0.53E-12
