YEAR  MO  DA  HR    LAT     LON Rn2200010
2000   5   8  12 -20.05  -48.05  0.13E-11
2000   5   8  12 -20.00  -48.05  0.84E-11
2000   5   8  12 -20.10  -48.00  0.26E-11
2000   5   8  12 -20.05  -48.00  0.48E-10
2000   5   8  12 -20.00  -48.00  0.21E-09
2000   5   8  12 -19.95  -48.00  0.40E-10
2000   5   8  12 -19.90  -48.00  0.55E-12
2000   5   8  12 -20.20  -47.95  0.64E-12
2000   5   8  12 -20.15  -47.95  0.63E-12
2000   5   8  12 -20.10  -47.95  0.76E-11
2000   5   8  12 -20.05  -47.95  0.10E-09
2000   5   8  12 -20.00  -47.95  0.44E-09
2000   5   8  12 -19.95  -47.95  0.16E-09
2000   5   8  12 -19.90  -47.95  0.14E-10
2000   5   8  12 -19.85  -47.95  0.38E-11
2000   5   8  12 -19.80  -47.95  0.55E-12
2000   5   8  12 -20.25  -47.90  0.63E-12
2000   5   8  12 -20.10  -47.90  0.56E-11
2000   5   8  12 -20.05  -47.90  0.11E-09
2000   5   8  12 -20.00  -47.90  0.15E-08
2000   5   8  12 -19.95  -47.90  0.88E-10
2000   5   8  12 -19.90  -47.90  0.28E-10
2000   5   8  12 -19.85  -47.90  0.10E-10
2000   5   8  12 -19.80  -47.90  0.55E-11
2000   5   8  12 -20.20  -47.85  0.65E-12
2000   5   8  12 -20.15  -47.85  0.55E-12
2000   5   8  12 -20.05  -47.85  0.97E-11
2000   5   8  12 -20.00  -47.85  0.10E-08
2000   5   8  12 -19.95  -47.85  0.73E-09
2000   5   8  12 -19.90  -47.85  0.21E-09
2000   5   8  12 -19.85  -47.85  0.14E-10
2000   5   8  12 -19.80  -47.85  0.39E-11
2000   5   8  12 -20.25  -47.80  0.63E-12
2000   5   8  12 -20.15  -47.80  0.11E-11
2000   5   8  12 -19.95  -47.80  0.46E-10
2000   5   8  12 -19.90  -47.80  0.19E-09
2000   5   8  12 -19.85  -47.80  0.18E-09
2000   5   8  12 -19.80  -47.80  0.71E-10
2000   5   8  12 -19.75  -47.80  0.12E-11
2000   5   8  12 -19.85  -47.75  0.14E-11
2000   5   8  12 -19.80  -47.75  0.82E-11
2000   5   8  12 -19.75  -47.75  0.80E-11
2000   5   9   0 -20.05  -48.10  0.50E-12
2000   5   9   0 -20.00  -48.10  0.74E-11
2000   5   9   0 -19.95  -48.10  0.56E-11
2000   5   9   0 -20.15  -48.05  0.12E-11
2000   5   9   0 -20.10  -48.05  0.62E-11
2000   5   9   0 -20.05  -48.05  0.51E-10
2000   5   9   0 -20.00  -48.05  0.18E-09
2000   5   9   0 -19.95  -48.05  0.12E-09
2000   5   9   0 -19.90  -48.05  0.54E-12
2000   5   9   0 -20.20  -48.00  0.13E-11
2000   5   9   0 -20.15  -48.00  0.37E-11
2000   5   9   0 -20.10  -48.00  0.12E-10
2000   5   9   0 -20.05  -48.00  0.26E-10
2000   5   9   0 -20.00  -48.00  0.71E-10
2000   5   9   0 -19.95  -48.00  0.18E-09
2000   5   9   0 -19.90  -48.00  0.32E-10
2000   5   9   0 -19.85  -48.00  0.77E-11
2000   5   9   0 -19.80  -48.00  0.54E-12
2000   5   9   0 -20.25  -47.95  0.11E-11
2000   5   9   0 -20.20  -47.95  0.12E-11
2000   5   9   0 -20.15  -47.95  0.30E-11
2000   5   9   0 -20.10  -47.95  0.11E-11
2000   5   9   0 -20.05  -47.95  0.72E-11
2000   5   9   0 -20.00  -47.95  0.10E-10
2000   5   9   0 -19.95  -47.95  0.13E-09
2000   5   9   0 -19.90  -47.95  0.21E-10
2000   5   9   0 -19.85  -47.95  0.16E-10
2000   5   9   0 -19.80  -47.95  0.51E-11
2000   5   9   0 -20.25  -47.90  0.11E-11
2000   5   9   0 -20.20  -47.90  0.54E-12
2000   5   9   0 -20.15  -47.90  0.50E-12
2000   5   9   0 -20.10  -47.90  0.15E-11
2000   5   9   0 -20.05  -47.90  0.15E-11
2000   5   9   0 -20.00  -47.90  0.59E-10
2000   5   9   0 -19.95  -47.90  0.10E-09
2000   5   9   0 -19.90  -47.90  0.39E-11
2000   5   9   0 -19.85  -47.90  0.27E-11
2000   5   9   0 -20.30  -47.85  0.10E-11
2000   5   9   0 -20.20  -47.85  0.99E-12
2000   5   9   0 -20.15  -47.85  0.43E-12
2000   5   9   0 -20.05  -47.85  0.20E-11
2000   5   9   0 -20.00  -47.85  0.60E-10
2000   5   9   0 -19.95  -47.85  0.15E-09
2000   5   9   0 -19.90  -47.85  0.43E-10
2000   5   9   0 -19.85  -47.85  0.22E-10
2000   5   9   0 -19.80  -47.85  0.87E-11
2000   5   9   0 -19.75  -47.85  0.90E-12
2000   5   9   0 -20.30  -47.80  0.99E-12
2000   5   9   0 -20.25  -47.80  0.49E-12
2000   5   9   0 -20.15  -47.80  0.49E-12
2000   5   9   0 -20.10  -47.80  0.10E-11
2000   5   9   0 -20.05  -47.80  0.35E-11
2000   5   9   0 -20.00  -47.80  0.14E-10
2000   5   9   0 -19.95  -47.80  0.24E-10
2000   5   9   0 -19.90  -47.80  0.11E-10
2000   5   9   0 -19.85  -47.80  0.97E-11
2000   5   9   0 -19.80  -47.80  0.10E-10
2000   5   9   0 -19.75  -47.80  0.49E-11
2000   5   9   0 -19.70  -47.80  0.13E-11
2000   5   9   0 -20.45  -47.75  0.50E-12
2000   5   9   0 -20.40  -47.75  0.42E-12
2000   5   9   0 -20.30  -47.75  0.50E-12
2000   5   9   0 -20.25  -47.75  0.19E-11
2000   5   9   0 -20.15  -47.75  0.98E-12
2000   5   9   0 -20.10  -47.75  0.89E-12
2000   5   9   0 -20.05  -47.75  0.49E-12
2000   5   9   0 -20.00  -47.75  0.90E-11
2000   5   9   0 -19.95  -47.75  0.99E-11
2000   5   9   0 -19.90  -47.75  0.39E-11
2000   5   9   0 -19.85  -47.75  0.64E-11
2000   5   9   0 -19.80  -47.75  0.46E-11
2000   5   9   0 -19.75  -47.75  0.26E-11
2000   5   9   0 -19.70  -47.75  0.88E-12
2000   5   9   0 -19.65  -47.75  0.17E-11
2000   5   9   0 -20.45  -47.70  0.49E-12
2000   5   9   0 -20.20  -47.70  0.53E-12
2000   5   9   0 -20.15  -47.70  0.14E-11
2000   5   9   0 -20.10  -47.70  0.23E-11
2000   5   9   0 -20.05  -47.70  0.20E-11
2000   5   9   0 -20.00  -47.70  0.69E-11
2000   5   9   0 -19.95  -47.70  0.11E-10
2000   5   9   0 -19.90  -47.70  0.58E-11
2000   5   9   0 -19.85  -47.70  0.25E-11
2000   5   9   0 -19.80  -47.70  0.24E-11
2000   5   9   0 -19.75  -47.70  0.15E-11
2000   5   9   0 -19.70  -47.70  0.26E-11
2000   5   9   0 -19.65  -47.70  0.86E-12
2000   5   9   0 -19.60  -47.70  0.43E-12
2000   5   9   0 -20.50  -47.65  0.50E-12
2000   5   9   0 -20.45  -47.65  0.50E-12
2000   5   9   0 -20.35  -47.65  0.41E-12
2000   5   9   0 -20.20  -47.65  0.91E-12
2000   5   9   0 -20.15  -47.65  0.75E-12
2000   5   9   0 -20.10  -47.65  0.13E-11
2000   5   9   0 -20.05  -47.65  0.52E-11
2000   5   9   0 -20.00  -47.65  0.56E-11
2000   5   9   0 -19.95  -47.65  0.68E-11
2000   5   9   0 -19.90  -47.65  0.32E-11
2000   5   9   0 -19.85  -47.65  0.22E-11
2000   5   9   0 -19.80  -47.65  0.38E-11
2000   5   9   0 -19.75  -47.65  0.22E-11
2000   5   9   0 -19.70  -47.65  0.85E-12
2000   5   9   0 -19.65  -47.65  0.51E-12
2000   5   9   0 -19.60  -47.65  0.43E-12
2000   5   9   0 -20.30  -47.60  0.50E-12
2000   5   9   0 -20.25  -47.60  0.40E-12
2000   5   9   0 -20.15  -47.60  0.13E-11
2000   5   9   0 -20.10  -47.60  0.12E-11
2000   5   9   0 -20.05  -47.60  0.25E-11
2000   5   9   0 -20.00  -47.60  0.36E-11
2000   5   9   0 -19.95  -47.60  0.75E-11
2000   5   9   0 -19.90  -47.60  0.52E-11
2000   5   9   0 -19.85  -47.60  0.39E-11
2000   5   9   0 -19.80  -47.60  0.78E-12
2000   5   9   0 -19.75  -47.60  0.14E-11
2000   5   9   0 -19.70  -47.60  0.92E-12
2000   5   9   0 -19.65  -47.60  0.81E-12
2000   5   9   0 -19.60  -47.60  0.38E-12
2000   5   9   0 -20.20  -47.55  0.80E-12
2000   5   9   0 -20.15  -47.55  0.12E-11
2000   5   9   0 -20.10  -47.55  0.16E-11
2000   5   9   0 -20.05  -47.55  0.65E-11
2000   5   9   0 -20.00  -47.55  0.34E-11
2000   5   9   0 -19.95  -47.55  0.56E-11
2000   5   9   0 -19.90  -47.55  0.45E-11
2000   5   9   0 -19.85  -47.55  0.18E-11
2000   5   9   0 -19.80  -47.55  0.28E-11
2000   5   9   0 -19.75  -47.55  0.13E-11
2000   5   9   0 -19.70  -47.55  0.17E-11
2000   5   9   0 -20.50  -47.50  0.51E-12
2000   5   9   0 -20.30  -47.50  0.81E-12
2000   5   9   0 -20.25  -47.50  0.40E-12
2000   5   9   0 -20.20  -47.50  0.13E-11
2000   5   9   0 -20.15  -47.50  0.40E-12
2000   5   9   0 -20.10  -47.50  0.21E-11
2000   5   9   0 -20.05  -47.50  0.17E-11
2000   5   9   0 -20.00  -47.50  0.63E-11
2000   5   9   0 -19.95  -47.50  0.57E-11
2000   5   9   0 -19.90  -47.50  0.58E-11
2000   5   9   0 -19.85  -47.50  0.69E-12
2000   5   9   0 -19.80  -47.50  0.18E-11
2000   5   9   0 -19.75  -47.50  0.16E-11
2000   5   9   0 -19.70  -47.50  0.85E-12
2000   5   9   0 -19.65  -47.50  0.85E-12
2000   5   9   0 -19.60  -47.50  0.81E-12
2000   5   9   0 -19.50  -47.50  0.33E-12
2000   5   9   0 -19.45  -47.50  0.33E-12
2000   5   9   0 -20.55  -47.45  0.49E-12
2000   5   9   0 -20.30  -47.45  0.41E-12
2000   5   9   0 -20.20  -47.45  0.81E-12
2000   5   9   0 -20.15  -47.45  0.82E-12
2000   5   9   0 -20.10  -47.45  0.13E-11
2000   5   9   0 -20.05  -47.45  0.90E-12
2000   5   9   0 -20.00  -47.45  0.57E-11
2000   5   9   0 -19.95  -47.45  0.58E-11
2000   5   9   0 -19.90  -47.45  0.36E-11
2000   5   9   0 -19.85  -47.45  0.44E-11
2000   5   9   0 -19.80  -47.45  0.33E-11
2000   5   9   0 -19.75  -47.45  0.26E-11
2000   5   9   0 -19.70  -47.45  0.48E-12
2000   5   9   0 -19.65  -47.45  0.82E-12
2000   5   9   0 -20.55  -47.40  0.98E-12
2000   5   9   0 -20.45  -47.40  0.41E-12
2000   5   9   0 -20.20  -47.40  0.39E-12
2000   5   9   0 -20.15  -47.40  0.12E-11
2000   5   9   0 -20.10  -47.40  0.84E-12
2000   5   9   0 -20.05  -47.40  0.37E-11
2000   5   9   0 -20.00  -47.40  0.46E-11
2000   5   9   0 -19.95  -47.40  0.22E-11
2000   5   9   0 -19.90  -47.40  0.40E-11
2000   5   9   0 -19.85  -47.40  0.71E-11
2000   5   9   0 -19.80  -47.40  0.42E-11
2000   5   9   0 -19.75  -47.40  0.18E-11
2000   5   9   0 -19.70  -47.40  0.19E-11
2000   5   9   0 -19.65  -47.40  0.11E-11
2000   5   9   0 -20.20  -47.35  0.94E-12
2000   5   9   0 -20.15  -47.35  0.42E-12
2000   5   9   0 -20.10  -47.35  0.82E-12
2000   5   9   0 -20.05  -47.35  0.19E-11
2000   5   9   0 -20.00  -47.35  0.43E-11
2000   5   9   0 -19.95  -47.35  0.31E-11
2000   5   9   0 -19.90  -47.35  0.46E-11
2000   5   9   0 -19.85  -47.35  0.32E-11
2000   5   9   0 -19.80  -47.35  0.23E-11
2000   5   9   0 -19.75  -47.35  0.26E-11
2000   5   9   0 -19.70  -47.35  0.12E-11
2000   5   9   0 -19.65  -47.35  0.40E-12
2000   5   9   0 -20.80  -47.30  0.48E-12
2000   5   9   0 -20.45  -47.30  0.52E-12
2000   5   9   0 -20.35  -47.30  0.42E-12
2000   5   9   0 -20.30  -47.30  0.76E-12
2000   5   9   0 -20.25  -47.30  0.41E-12
2000   5   9   0 -20.20  -47.30  0.89E-12
2000   5   9   0 -20.10  -47.30  0.13E-11
2000   5   9   0 -20.05  -47.30  0.36E-11
2000   5   9   0 -20.00  -47.30  0.27E-11
2000   5   9   0 -19.95  -47.30  0.43E-11
2000   5   9   0 -19.90  -47.30  0.49E-11
2000   5   9   0 -19.85  -47.30  0.31E-11
2000   5   9   0 -19.80  -47.30  0.27E-11
2000   5   9   0 -19.75  -47.30  0.12E-11
2000   5   9   0 -19.65  -47.30  0.67E-12
2000   5   9   0 -20.50  -47.25  0.47E-12
2000   5   9   0 -20.25  -47.25  0.39E-12
2000   5   9   0 -20.15  -47.25  0.87E-12
2000   5   9   0 -20.10  -47.25  0.13E-11
2000   5   9   0 -20.05  -47.25  0.19E-11
2000   5   9   0 -20.00  -47.25  0.21E-11
2000   5   9   0 -19.95  -47.25  0.87E-12
2000   5   9   0 -19.90  -47.25  0.16E-11
2000   5   9   0 -19.85  -47.25  0.48E-12
2000   5   9   0 -19.80  -47.25  0.49E-12
2000   5   9   0 -20.55  -47.20  0.48E-12
2000   5   9   0 -20.30  -47.20  0.77E-12
2000   5   9   0 -20.25  -47.20  0.92E-12
2000   5   9   0 -20.20  -47.20  0.41E-12
2000   5   9   0 -20.15  -47.20  0.82E-12
2000   5   9   0 -20.05  -47.20  0.17E-11
2000   5   9   0 -19.95  -47.20  0.40E-12
2000   5   9   0 -19.90  -47.20  0.49E-12
2000   5   9   0 -19.80  -47.20  0.89E-12
2000   5   9   0 -20.20  -47.15  0.39E-12
2000   5   9   0 -20.15  -47.15  0.47E-12
2000   5   9   0 -20.10  -47.15  0.19E-11
2000   5   9   0 -20.15  -47.10  0.99E-12
2000   5   9   0 -20.10  -47.10  0.41E-12
2000   5   9   0 -20.85  -47.05  0.40E-12
2000   5   9   0 -20.70  -47.00  0.40E-12
2000   5   9   0 -20.65  -47.00  0.40E-12
2000   5   9   0 -20.85  -46.95  0.35E-12
2000   5   9   0 -20.60  -46.95  0.47E-12
2000   5   9   0 -21.15  -46.90  0.47E-12
2000   5   9   0 -20.80  -46.90  0.40E-12
2000   5   9   0 -20.35  -46.90  0.39E-12
2000   5   9   0 -21.30  -46.75  0.47E-12
2000   5   9   0 -20.95  -46.75  0.41E-12
