YEAR  MO  DA  HR    LAT     LON Rn2200010
2007   1  21  12 -20.05  -47.95  0.54E-11
2007   1  21  12 -20.00  -47.95  0.27E-11
2007   1  21  12 -20.05  -47.90  0.23E-10
2007   1  21  12 -20.00  -47.90  0.12E-09
2007   1  21  12 -20.10  -47.85  0.13E-11
2007   1  21  12 -20.05  -47.85  0.31E-10
2007   1  21  12 -20.00  -47.85  0.52E-09
2007   1  21  12 -20.10  -47.80  0.77E-11
2007   1  21  12 -20.05  -47.80  0.42E-10
2007   1  21  12 -20.00  -47.80  0.42E-09
2007   1  21  12 -20.10  -47.75  0.67E-11
2007   1  21  12 -20.05  -47.75  0.12E-09
2007   1  21  12 -20.00  -47.75  0.11E-09
2007   1  21  12 -20.15  -47.70  0.64E-12
2007   1  21  12 -20.10  -47.70  0.64E-11
2007   1  21  12 -20.05  -47.70  0.15E-09
2007   1  21  12 -20.15  -47.65  0.13E-11
2007   1  21  12 -20.10  -47.65  0.18E-10
2007   1  21  12 -20.05  -47.65  0.88E-10
2007   1  21  12 -20.15  -47.60  0.18E-11
2007   1  21  12 -20.10  -47.60  0.49E-10
2007   1  21  12 -20.05  -47.60  0.32E-10
2007   1  21  12 -20.15  -47.55  0.29E-11
2007   1  21  12 -20.10  -47.55  0.49E-10
2007   1  21  12 -20.05  -47.55  0.12E-11
2007   1  21  12 -20.15  -47.50  0.22E-11
2007   1  21  12 -20.10  -47.50  0.25E-10
2007   1  21  12 -20.05  -47.50  0.11E-11
2007   1  21  12 -20.20  -47.45  0.63E-12
2007   1  21  12 -20.15  -47.45  0.94E-11
2007   1  21  12 -20.10  -47.45  0.75E-11
2007   1  21  12 -20.15  -47.40  0.93E-11
2007   1  21  12 -20.10  -47.40  0.45E-11
2007   1  21  12 -20.15  -47.35  0.87E-11
2007   1  21  12 -20.10  -47.35  0.23E-11
2007   1  21  12 -20.15  -47.30  0.44E-12
2007   1  21  12 -20.10  -47.30  0.25E-11
2007   1  21  12 -20.15  -47.20  0.44E-12
2007   1  21  12 -20.10  -47.20  0.45E-12
2007   1  21  12 -20.10  -47.15  0.45E-12
2007   1  22   0 -19.95  -48.10  0.64E-12
2007   1  22   0 -20.05  -48.05  0.13E-11
2007   1  22   0 -20.00  -48.05  0.18E-10
2007   1  22   0 -19.95  -48.05  0.10E-10
2007   1  22   0 -19.90  -48.05  0.15E-10
2007   1  22   0 -19.85  -48.05  0.11E-10
2007   1  22   0 -19.80  -48.05  0.90E-11
2007   1  22   0 -19.75  -48.05  0.81E-12
2007   1  22   0 -20.05  -48.00  0.23E-10
2007   1  22   0 -20.00  -48.00  0.93E-10
2007   1  22   0 -19.95  -48.00  0.27E-10
2007   1  22   0 -19.90  -48.00  0.45E-10
2007   1  22   0 -19.85  -48.00  0.58E-10
2007   1  22   0 -19.80  -48.00  0.71E-10
2007   1  22   0 -19.75  -48.00  0.26E-10
2007   1  22   0 -19.65  -48.00  0.39E-11
2007   1  22   0 -20.10  -47.95  0.19E-11
2007   1  22   0 -20.05  -47.95  0.42E-10
2007   1  22   0 -20.00  -47.95  0.12E-09
2007   1  22   0 -19.95  -47.95  0.59E-10
2007   1  22   0 -19.90  -47.95  0.45E-10
2007   1  22   0 -19.85  -47.95  0.60E-10
2007   1  22   0 -19.80  -47.95  0.57E-10
2007   1  22   0 -19.75  -47.95  0.48E-10
2007   1  22   0 -19.70  -47.95  0.16E-11
2007   1  22   0 -19.65  -47.95  0.16E-11
2007   1  22   0 -20.10  -47.90  0.32E-11
2007   1  22   0 -20.05  -47.90  0.20E-10
2007   1  22   0 -20.00  -47.90  0.18E-09
2007   1  22   0 -19.95  -47.90  0.31E-09
2007   1  22   0 -19.90  -47.90  0.75E-09
2007   1  22   0 -19.85  -47.90  0.61E-09
2007   1  22   0 -19.80  -47.90  0.25E-09
2007   1  22   0 -19.75  -47.90  0.10E-09
2007   1  22   0 -19.70  -47.90  0.82E-12
2007   1  22   0 -19.65  -47.90  0.40E-11
2007   1  22   0 -20.10  -47.85  0.75E-11
2007   1  22   0 -20.05  -47.85  0.76E-11
2007   1  22   0 -20.00  -47.85  0.20E-09
2007   1  22   0 -19.95  -47.85  0.25E-08
2007   1  22   0 -19.90  -47.85  0.56E-09
2007   1  22   0 -19.85  -47.85  0.38E-10
2007   1  22   0 -19.80  -47.85  0.52E-11
2007   1  22   0 -19.75  -47.85  0.45E-11
2007   1  22   0 -19.70  -47.85  0.16E-11
2007   1  22   0 -19.65  -47.85  0.16E-11
2007   1  22   0 -20.15  -47.80  0.13E-11
2007   1  22   0 -20.10  -47.80  0.88E-11
2007   1  22   0 -20.05  -47.80  0.44E-11
2007   1  22   0 -20.00  -47.80  0.68E-11
2007   1  22   0 -19.95  -47.80  0.37E-11
2007   1  22   0 -19.90  -47.80  0.61E-11
2007   1  22   0 -19.85  -47.80  0.80E-11
2007   1  22   0 -19.80  -47.80  0.11E-10
2007   1  22   0 -19.75  -47.80  0.39E-11
2007   1  22   0 -20.10  -47.75  0.63E-11
2007   1  22   0 -20.05  -47.75  0.44E-11
2007   1  22   0 -20.00  -47.75  0.31E-11
2007   1  22   0 -19.95  -47.75  0.12E-11
2007   1  22   0 -19.90  -47.75  0.12E-11
2007   1  22   0 -19.80  -47.75  0.77E-12
2007   1  22   0 -20.15  -47.70  0.63E-12
2007   1  22   0 -20.10  -47.70  0.32E-11
2007   1  22   0 -20.05  -47.70  0.56E-11
2007   1  22   0 -20.00  -47.70  0.18E-11
2007   1  22   0 -19.95  -47.70  0.60E-12
2007   1  22   0 -19.90  -47.70  0.23E-11
2007   1  22   0 -19.85  -47.70  0.58E-12
2007   1  22   0 -20.15  -47.65  0.31E-11
2007   1  22   0 -20.10  -47.65  0.69E-11
2007   1  22   0 -20.05  -47.65  0.50E-11
2007   1  22   0 -20.00  -47.65  0.18E-11
2007   1  22   0 -19.95  -47.65  0.41E-11
2007   1  22   0 -19.90  -47.65  0.75E-11
2007   1  22   0 -19.85  -47.65  0.77E-12
2007   1  22   0 -19.80  -47.65  0.77E-12
2007   1  22   0 -19.75  -47.65  0.77E-12
2007   1  22   0 -20.15  -47.60  0.24E-11
2007   1  22   0 -20.10  -47.60  0.31E-11
2007   1  22   0 -20.05  -47.60  0.19E-11
2007   1  22   0 -20.00  -47.60  0.54E-11
2007   1  22   0 -19.95  -47.60  0.54E-11
2007   1  22   0 -19.90  -47.60  0.83E-11
2007   1  22   0 -19.85  -47.60  0.88E-11
2007   1  22   0 -19.80  -47.60  0.83E-11
2007   1  22   0 -19.75  -47.60  0.39E-11
2007   1  22   0 -20.15  -47.55  0.63E-12
2007   1  22   0 -20.10  -47.55  0.36E-11
2007   1  22   0 -20.05  -47.55  0.12E-11
2007   1  22   0 -20.00  -47.55  0.55E-11
2007   1  22   0 -19.95  -47.55  0.12E-11
2007   1  22   0 -19.90  -47.55  0.18E-11
2007   1  22   0 -19.85  -47.55  0.12E-11
2007   1  22   0 -19.80  -47.55  0.12E-11
2007   1  22   0 -20.15  -47.50  0.41E-11
2007   1  22   0 -20.10  -47.50  0.11E-11
2007   1  22   0 -20.05  -47.50  0.18E-11
2007   1  22   0 -20.00  -47.50  0.42E-11
2007   1  22   0 -19.90  -47.50  0.35E-11
2007   1  22   0 -19.85  -47.50  0.58E-11
2007   1  22   0 -19.80  -47.50  0.23E-11
2007   1  22   0 -20.15  -47.45  0.30E-11
2007   1  22   0 -20.10  -47.45  0.18E-11
2007   1  22   0 -20.05  -47.45  0.48E-11
2007   1  22   0 -19.85  -47.45  0.76E-12
2007   1  22   0 -20.20  -47.40  0.54E-12
2007   1  22   0 -20.15  -47.40  0.23E-11
2007   1  22   0 -20.10  -47.40  0.18E-11
2007   1  22   0 -20.05  -47.40  0.18E-11
2007   1  22   0 -19.95  -47.40  0.12E-11
2007   1  22   0 -19.90  -47.40  0.29E-11
2007   1  22   0 -19.85  -47.40  0.76E-12
2007   1  22   0 -20.15  -47.35  0.41E-11
2007   1  22   0 -20.10  -47.35  0.18E-11
2007   1  22   0 -20.05  -47.35  0.63E-12
2007   1  22   0 -20.00  -47.35  0.24E-11
2007   1  22   0 -19.95  -47.35  0.24E-11
2007   1  22   0 -19.85  -47.35  0.15E-11
2007   1  22   0 -19.40  -47.35  0.77E-12
2007   1  22   0 -19.35  -47.35  0.77E-12
2007   1  22   0 -20.15  -47.30  0.12E-11
2007   1  22   0 -20.05  -47.30  0.17E-11
2007   1  22   0 -19.40  -47.30  0.37E-11
2007   1  22   0 -20.15  -47.25  0.22E-11
2007   1  22   0 -20.10  -47.25  0.18E-11
2007   1  22   0 -20.00  -47.25  0.60E-12
2007   1  22   0 -19.90  -47.25  0.23E-11
2007   1  22   0 -20.15  -47.20  0.55E-12
2007   1  22   0 -20.10  -47.20  0.11E-11
2007   1  22   0 -20.05  -47.20  0.60E-12
2007   1  22   0 -20.00  -47.20  0.18E-11
2007   1  22   0 -19.95  -47.20  0.60E-12
2007   1  22   0 -19.85  -47.20  0.17E-11
2007   1  22   0 -19.80  -47.20  0.67E-12
2007   1  22   0 -20.10  -47.15  0.61E-12
2007   1  22   0 -20.05  -47.15  0.63E-12
2007   1  22   0 -19.85  -47.15  0.10E-11
2007   1  22   0 -19.50  -45.95  0.33E-11
