YEAR  MO  DA  HR    LAT     LON Rn2200010
2014   3   3  12 -19.75  -49.30  0.44E-12
2014   3   3  12 -19.80  -49.00  0.25E-12
2014   3   3  12 -19.75  -49.00  0.94E-12
2014   3   3  12 -19.70  -49.00  0.66E-12
2014   3   3  12 -19.80  -48.95  0.33E-11
2014   3   3  12 -19.75  -48.95  0.86E-11
2014   3   3  12 -19.70  -48.95  0.83E-11
2014   3   3  12 -19.85  -48.90  0.10E-11
2014   3   3  12 -19.80  -48.90  0.16E-10
2014   3   3  12 -19.75  -48.90  0.31E-10
2014   3   3  12 -19.70  -48.90  0.13E-10
2014   3   3  12 -19.85  -48.85  0.56E-11
2014   3   3  12 -19.80  -48.85  0.38E-10
2014   3   3  12 -19.75  -48.85  0.36E-10
2014   3   3  12 -19.70  -48.85  0.59E-11
2014   3   3  12 -19.85  -48.80  0.32E-10
2014   3   3  12 -19.80  -48.80  0.32E-10
2014   3   3  12 -19.75  -48.80  0.40E-10
2014   3   3  12 -19.70  -48.80  0.55E-11
2014   3   3  12 -19.90  -48.75  0.57E-11
2014   3   3  12 -19.85  -48.75  0.51E-10
2014   3   3  12 -19.80  -48.75  0.34E-10
2014   3   3  12 -19.75  -48.75  0.32E-10
2014   3   3  12 -19.70  -48.75  0.15E-11
2014   3   3  12 -19.90  -48.70  0.34E-10
2014   3   3  12 -19.85  -48.70  0.50E-10
2014   3   3  12 -19.80  -48.70  0.39E-10
2014   3   3  12 -19.75  -48.70  0.27E-10
2014   3   3  12 -19.90  -48.65  0.65E-10
2014   3   3  12 -19.85  -48.65  0.45E-10
2014   3   3  12 -19.80  -48.65  0.33E-10
2014   3   3  12 -19.75  -48.65  0.24E-10
2014   3   3  12 -19.95  -48.60  0.18E-11
2014   3   3  12 -19.90  -48.60  0.85E-10
2014   3   3  12 -19.85  -48.60  0.42E-10
2014   3   3  12 -19.80  -48.60  0.34E-10
2014   3   3  12 -19.75  -48.60  0.21E-10
2014   3   3  12 -19.95  -48.55  0.11E-10
2014   3   3  12 -19.90  -48.55  0.87E-10
2014   3   3  12 -19.85  -48.55  0.36E-10
2014   3   3  12 -19.80  -48.55  0.44E-10
2014   3   3  12 -19.75  -48.55  0.18E-10
2014   3   3  12 -19.95  -48.50  0.38E-10
2014   3   3  12 -19.90  -48.50  0.83E-10
2014   3   3  12 -19.85  -48.50  0.43E-10
2014   3   3  12 -19.80  -48.50  0.43E-10
2014   3   3  12 -19.75  -48.50  0.15E-10
2014   3   3  12 -19.95  -48.45  0.76E-10
2014   3   3  12 -19.90  -48.45  0.71E-10
2014   3   3  12 -19.85  -48.45  0.33E-10
2014   3   3  12 -19.80  -48.45  0.36E-10
2014   3   3  12 -19.75  -48.45  0.12E-10
2014   3   3  12 -19.95  -48.40  0.11E-09
2014   3   3  12 -19.90  -48.40  0.61E-10
2014   3   3  12 -19.85  -48.40  0.45E-10
2014   3   3  12 -19.80  -48.40  0.33E-10
2014   3   3  12 -19.75  -48.40  0.12E-10
2014   3   3  12 -19.95  -48.35  0.13E-09
2014   3   3  12 -19.90  -48.35  0.57E-10
2014   3   3  12 -19.85  -48.35  0.46E-10
2014   3   3  12 -19.80  -48.35  0.40E-10
2014   3   3  12 -19.75  -48.35  0.14E-10
2014   3   3  12 -19.95  -48.30  0.18E-09
2014   3   3  12 -19.90  -48.30  0.61E-10
2014   3   3  12 -19.85  -48.30  0.33E-10
2014   3   3  12 -19.80  -48.30  0.59E-10
2014   3   3  12 -19.75  -48.30  0.10E-10
2014   3   3  12 -19.95  -48.25  0.21E-09
2014   3   3  12 -19.90  -48.25  0.57E-10
2014   3   3  12 -19.85  -48.25  0.44E-10
2014   3   3  12 -19.80  -48.25  0.54E-10
2014   3   3  12 -19.75  -48.25  0.63E-11
2014   3   3  12 -20.00  -48.20  0.77E-12
2014   3   3  12 -19.95  -48.20  0.25E-09
2014   3   3  12 -19.90  -48.20  0.72E-10
2014   3   3  12 -19.85  -48.20  0.50E-10
2014   3   3  12 -19.80  -48.20  0.65E-10
2014   3   3  12 -19.75  -48.20  0.65E-11
2014   3   3  12 -20.00  -48.15  0.22E-10
2014   3   3  12 -19.95  -48.15  0.31E-09
2014   3   3  12 -19.90  -48.15  0.64E-10
2014   3   3  12 -19.85  -48.15  0.67E-10
2014   3   3  12 -19.80  -48.15  0.60E-10
2014   3   3  12 -19.75  -48.15  0.23E-11
2014   3   3  12 -20.00  -48.10  0.55E-10
2014   3   3  12 -19.95  -48.10  0.31E-09
2014   3   3  12 -19.90  -48.10  0.60E-10
2014   3   3  12 -19.85  -48.10  0.98E-10
2014   3   3  12 -19.80  -48.10  0.50E-10
2014   3   3  12 -20.00  -48.05  0.12E-09
2014   3   3  12 -19.95  -48.05  0.27E-09
2014   3   3  12 -19.90  -48.05  0.14E-09
2014   3   3  12 -19.85  -48.05  0.87E-10
2014   3   3  12 -19.80  -48.05  0.42E-10
2014   3   3  12 -20.00  -48.00  0.17E-09
2014   3   3  12 -19.95  -48.00  0.42E-09
2014   3   3  12 -19.90  -48.00  0.16E-09
2014   3   3  12 -19.85  -48.00  0.16E-09
2014   3   3  12 -19.80  -48.00  0.14E-10
2014   3   3  12 -20.00  -47.95  0.41E-09
2014   3   3  12 -19.95  -47.95  0.48E-09
2014   3   3  12 -19.90  -47.95  0.25E-09
2014   3   3  12 -19.85  -47.95  0.72E-10
2014   3   3  12 -20.00  -47.90  0.54E-09
2014   3   3  12 -19.95  -47.90  0.66E-09
2014   3   3  12 -19.90  -47.90  0.17E-09
2014   3   3  12 -20.00  -47.85  0.14E-10
2014   3   3  12 -19.95  -47.85  0.37E-10
2014   3   4   0 -19.90  -50.50  0.38E-12
2014   3   4   0 -19.85  -50.45  0.38E-12
2014   3   4   0 -19.65  -50.25  0.76E-12
2014   3   4   0 -19.50  -50.20  0.34E-12
2014   3   4   0 -19.30  -50.20  0.33E-12
2014   3   4   0 -19.50  -50.15  0.10E-11
2014   3   4   0 -19.60  -50.10  0.38E-12
2014   3   4   0 -19.50  -50.10  0.38E-12
2014   3   4   0 -19.45  -50.10  0.33E-12
2014   3   4   0 -19.50  -50.05  0.38E-12
2014   3   4   0 -19.40  -50.05  0.11E-11
2014   3   4   0 -19.35  -50.05  0.34E-12
2014   3   4   0 -19.60  -50.00  0.39E-12
2014   3   4   0 -19.40  -50.00  0.10E-11
2014   3   4   0 -19.35  -50.00  0.67E-12
2014   3   4   0 -19.30  -50.00  0.33E-12
2014   3   4   0 -19.65  -49.95  0.39E-12
2014   3   4   0 -19.60  -49.95  0.78E-12
2014   3   4   0 -19.50  -49.95  0.23E-11
2014   3   4   0 -19.45  -49.95  0.11E-11
2014   3   4   0 -19.40  -49.95  0.25E-11
2014   3   4   0 -19.35  -49.95  0.33E-12
2014   3   4   0 -19.65  -49.90  0.39E-12
2014   3   4   0 -19.60  -49.90  0.12E-11
2014   3   4   0 -19.55  -49.90  0.78E-12
2014   3   4   0 -19.50  -49.90  0.41E-11
2014   3   4   0 -19.45  -49.90  0.53E-11
2014   3   4   0 -19.40  -49.90  0.37E-11
2014   3   4   0 -19.35  -49.90  0.23E-11
2014   3   4   0 -19.30  -49.90  0.33E-12
2014   3   4   0 -19.70  -49.85  0.40E-12
2014   3   4   0 -19.65  -49.85  0.40E-12
2014   3   4   0 -19.60  -49.85  0.79E-12
2014   3   4   0 -19.55  -49.85  0.27E-11
2014   3   4   0 -19.50  -49.85  0.57E-11
2014   3   4   0 -19.45  -49.85  0.13E-10
2014   3   4   0 -19.40  -49.85  0.11E-10
2014   3   4   0 -19.35  -49.85  0.41E-11
2014   3   4   0 -19.30  -49.85  0.10E-11
2014   3   4   0 -19.70  -49.80  0.40E-12
2014   3   4   0 -19.65  -49.80  0.40E-12
2014   3   4   0 -19.60  -49.80  0.28E-11
2014   3   4   0 -19.55  -49.80  0.70E-11
2014   3   4   0 -19.50  -49.80  0.12E-10
2014   3   4   0 -19.45  -49.80  0.17E-10
2014   3   4   0 -19.40  -49.80  0.16E-10
2014   3   4   0 -19.35  -49.80  0.72E-11
2014   3   4   0 -19.65  -49.75  0.80E-12
2014   3   4   0 -19.60  -49.75  0.28E-11
2014   3   4   0 -19.55  -49.75  0.69E-11
2014   3   4   0 -19.50  -49.75  0.21E-10
2014   3   4   0 -19.45  -49.75  0.13E-10
2014   3   4   0 -19.40  -49.75  0.79E-11
2014   3   4   0 -19.35  -49.75  0.33E-12
2014   3   4   0 -19.70  -49.70  0.81E-12
2014   3   4   0 -19.65  -49.70  0.40E-12
2014   3   4   0 -19.60  -49.70  0.91E-11
2014   3   4   0 -19.55  -49.70  0.23E-10
2014   3   4   0 -19.50  -49.70  0.17E-10
2014   3   4   0 -19.45  -49.70  0.16E-10
2014   3   4   0 -19.40  -49.70  0.69E-11
2014   3   4   0 -19.65  -49.65  0.23E-11
2014   3   4   0 -19.60  -49.65  0.15E-10
2014   3   4   0 -19.55  -49.65  0.29E-10
2014   3   4   0 -19.50  -49.65  0.28E-10
2014   3   4   0 -19.45  -49.65  0.92E-11
2014   3   4   0 -19.40  -49.65  0.11E-11
2014   3   4   0 -19.75  -49.60  0.15E-11
2014   3   4   0 -19.70  -49.60  0.16E-11
2014   3   4   0 -19.65  -49.60  0.11E-10
2014   3   4   0 -19.60  -49.60  0.24E-10
2014   3   4   0 -19.55  -49.60  0.32E-10
2014   3   4   0 -19.50  -49.60  0.17E-10
2014   3   4   0 -19.45  -49.60  0.38E-11
2014   3   4   0 -19.75  -49.55  0.77E-12
2014   3   4   0 -19.70  -49.55  0.12E-11
2014   3   4   0 -19.65  -49.55  0.14E-10
2014   3   4   0 -19.60  -49.55  0.28E-10
2014   3   4   0 -19.55  -49.55  0.23E-10
2014   3   4   0 -19.50  -49.55  0.11E-10
2014   3   4   0 -19.45  -49.55  0.69E-12
2014   3   4   0 -19.75  -49.50  0.78E-12
2014   3   4   0 -19.70  -49.50  0.20E-11
2014   3   4   0 -19.65  -49.50  0.29E-10
2014   3   4   0 -19.60  -49.50  0.43E-10
2014   3   4   0 -19.55  -49.50  0.19E-10
2014   3   4   0 -19.50  -49.50  0.49E-11
2014   3   4   0 -19.75  -49.45  0.12E-11
2014   3   4   0 -19.70  -49.45  0.12E-10
2014   3   4   0 -19.65  -49.45  0.47E-10
2014   3   4   0 -19.60  -49.45  0.34E-10
2014   3   4   0 -19.55  -49.45  0.13E-10
2014   3   4   0 -19.75  -49.40  0.41E-12
2014   3   4   0 -19.70  -49.40  0.27E-10
2014   3   4   0 -19.65  -49.40  0.63E-10
2014   3   4   0 -19.60  -49.40  0.27E-10
2014   3   4   0 -19.55  -49.40  0.75E-11
2014   3   4   0 -19.75  -49.35  0.76E-11
2014   3   4   0 -19.70  -49.35  0.56E-10
2014   3   4   0 -19.65  -49.35  0.47E-10
2014   3   4   0 -19.60  -49.35  0.24E-10
2014   3   4   0 -19.55  -49.35  0.14E-11
2014   3   4   0 -20.10  -49.30  0.40E-12
2014   3   4   0 -19.80  -49.30  0.41E-12
2014   3   4   0 -19.75  -49.30  0.28E-10
2014   3   4   0 -19.70  -49.30  0.88E-10
2014   3   4   0 -19.65  -49.30  0.38E-10
2014   3   4   0 -19.60  -49.30  0.93E-11
2014   3   4   0 -19.55  -49.30  0.35E-12
2014   3   4   0 -19.80  -49.25  0.41E-11
2014   3   4   0 -19.75  -49.25  0.58E-10
2014   3   4   0 -19.70  -49.25  0.68E-10
2014   3   4   0 -19.65  -49.25  0.29E-10
2014   3   4   0 -19.60  -49.25  0.50E-11
2014   3   4   0 -19.80  -49.20  0.12E-10
2014   3   4   0 -19.75  -49.20  0.11E-09
2014   3   4   0 -19.70  -49.20  0.47E-10
2014   3   4   0 -19.65  -49.20  0.18E-10
2014   3   4   0 -19.60  -49.20  0.36E-12
2014   3   4   0 -19.85  -49.15  0.13E-11
2014   3   4   0 -19.80  -49.15  0.43E-10
2014   3   4   0 -19.75  -49.15  0.12E-09
2014   3   4   0 -19.70  -49.15  0.36E-10
2014   3   4   0 -19.65  -49.15  0.11E-10
2014   3   4   0 -19.85  -49.10  0.23E-11
2014   3   4   0 -19.80  -49.10  0.80E-10
2014   3   4   0 -19.75  -49.10  0.94E-10
2014   3   4   0 -19.70  -49.10  0.33E-10
2014   3   4   0 -19.65  -49.10  0.10E-10
2014   3   4   0 -19.85  -49.05  0.14E-10
2014   3   4   0 -19.80  -49.05  0.13E-09
2014   3   4   0 -19.75  -49.05  0.64E-10
2014   3   4   0 -19.70  -49.05  0.27E-10
2014   3   4   0 -19.65  -49.05  0.54E-11
2014   3   4   0 -19.85  -49.00  0.47E-10
2014   3   4   0 -19.80  -49.00  0.14E-09
2014   3   4   0 -19.75  -49.00  0.45E-10
2014   3   4   0 -19.70  -49.00  0.22E-10
2014   3   4   0 -19.65  -49.00  0.43E-12
2014   3   4   0 -19.90  -48.95  0.66E-12
2014   3   4   0 -19.85  -48.95  0.99E-10
2014   3   4   0 -19.80  -48.95  0.91E-10
2014   3   4   0 -19.75  -48.95  0.29E-10
2014   3   4   0 -19.70  -48.95  0.72E-11
2014   3   4   0 -19.90  -48.90  0.81E-11
2014   3   4   0 -19.85  -48.90  0.15E-09
2014   3   4   0 -19.80  -48.90  0.66E-10
2014   3   4   0 -19.75  -48.90  0.20E-11
2014   3   4   0 -19.90  -48.85  0.28E-10
2014   3   4   0 -19.85  -48.85  0.15E-09
2014   3   4   0 -19.80  -48.85  0.24E-10
2014   3   4   0 -19.90  -48.80  0.93E-10
2014   3   4   0 -19.85  -48.80  0.12E-09
2014   3   4   0 -19.80  -48.80  0.11E-10
2014   3   4   0 -19.90  -48.75  0.16E-09
2014   3   4   0 -19.85  -48.75  0.88E-10
2014   3   4   0 -19.80  -48.75  0.52E-11
2014   3   4   0 -19.95  -48.70  0.10E-11
2014   3   4   0 -19.90  -48.70  0.17E-09
2014   3   4   0 -19.85  -48.70  0.58E-10
2014   3   4   0 -19.80  -48.70  0.12E-11
2014   3   4   0 -19.95  -48.65  0.11E-10
2014   3   4   0 -19.90  -48.65  0.19E-09
2014   3   4   0 -19.85  -48.65  0.50E-10
2014   3   4   0 -19.95  -48.60  0.60E-10
2014   3   4   0 -19.90  -48.60  0.16E-09
2014   3   4   0 -19.85  -48.60  0.62E-10
2014   3   4   0 -19.95  -48.55  0.15E-09
2014   3   4   0 -19.90  -48.55  0.11E-09
2014   3   4   0 -19.85  -48.55  0.37E-10
2014   3   4   0 -19.95  -48.50  0.20E-09
2014   3   4   0 -19.90  -48.50  0.92E-10
2014   3   4   0 -19.85  -48.50  0.23E-10
2014   3   4   0 -19.95  -48.45  0.22E-09
2014   3   4   0 -19.90  -48.45  0.77E-10
2014   3   4   0 -19.85  -48.45  0.22E-10
2014   3   4   0 -19.95  -48.40  0.24E-09
2014   3   4   0 -19.90  -48.40  0.77E-10
2014   3   4   0 -19.85  -48.40  0.12E-10
2014   3   4   0 -19.95  -48.35  0.26E-09
2014   3   4   0 -19.90  -48.35  0.95E-10
2014   3   4   0 -19.85  -48.35  0.84E-12
2014   3   4   0 -20.00  -48.30  0.48E-11
2014   3   4   0 -19.95  -48.30  0.29E-09
2014   3   4   0 -19.90  -48.30  0.95E-10
2014   3   4   0 -20.00  -48.25  0.34E-10
2014   3   4   0 -19.95  -48.25  0.32E-09
2014   3   4   0 -19.90  -48.25  0.11E-09
2014   3   4   0 -20.00  -48.20  0.11E-09
2014   3   4   0 -19.95  -48.20  0.28E-09
2014   3   4   0 -19.90  -48.20  0.99E-10
2014   3   4   0 -20.00  -48.15  0.16E-09
2014   3   4   0 -19.95  -48.15  0.27E-09
2014   3   4   0 -19.90  -48.15  0.87E-10
2014   3   4   0 -20.00  -48.10  0.19E-09
2014   3   4   0 -19.95  -48.10  0.38E-09
2014   3   4   0 -19.90  -48.10  0.90E-10
2014   3   4   0 -20.00  -48.05  0.22E-09
2014   3   4   0 -19.95  -48.05  0.54E-09
2014   3   4   0 -19.90  -48.05  0.17E-10
2014   3   4   0 -20.00  -48.00  0.30E-09
2014   3   4   0 -19.95  -48.00  0.67E-09
2014   3   4   0 -19.90  -48.00  0.86E-12
2014   3   4   0 -20.00  -47.95  0.41E-09
2014   3   4   0 -19.95  -47.95  0.80E-09
2014   3   4   0 -20.00  -47.90  0.11E-08
2014   3   4   0 -19.95  -47.90  0.71E-09
