YEAR  MO  DA  HR    LAT     LON Rn2200010
2015  12  27  12 -20.70  -48.25  0.53E-11
2015  12  27  12 -20.65  -48.25  0.59E-11
2015  12  27  12 -20.60  -48.25  0.13E-11
2015  12  27  12 -20.70  -48.20  0.22E-11
2015  12  27  12 -20.65  -48.20  0.41E-10
2015  12  27  12 -20.60  -48.20  0.48E-10
2015  12  27  12 -20.55  -48.20  0.45E-10
2015  12  27  12 -20.50  -48.20  0.46E-10
2015  12  27  12 -20.45  -48.20  0.26E-10
2015  12  27  12 -20.40  -48.20  0.13E-10
2015  12  27  12 -20.65  -48.15  0.36E-11
2015  12  27  12 -20.60  -48.15  0.24E-10
2015  12  27  12 -20.55  -48.15  0.35E-10
2015  12  27  12 -20.50  -48.15  0.42E-10
2015  12  27  12 -20.45  -48.15  0.58E-10
2015  12  27  12 -20.40  -48.15  0.66E-10
2015  12  27  12 -20.35  -48.15  0.93E-10
2015  12  27  12 -20.30  -48.15  0.56E-10
2015  12  27  12 -20.25  -48.15  0.40E-10
2015  12  27  12 -20.20  -48.15  0.25E-11
2015  12  27  12 -20.60  -48.10  0.73E-11
2015  12  27  12 -20.55  -48.10  0.18E-10
2015  12  27  12 -20.50  -48.10  0.26E-10
2015  12  27  12 -20.45  -48.10  0.35E-10
2015  12  27  12 -20.40  -48.10  0.36E-10
2015  12  27  12 -20.35  -48.10  0.53E-10
2015  12  27  12 -20.30  -48.10  0.56E-10
2015  12  27  12 -20.25  -48.10  0.10E-09
2015  12  27  12 -20.20  -48.10  0.12E-09
2015  12  27  12 -20.15  -48.10  0.99E-10
2015  12  27  12 -20.55  -48.05  0.25E-10
2015  12  27  12 -20.50  -48.05  0.39E-10
2015  12  27  12 -20.45  -48.05  0.31E-10
2015  12  27  12 -20.40  -48.05  0.23E-10
2015  12  27  12 -20.35  -48.05  0.26E-10
2015  12  27  12 -20.30  -48.05  0.43E-10
2015  12  27  12 -20.25  -48.05  0.40E-10
2015  12  27  12 -20.20  -48.05  0.77E-10
2015  12  27  12 -20.15  -48.05  0.14E-09
2015  12  27  12 -20.10  -48.05  0.27E-09
2015  12  27  12 -20.50  -48.00  0.90E-11
2015  12  27  12 -20.45  -48.00  0.33E-10
2015  12  27  12 -20.40  -48.00  0.71E-10
2015  12  27  12 -20.35  -48.00  0.65E-10
2015  12  27  12 -20.30  -48.00  0.80E-10
2015  12  27  12 -20.25  -48.00  0.75E-10
2015  12  27  12 -20.20  -48.00  0.52E-10
2015  12  27  12 -20.15  -48.00  0.53E-10
2015  12  27  12 -20.10  -48.00  0.12E-09
2015  12  27  12 -20.05  -48.00  0.51E-09
2015  12  27  12 -20.40  -47.95  0.54E-12
2015  12  27  12 -20.35  -47.95  0.39E-10
2015  12  27  12 -20.30  -47.95  0.53E-10
2015  12  27  12 -20.25  -47.95  0.11E-09
2015  12  27  12 -20.20  -47.95  0.14E-09
2015  12  27  12 -20.15  -47.95  0.16E-09
2015  12  27  12 -20.10  -47.95  0.95E-10
2015  12  27  12 -20.05  -47.95  0.58E-09
2015  12  27  12 -20.00  -47.95  0.25E-09
2015  12  27  12 -20.20  -47.90  0.27E-10
2015  12  27  12 -20.15  -47.90  0.11E-09
2015  12  27  12 -20.10  -47.90  0.22E-09
2015  12  27  12 -20.05  -47.90  0.34E-09
2015  12  27  12 -20.00  -47.90  0.17E-08
2015  12  27  12 -20.00  -47.85  0.82E-10
2015  12  28   0 -20.90  -48.25  0.10E-11
2015  12  28   0 -20.85  -48.25  0.50E-12
2015  12  28   0 -20.80  -48.25  0.24E-11
2015  12  28   0 -20.75  -48.25  0.26E-11
2015  12  28   0 -20.70  -48.25  0.46E-11
2015  12  28   0 -21.10  -48.20  0.54E-12
2015  12  28   0 -21.05  -48.20  0.10E-11
2015  12  28   0 -21.00  -48.20  0.19E-11
2015  12  28   0 -20.95  -48.20  0.38E-11
2015  12  28   0 -20.90  -48.20  0.38E-11
2015  12  28   0 -20.85  -48.20  0.44E-11
2015  12  28   0 -20.80  -48.20  0.56E-11
2015  12  28   0 -20.75  -48.20  0.10E-10
2015  12  28   0 -20.70  -48.20  0.16E-10
2015  12  28   0 -20.65  -48.20  0.26E-11
2015  12  28   0 -21.20  -48.15  0.61E-12
2015  12  28   0 -21.10  -48.15  0.62E-12
2015  12  28   0 -21.05  -48.15  0.43E-11
2015  12  28   0 -21.00  -48.15  0.59E-11
2015  12  28   0 -20.95  -48.15  0.35E-11
2015  12  28   0 -20.90  -48.15  0.35E-11
2015  12  28   0 -20.85  -48.15  0.60E-11
2015  12  28   0 -20.80  -48.15  0.40E-11
2015  12  28   0 -20.75  -48.15  0.50E-11
2015  12  28   0 -20.70  -48.15  0.98E-11
2015  12  28   0 -20.65  -48.15  0.18E-10
2015  12  28   0 -20.60  -48.15  0.26E-11
2015  12  28   0 -21.25  -48.10  0.61E-12
2015  12  28   0 -21.20  -48.10  0.53E-12
2015  12  28   0 -21.15  -48.10  0.24E-11
2015  12  28   0 -21.10  -48.10  0.37E-11
2015  12  28   0 -21.05  -48.10  0.66E-11
2015  12  28   0 -21.00  -48.10  0.43E-11
2015  12  28   0 -20.95  -48.10  0.36E-11
2015  12  28   0 -20.90  -48.10  0.10E-11
2015  12  28   0 -20.85  -48.10  0.45E-11
2015  12  28   0 -20.80  -48.10  0.26E-11
2015  12  28   0 -20.75  -48.10  0.31E-11
2015  12  28   0 -20.70  -48.10  0.16E-11
2015  12  28   0 -20.65  -48.10  0.67E-11
2015  12  28   0 -20.60  -48.10  0.62E-11
2015  12  28   0 -21.40  -48.05  0.52E-12
2015  12  28   0 -21.25  -48.05  0.60E-12
2015  12  28   0 -21.20  -48.05  0.17E-11
2015  12  28   0 -21.15  -48.05  0.53E-11
2015  12  28   0 -21.10  -48.05  0.43E-11
2015  12  28   0 -21.05  -48.05  0.31E-11
2015  12  28   0 -21.00  -48.05  0.19E-11
2015  12  28   0 -20.95  -48.05  0.23E-11
2015  12  28   0 -20.90  -48.05  0.61E-11
2015  12  28   0 -20.85  -48.05  0.51E-11
2015  12  28   0 -20.80  -48.05  0.66E-11
2015  12  28   0 -20.75  -48.05  0.52E-11
2015  12  28   0 -20.70  -48.05  0.10E-11
2015  12  28   0 -20.65  -48.05  0.52E-11
2015  12  28   0 -20.60  -48.05  0.94E-11
2015  12  28   0 -20.55  -48.05  0.73E-11
2015  12  28   0 -21.40  -48.00  0.42E-12
2015  12  28   0 -21.30  -48.00  0.52E-12
2015  12  28   0 -21.25  -48.00  0.17E-11
2015  12  28   0 -21.20  -48.00  0.48E-11
2015  12  28   0 -21.15  -48.00  0.11E-11
2015  12  28   0 -21.10  -48.00  0.43E-11
2015  12  28   0 -21.05  -48.00  0.25E-11
2015  12  28   0 -21.00  -48.00  0.38E-11
2015  12  28   0 -20.95  -48.00  0.36E-11
2015  12  28   0 -20.90  -48.00  0.10E-11
2015  12  28   0 -20.85  -48.00  0.47E-11
2015  12  28   0 -20.80  -48.00  0.26E-11
2015  12  28   0 -20.75  -48.00  0.42E-11
2015  12  28   0 -20.70  -48.00  0.32E-11
2015  12  28   0 -20.65  -48.00  0.32E-11
2015  12  28   0 -20.60  -48.00  0.53E-11
2015  12  28   0 -20.55  -48.00  0.53E-11
2015  12  28   0 -20.50  -48.00  0.91E-11
2015  12  28   0 -20.45  -48.00  0.96E-11
2015  12  28   0 -20.40  -48.00  0.21E-11
2015  12  28   0 -21.35  -47.95  0.52E-12
2015  12  28   0 -21.30  -47.95  0.12E-11
2015  12  28   0 -21.25  -47.95  0.22E-11
2015  12  28   0 -21.20  -47.95  0.31E-11
2015  12  28   0 -21.15  -47.95  0.73E-11
2015  12  28   0 -21.10  -47.95  0.19E-11
2015  12  28   0 -21.05  -47.95  0.51E-11
2015  12  28   0 -21.00  -47.95  0.57E-11
2015  12  28   0 -20.95  -47.95  0.19E-11
2015  12  28   0 -20.90  -47.95  0.17E-11
2015  12  28   0 -20.85  -47.95  0.12E-11
2015  12  28   0 -20.80  -47.95  0.29E-11
2015  12  28   0 -20.75  -47.95  0.16E-11
2015  12  28   0 -20.70  -47.95  0.11E-11
2015  12  28   0 -20.65  -47.95  0.26E-11
2015  12  28   0 -20.60  -47.95  0.21E-11
2015  12  28   0 -20.55  -47.95  0.37E-11
2015  12  28   0 -20.50  -47.95  0.42E-11
2015  12  28   0 -20.45  -47.95  0.32E-11
2015  12  28   0 -20.40  -47.95  0.79E-11
2015  12  28   0 -20.35  -47.95  0.11E-10
2015  12  28   0 -20.30  -47.95  0.58E-11
2015  12  28   0 -20.25  -47.95  0.58E-11
2015  12  28   0 -20.20  -47.95  0.26E-11
2015  12  28   0 -21.35  -47.90  0.19E-11
2015  12  28   0 -21.30  -47.90  0.60E-12
2015  12  28   0 -21.25  -47.90  0.40E-11
2015  12  28   0 -21.20  -47.90  0.37E-11
2015  12  28   0 -21.15  -47.90  0.41E-11
2015  12  28   0 -21.10  -47.90  0.31E-11
2015  12  28   0 -21.05  -47.90  0.13E-11
2015  12  28   0 -21.00  -47.90  0.32E-11
2015  12  28   0 -20.95  -47.90  0.19E-11
2015  12  28   0 -20.90  -47.90  0.19E-11
2015  12  28   0 -20.80  -47.90  0.64E-12
2015  12  28   0 -20.75  -47.90  0.66E-12
2015  12  28   0 -20.70  -47.90  0.64E-12
2015  12  28   0 -20.65  -47.90  0.12E-11
2015  12  28   0 -20.60  -47.90  0.66E-12
2015  12  28   0 -20.55  -47.90  0.21E-11
2015  12  28   0 -20.50  -47.90  0.52E-12
2015  12  28   0 -20.45  -47.90  0.32E-11
2015  12  28   0 -20.40  -47.90  0.38E-11
2015  12  28   0 -20.35  -47.90  0.16E-11
2015  12  28   0 -20.30  -47.90  0.32E-11
2015  12  28   0 -20.25  -47.90  0.38E-11
2015  12  28   0 -20.20  -47.90  0.14E-10
2015  12  28   0 -20.15  -47.90  0.87E-11
2015  12  28   0 -20.10  -47.90  0.22E-10
2015  12  28   0 -20.05  -47.90  0.23E-10
2015  12  28   0 -20.00  -47.90  0.26E-10
2015  12  28   0 -21.45  -47.85  0.41E-12
2015  12  28   0 -21.40  -47.85  0.14E-11
2015  12  28   0 -21.35  -47.85  0.20E-11
2015  12  28   0 -21.30  -47.85  0.20E-11
2015  12  28   0 -21.25  -47.85  0.11E-11
2015  12  28   0 -21.20  -47.85  0.41E-11
2015  12  28   0 -21.15  -47.85  0.46E-11
2015  12  28   0 -21.10  -47.85  0.17E-11
2015  12  28   0 -21.05  -47.85  0.25E-11
2015  12  28   0 -21.00  -47.85  0.26E-11
2015  12  28   0 -20.95  -47.85  0.32E-11
2015  12  28   0 -20.90  -47.85  0.13E-11
2015  12  28   0 -20.85  -47.85  0.19E-11
2015  12  28   0 -20.80  -47.85  0.19E-11
2015  12  28   0 -20.75  -47.85  0.64E-12
2015  12  28   0 -20.60  -47.85  0.20E-11
2015  12  28   0 -20.55  -47.85  0.13E-11
2015  12  28   0 -20.50  -47.85  0.67E-12
2015  12  28   0 -20.45  -47.85  0.20E-11
2015  12  28   0 -20.40  -47.85  0.25E-11
2015  12  28   0 -20.35  -47.85  0.54E-12
2015  12  28   0 -20.30  -47.85  0.67E-12
2015  12  28   0 -20.25  -47.85  0.26E-11
2015  12  28   0 -20.20  -47.85  0.39E-11
2015  12  28   0 -20.15  -47.85  0.25E-10
2015  12  28   0 -20.10  -47.85  0.52E-10
2015  12  28   0 -20.05  -47.85  0.13E-09
2015  12  28   0 -20.00  -47.85  0.63E-09
2015  12  28   0 -21.40  -47.80  0.24E-11
2015  12  28   0 -21.35  -47.80  0.47E-12
2015  12  28   0 -21.30  -47.80  0.18E-11
2015  12  28   0 -21.25  -47.80  0.43E-11
2015  12  28   0 -21.20  -47.80  0.15E-11
2015  12  28   0 -21.15  -47.80  0.25E-11
2015  12  28   0 -21.10  -47.80  0.37E-11
2015  12  28   0 -21.05  -47.80  0.13E-11
2015  12  28   0 -21.00  -47.80  0.13E-11
2015  12  28   0 -20.95  -47.80  0.37E-11
2015  12  28   0 -20.90  -47.80  0.64E-12
2015  12  28   0 -20.85  -47.80  0.13E-11
2015  12  28   0 -20.80  -47.80  0.64E-12
2015  12  28   0 -20.75  -47.80  0.13E-11
2015  12  28   0 -20.70  -47.80  0.13E-11
2015  12  28   0 -20.60  -47.80  0.66E-12
2015  12  28   0 -20.55  -47.80  0.20E-11
2015  12  28   0 -20.45  -47.80  0.67E-12
2015  12  28   0 -20.40  -47.80  0.13E-11
2015  12  28   0 -20.35  -47.80  0.67E-12
2015  12  28   0 -20.30  -47.80  0.13E-11
2015  12  28   0 -20.25  -47.80  0.23E-11
2015  12  28   0 -20.20  -47.80  0.13E-10
2015  12  28   0 -20.15  -47.80  0.20E-10
2015  12  28   0 -20.10  -47.80  0.25E-10
2015  12  28   0 -20.05  -47.80  0.14E-10
2015  12  28   0 -21.45  -47.75  0.41E-12
2015  12  28   0 -21.40  -47.75  0.88E-12
2015  12  28   0 -21.35  -47.75  0.31E-11
2015  12  28   0 -21.30  -47.75  0.13E-11
2015  12  28   0 -21.25  -47.75  0.34E-11
2015  12  28   0 -21.20  -47.75  0.23E-11
2015  12  28   0 -21.15  -47.75  0.27E-11
2015  12  28   0 -21.10  -47.75  0.25E-11
2015  12  28   0 -21.05  -47.75  0.13E-11
2015  12  28   0 -20.95  -47.75  0.64E-12
2015  12  28   0 -20.85  -47.75  0.63E-12
2015  12  28   0 -20.80  -47.75  0.63E-12
2015  12  28   0 -20.75  -47.75  0.65E-12
2015  12  28   0 -20.70  -47.75  0.13E-11
2015  12  28   0 -20.65  -47.75  0.66E-12
2015  12  28   0 -20.60  -47.75  0.13E-11
2015  12  28   0 -20.55  -47.75  0.13E-11
2015  12  28   0 -20.50  -47.75  0.20E-11
2015  12  28   0 -20.45  -47.75  0.66E-12
2015  12  28   0 -20.35  -47.75  0.30E-11
2015  12  28   0 -20.30  -47.75  0.45E-11
2015  12  28   0 -20.25  -47.75  0.60E-11
2015  12  28   0 -20.20  -47.75  0.11E-10
2015  12  28   0 -20.15  -47.75  0.14E-10
2015  12  28   0 -20.10  -47.75  0.86E-11
2015  12  28   0 -21.45  -47.70  0.81E-12
2015  12  28   0 -21.40  -47.70  0.14E-11
2015  12  28   0 -21.35  -47.70  0.42E-11
2015  12  28   0 -21.25  -47.70  0.29E-11
2015  12  28   0 -21.20  -47.70  0.16E-11
2015  12  28   0 -21.15  -47.70  0.49E-11
2015  12  28   0 -21.10  -47.70  0.51E-12
2015  12  28   0 -21.05  -47.70  0.24E-11
2015  12  28   0 -21.00  -47.70  0.13E-11
2015  12  28   0 -20.95  -47.70  0.65E-12
2015  12  28   0 -20.90  -47.70  0.64E-12
2015  12  28   0 -20.85  -47.70  0.13E-11
2015  12  28   0 -20.80  -47.70  0.13E-11
2015  12  28   0 -20.75  -47.70  0.13E-11
2015  12  28   0 -20.65  -47.70  0.26E-11
2015  12  28   0 -20.60  -47.70  0.66E-12
2015  12  28   0 -20.55  -47.70  0.20E-11
2015  12  28   0 -20.50  -47.70  0.20E-11
2015  12  28   0 -20.45  -47.70  0.66E-12
2015  12  28   0 -20.40  -47.70  0.13E-11
2015  12  28   0 -20.35  -47.70  0.12E-11
2015  12  28   0 -20.30  -47.70  0.52E-11
2015  12  28   0 -20.25  -47.70  0.41E-11
2015  12  28   0 -20.20  -47.70  0.70E-11
2015  12  28   0 -20.15  -47.70  0.33E-11
2015  12  28   0 -21.45  -47.65  0.81E-12
2015  12  28   0 -21.35  -47.65  0.18E-11
2015  12  28   0 -21.30  -47.65  0.48E-12
2015  12  28   0 -21.25  -47.65  0.14E-11
2015  12  28   0 -21.20  -47.65  0.24E-11
2015  12  28   0 -21.15  -47.65  0.15E-11
2015  12  28   0 -21.10  -47.65  0.22E-11
2015  12  28   0 -21.05  -47.65  0.13E-11
2015  12  28   0 -21.00  -47.65  0.11E-11
2015  12  28   0 -20.95  -47.65  0.11E-11
2015  12  28   0 -20.90  -47.65  0.18E-11
2015  12  28   0 -20.85  -47.65  0.51E-12
2015  12  28   0 -20.75  -47.65  0.13E-11
2015  12  28   0 -20.70  -47.65  0.13E-11
2015  12  28   0 -20.65  -47.65  0.65E-12
2015  12  28   0 -20.60  -47.65  0.13E-11
2015  12  28   0 -20.55  -47.65  0.13E-11
2015  12  28   0 -20.50  -47.65  0.13E-11
2015  12  28   0 -20.45  -47.65  0.13E-11
2015  12  28   0 -20.40  -47.65  0.20E-11
2015  12  28   0 -20.35  -47.65  0.10E-11
2015  12  28   0 -20.30  -47.65  0.66E-11
2015  12  28   0 -20.25  -47.65  0.76E-11
2015  12  28   0 -20.20  -47.65  0.21E-11
2015  12  28   0 -20.15  -47.65  0.52E-12
2015  12  28   0 -21.45  -47.60  0.87E-12
2015  12  28   0 -21.40  -47.60  0.41E-12
2015  12  28   0 -21.35  -47.60  0.19E-11
2015  12  28   0 -21.30  -47.60  0.19E-11
2015  12  28   0 -21.25  -47.60  0.48E-11
2015  12  28   0 -21.20  -47.60  0.15E-11
2015  12  28   0 -21.15  -47.60  0.11E-11
2015  12  28   0 -21.10  -47.60  0.25E-11
2015  12  28   0 -21.05  -47.60  0.18E-11
2015  12  28   0 -21.00  -47.60  0.15E-11
2015  12  28   0 -20.95  -47.60  0.10E-11
2015  12  28   0 -20.90  -47.60  0.33E-11
2015  12  28   0 -20.85  -47.60  0.10E-11
2015  12  28   0 -20.75  -47.60  0.52E-12
2015  12  28   0 -20.70  -47.60  0.13E-11
2015  12  28   0 -20.65  -47.60  0.13E-11
2015  12  28   0 -20.60  -47.60  0.52E-12
2015  12  28   0 -20.55  -47.60  0.65E-12
2015  12  28   0 -20.50  -47.60  0.13E-11
2015  12  28   0 -20.40  -47.60  0.23E-11
2015  12  28   0 -20.35  -47.60  0.51E-11
2015  12  28   0 -20.30  -47.60  0.36E-11
2015  12  28   0 -20.25  -47.60  0.36E-11
2015  12  28   0 -20.20  -47.60  0.10E-11
2015  12  28   0 -21.40  -47.55  0.17E-11
2015  12  28   0 -21.35  -47.55  0.37E-11
2015  12  28   0 -21.30  -47.55  0.24E-11
2015  12  28   0 -21.25  -47.55  0.24E-11
2015  12  28   0 -21.20  -47.55  0.97E-12
2015  12  28   0 -21.15  -47.55  0.19E-11
2015  12  28   0 -21.10  -47.55  0.50E-12
2015  12  28   0 -21.05  -47.55  0.25E-11
2015  12  28   0 -21.00  -47.55  0.49E-12
2015  12  28   0 -20.95  -47.55  0.21E-11
2015  12  28   0 -20.90  -47.55  0.16E-11
2015  12  28   0 -20.85  -47.55  0.64E-12
2015  12  28   0 -20.80  -47.55  0.64E-12
2015  12  28   0 -20.70  -47.55  0.15E-11
2015  12  28   0 -20.65  -47.55  0.16E-11
2015  12  28   0 -20.60  -47.55  0.65E-12
2015  12  28   0 -20.55  -47.55  0.10E-11
2015  12  28   0 -20.45  -47.55  0.10E-11
2015  12  28   0 -20.40  -47.55  0.10E-11
2015  12  28   0 -20.35  -47.55  0.20E-11
2015  12  28   0 -20.30  -47.55  0.10E-11
2015  12  28   0 -20.25  -47.55  0.21E-11
2015  12  28   0 -21.45  -47.50  0.47E-12
2015  12  28   0 -21.40  -47.50  0.18E-11
2015  12  28   0 -21.35  -47.50  0.14E-11
2015  12  28   0 -21.30  -47.50  0.97E-12
2015  12  28   0 -21.25  -47.50  0.96E-12
2015  12  28   0 -21.20  -47.50  0.10E-11
2015  12  28   0 -21.15  -47.50  0.20E-11
2015  12  28   0 -21.05  -47.50  0.20E-11
2015  12  28   0 -21.00  -47.50  0.10E-11
2015  12  28   0 -20.95  -47.50  0.98E-12
2015  12  28   0 -20.85  -47.50  0.15E-11
2015  12  28   0 -20.70  -47.50  0.10E-11
2015  12  28   0 -20.65  -47.50  0.15E-11
2015  12  28   0 -20.50  -47.50  0.15E-11
2015  12  28   0 -20.45  -47.50  0.10E-11
2015  12  28   0 -20.40  -47.50  0.51E-12
2015  12  28   0 -20.35  -47.50  0.26E-11
2015  12  28   0 -20.30  -47.50  0.15E-11
2015  12  28   0 -20.25  -47.50  0.52E-12
2015  12  28   0 -21.45  -47.45  0.41E-12
2015  12  28   0 -21.40  -47.45  0.19E-11
2015  12  28   0 -21.35  -47.45  0.18E-11
2015  12  28   0 -21.30  -47.45  0.48E-12
2015  12  28   0 -21.25  -47.45  0.30E-11
2015  12  28   0 -21.20  -47.45  0.99E-12
2015  12  28   0 -21.15  -47.45  0.50E-12
2015  12  28   0 -21.10  -47.45  0.15E-11
2015  12  28   0 -21.00  -47.45  0.49E-12
2015  12  28   0 -20.95  -47.45  0.51E-12
2015  12  28   0 -20.90  -47.45  0.51E-12
2015  12  28   0 -20.85  -47.45  0.50E-12
2015  12  28   0 -20.75  -47.45  0.10E-11
2015  12  28   0 -20.70  -47.45  0.10E-11
2015  12  28   0 -20.65  -47.45  0.21E-11
2015  12  28   0 -20.60  -47.45  0.17E-11
2015  12  28   0 -20.55  -47.45  0.10E-11
2015  12  28   0 -20.50  -47.45  0.52E-12
2015  12  28   0 -20.45  -47.45  0.20E-11
2015  12  28   0 -20.40  -47.45  0.30E-11
2015  12  28   0 -21.40  -47.40  0.97E-12
2015  12  28   0 -21.35  -47.40  0.14E-11
2015  12  28   0 -21.30  -47.40  0.15E-11
2015  12  28   0 -21.25  -47.40  0.49E-12
2015  12  28   0 -21.20  -47.40  0.99E-12
2015  12  28   0 -21.15  -47.40  0.50E-12
2015  12  28   0 -21.10  -47.40  0.49E-12
2015  12  28   0 -21.05  -47.40  0.15E-11
2015  12  28   0 -21.00  -47.40  0.15E-11
2015  12  28   0 -20.95  -47.40  0.15E-11
2015  12  28   0 -20.90  -47.40  0.10E-11
2015  12  28   0 -20.85  -47.40  0.51E-12
2015  12  28   0 -20.80  -47.40  0.51E-12
2015  12  28   0 -20.65  -47.40  0.52E-12
2015  12  28   0 -20.55  -47.40  0.10E-11
2015  12  28   0 -20.45  -47.40  0.51E-12
2015  12  28   0 -20.40  -47.40  0.15E-11
2015  12  28   0 -20.35  -47.40  0.10E-11
2015  12  28   0 -21.30  -47.35  0.98E-12
2015  12  28   0 -21.25  -47.35  0.49E-12
2015  12  28   0 -21.20  -47.35  0.50E-12
2015  12  28   0 -21.15  -47.35  0.49E-12
2015  12  28   0 -21.10  -47.35  0.10E-11
2015  12  28   0 -21.05  -47.35  0.51E-12
2015  12  28   0 -20.95  -47.35  0.50E-12
2015  12  28   0 -20.90  -47.35  0.10E-11
2015  12  28   0 -20.85  -47.35  0.10E-11
2015  12  28   0 -20.80  -47.35  0.15E-11
2015  12  28   0 -20.75  -47.35  0.51E-12
2015  12  28   0 -20.60  -47.35  0.10E-11
2015  12  28   0 -20.55  -47.35  0.10E-11
2015  12  28   0 -20.50  -47.35  0.51E-12
2015  12  28   0 -20.45  -47.35  0.10E-11
2015  12  28   0 -20.40  -47.35  0.51E-12
2015  12  28   0 -21.45  -47.30  0.47E-12
2015  12  28   0 -21.40  -47.30  0.96E-12
2015  12  28   0 -21.30  -47.30  0.49E-12
2015  12  28   0 -21.25  -47.30  0.99E-12
2015  12  28   0 -21.10  -47.30  0.98E-12
2015  12  28   0 -21.05  -47.30  0.15E-11
2015  12  28   0 -20.90  -47.30  0.10E-11
2015  12  28   0 -20.85  -47.30  0.51E-12
2015  12  28   0 -20.80  -47.30  0.51E-12
2015  12  28   0 -20.60  -47.30  0.51E-12
2015  12  28   0 -20.55  -47.30  0.10E-11
2015  12  28   0 -20.50  -47.30  0.10E-11
2015  12  28   0 -20.45  -47.30  0.10E-11
2015  12  28   0 -21.45  -47.25  0.47E-12
2015  12  28   0 -21.20  -47.25  0.50E-12
2015  12  28   0 -20.60  -47.25  0.52E-12
2015  12  28   0 -20.55  -47.25  0.50E-12
2015  12  28   0 -20.50  -47.25  0.15E-11
2015  12  28   0 -20.45  -47.25  0.10E-11
2015  12  28   0 -21.20  -47.20  0.49E-12
2015  12  28   0 -21.10  -47.20  0.99E-12
2015  12  28   0 -21.00  -47.20  0.10E-11
2015  12  28   0 -20.75  -47.20  0.51E-12
2015  12  28   0 -20.70  -47.20  0.10E-11
2015  12  28   0 -20.60  -47.20  0.50E-12
2015  12  28   0 -20.90  -47.15  0.51E-12
2015  12  28   0 -20.70  -47.15  0.51E-12
2015  12  28   0 -21.25  -47.10  0.50E-12
2015  12  28   0 -21.05  -47.10  0.50E-12
2015  12  28   0 -20.80  -47.10  0.51E-12
2015  12  28   0 -20.55  -47.10  0.50E-12
2015  12  28   0 -21.20  -47.05  0.50E-12
2015  12  28   0 -21.15  -47.05  0.49E-12
2015  12  28   0 -21.05  -47.05  0.49E-12
2015  12  28   0 -20.55  -47.05  0.50E-12
2015  12  28   0 -21.00  -47.00  0.50E-12
2015  12  28   0 -20.70  -47.00  0.50E-12
2015  12  28   0 -20.65  -47.00  0.50E-12
2015  12  28   0 -21.20  -46.90  0.50E-12
2015  12  28   0 -21.20  -46.85  0.50E-12
