YEAR  MO  DA  HR    LAT     LON Rn2200010
2018   1  13  12 -20.60  -48.25  0.78E-11
2018   1  13  12 -20.55  -48.25  0.51E-11
2018   1  13  12 -20.50  -48.25  0.90E-11
2018   1  13  12 -20.45  -48.25  0.90E-11
2018   1  13  12 -20.40  -48.25  0.47E-11
2018   1  13  12 -20.35  -48.25  0.43E-12
2018   1  13  12 -20.80  -48.20  0.34E-11
2018   1  13  12 -20.75  -48.20  0.88E-11
2018   1  13  12 -20.70  -48.20  0.13E-10
2018   1  13  12 -20.65  -48.20  0.74E-11
2018   1  13  12 -20.60  -48.20  0.15E-10
2018   1  13  12 -20.55  -48.20  0.21E-10
2018   1  13  12 -20.50  -48.20  0.12E-10
2018   1  13  12 -20.45  -48.20  0.25E-10
2018   1  13  12 -20.40  -48.20  0.19E-10
2018   1  13  12 -20.35  -48.20  0.19E-10
2018   1  13  12 -20.30  -48.20  0.15E-10
2018   1  13  12 -20.25  -48.20  0.26E-11
2018   1  13  12 -20.85  -48.15  0.19E-10
2018   1  13  12 -20.80  -48.15  0.12E-10
2018   1  13  12 -20.75  -48.15  0.16E-10
2018   1  13  12 -20.70  -48.15  0.22E-10
2018   1  13  12 -20.65  -48.15  0.15E-10
2018   1  13  12 -20.60  -48.15  0.10E-10
2018   1  13  12 -20.55  -48.15  0.20E-10
2018   1  13  12 -20.50  -48.15  0.17E-10
2018   1  13  12 -20.45  -48.15  0.19E-10
2018   1  13  12 -20.40  -48.15  0.23E-10
2018   1  13  12 -20.35  -48.15  0.26E-10
2018   1  13  12 -20.30  -48.15  0.26E-10
2018   1  13  12 -20.25  -48.15  0.28E-10
2018   1  13  12 -20.20  -48.15  0.13E-10
2018   1  13  12 -20.90  -48.10  0.21E-11
2018   1  13  12 -20.85  -48.10  0.24E-10
2018   1  13  12 -20.80  -48.10  0.23E-10
2018   1  13  12 -20.75  -48.10  0.13E-10
2018   1  13  12 -20.70  -48.10  0.18E-10
2018   1  13  12 -20.65  -48.10  0.24E-10
2018   1  13  12 -20.60  -48.10  0.15E-10
2018   1  13  12 -20.55  -48.10  0.16E-10
2018   1  13  12 -20.50  -48.10  0.26E-10
2018   1  13  12 -20.45  -48.10  0.21E-10
2018   1  13  12 -20.40  -48.10  0.24E-10
2018   1  13  12 -20.35  -48.10  0.30E-10
2018   1  13  12 -20.30  -48.10  0.26E-10
2018   1  13  12 -20.25  -48.10  0.23E-10
2018   1  13  12 -20.20  -48.10  0.33E-10
2018   1  13  12 -20.15  -48.10  0.21E-10
2018   1  13  12 -20.95  -48.05  0.42E-12
2018   1  13  12 -20.90  -48.05  0.35E-11
2018   1  13  12 -20.85  -48.05  0.10E-10
2018   1  13  12 -20.80  -48.05  0.29E-10
2018   1  13  12 -20.75  -48.05  0.26E-10
2018   1  13  12 -20.70  -48.05  0.18E-10
2018   1  13  12 -20.65  -48.05  0.20E-10
2018   1  13  12 -20.60  -48.05  0.22E-10
2018   1  13  12 -20.55  -48.05  0.18E-10
2018   1  13  12 -20.50  -48.05  0.18E-10
2018   1  13  12 -20.45  -48.05  0.23E-10
2018   1  13  12 -20.40  -48.05  0.27E-10
2018   1  13  12 -20.35  -48.05  0.25E-10
2018   1  13  12 -20.30  -48.05  0.32E-10
2018   1  13  12 -20.25  -48.05  0.31E-10
2018   1  13  12 -20.20  -48.05  0.34E-10
2018   1  13  12 -20.15  -48.05  0.42E-10
2018   1  13  12 -20.10  -48.05  0.24E-10
2018   1  13  12 -21.00  -48.00  0.37E-12
2018   1  13  12 -20.95  -48.00  0.30E-11
2018   1  13  12 -20.90  -48.00  0.23E-11
2018   1  13  12 -20.85  -48.00  0.48E-11
2018   1  13  12 -20.80  -48.00  0.11E-10
2018   1  13  12 -20.75  -48.00  0.27E-10
2018   1  13  12 -20.70  -48.00  0.39E-10
2018   1  13  12 -20.65  -48.00  0.26E-10
2018   1  13  12 -20.60  -48.00  0.24E-10
2018   1  13  12 -20.55  -48.00  0.19E-10
2018   1  13  12 -20.50  -48.00  0.16E-10
2018   1  13  12 -20.45  -48.00  0.26E-10
2018   1  13  12 -20.40  -48.00  0.32E-10
2018   1  13  12 -20.35  -48.00  0.31E-10
2018   1  13  12 -20.30  -48.00  0.33E-10
2018   1  13  12 -20.25  -48.00  0.37E-10
2018   1  13  12 -20.20  -48.00  0.45E-10
2018   1  13  12 -20.15  -48.00  0.45E-10
2018   1  13  12 -20.10  -48.00  0.71E-10
2018   1  13  12 -20.05  -48.00  0.17E-10
2018   1  13  12 -21.00  -47.95  0.37E-12
2018   1  13  12 -20.95  -47.95  0.15E-11
2018   1  13  12 -20.90  -47.95  0.45E-11
2018   1  13  12 -20.85  -47.95  0.40E-11
2018   1  13  12 -20.80  -47.95  0.36E-11
2018   1  13  12 -20.75  -47.95  0.56E-11
2018   1  13  12 -20.70  -47.95  0.20E-10
2018   1  13  12 -20.65  -47.95  0.40E-10
2018   1  13  12 -20.60  -47.95  0.31E-10
2018   1  13  12 -20.55  -47.95  0.25E-10
2018   1  13  12 -20.50  -47.95  0.26E-10
2018   1  13  12 -20.45  -47.95  0.28E-10
2018   1  13  12 -20.40  -47.95  0.24E-10
2018   1  13  12 -20.35  -47.95  0.39E-10
2018   1  13  12 -20.30  -47.95  0.47E-10
2018   1  13  12 -20.25  -47.95  0.51E-10
2018   1  13  12 -20.20  -47.95  0.56E-10
2018   1  13  12 -20.15  -47.95  0.68E-10
2018   1  13  12 -20.10  -47.95  0.75E-10
2018   1  13  12 -20.05  -47.95  0.91E-10
2018   1  13  12 -20.00  -47.95  0.14E-10
2018   1  13  12 -21.10  -47.90  0.42E-12
2018   1  13  12 -21.05  -47.90  0.79E-12
2018   1  13  12 -21.00  -47.90  0.16E-11
2018   1  13  12 -20.95  -47.90  0.12E-11
2018   1  13  12 -20.90  -47.90  0.11E-11
2018   1  13  12 -20.85  -47.90  0.39E-11
2018   1  13  12 -20.80  -47.90  0.20E-11
2018   1  13  12 -20.75  -47.90  0.52E-11
2018   1  13  12 -20.70  -47.90  0.59E-11
2018   1  13  12 -20.65  -47.90  0.90E-11
2018   1  13  12 -20.60  -47.90  0.23E-10
2018   1  13  12 -20.55  -47.90  0.38E-10
2018   1  13  12 -20.50  -47.90  0.39E-10
2018   1  13  12 -20.45  -47.90  0.40E-10
2018   1  13  12 -20.40  -47.90  0.38E-10
2018   1  13  12 -20.35  -47.90  0.53E-10
2018   1  13  12 -20.30  -47.90  0.62E-10
2018   1  13  12 -20.25  -47.90  0.83E-10
2018   1  13  12 -20.20  -47.90  0.12E-09
2018   1  13  12 -20.15  -47.90  0.14E-09
2018   1  13  12 -20.10  -47.90  0.18E-09
2018   1  13  12 -20.05  -47.90  0.22E-09
2018   1  13  12 -20.00  -47.90  0.18E-09
2018   1  13  12 -21.10  -47.85  0.15E-11
2018   1  13  12 -21.05  -47.85  0.47E-11
2018   1  13  12 -21.00  -47.85  0.37E-12
2018   1  13  12 -20.95  -47.85  0.13E-11
2018   1  13  12 -20.90  -47.85  0.25E-11
2018   1  13  12 -20.85  -47.85  0.15E-11
2018   1  13  12 -20.80  -47.85  0.20E-11
2018   1  13  12 -20.75  -47.85  0.37E-12
2018   1  13  12 -20.70  -47.85  0.24E-11
2018   1  13  12 -20.65  -47.85  0.45E-11
2018   1  13  12 -20.60  -47.85  0.65E-11
2018   1  13  12 -20.55  -47.85  0.88E-11
2018   1  13  12 -20.50  -47.85  0.14E-10
2018   1  13  12 -20.45  -47.85  0.28E-10
2018   1  13  12 -20.40  -47.85  0.42E-10
2018   1  13  12 -20.35  -47.85  0.40E-10
2018   1  13  12 -20.30  -47.85  0.59E-10
2018   1  13  12 -20.25  -47.85  0.71E-10
2018   1  13  12 -20.20  -47.85  0.12E-09
2018   1  13  12 -20.15  -47.85  0.12E-09
2018   1  13  12 -20.10  -47.85  0.24E-09
2018   1  13  12 -20.05  -47.85  0.30E-09
2018   1  13  12 -20.00  -47.85  0.55E-09
2018   1  13  12 -19.95  -47.85  0.21E-10
2018   1  13  12 -21.10  -47.80  0.42E-12
2018   1  13  12 -21.05  -47.80  0.40E-11
2018   1  13  12 -21.00  -47.80  0.38E-11
2018   1  13  12 -20.95  -47.80  0.15E-11
2018   1  13  12 -20.90  -47.80  0.85E-12
2018   1  13  12 -20.85  -47.80  0.25E-11
2018   1  13  12 -20.80  -47.80  0.80E-12
2018   1  13  12 -20.75  -47.80  0.19E-11
2018   1  13  12 -20.70  -47.80  0.28E-11
2018   1  13  12 -20.65  -47.80  0.12E-11
2018   1  13  12 -20.60  -47.80  0.24E-11
2018   1  13  12 -20.55  -47.80  0.42E-11
2018   1  13  12 -20.50  -47.80  0.37E-11
2018   1  13  12 -20.45  -47.80  0.36E-11
2018   1  13  12 -20.40  -47.80  0.37E-11
2018   1  13  12 -20.35  -47.80  0.23E-11
2018   1  13  12 -20.25  -47.80  0.32E-11
2018   1  13  12 -20.20  -47.80  0.14E-11
2018   1  13  12 -20.15  -47.80  0.58E-12
2018   1  13  12 -20.10  -47.80  0.17E-11
2018   1  13  12 -20.05  -47.80  0.21E-11
2018   1  13  12 -20.00  -47.80  0.23E-11
2018   1  13  12 -21.20  -47.75  0.42E-12
2018   1  13  12 -21.15  -47.75  0.79E-12
2018   1  13  12 -21.05  -47.75  0.42E-12
2018   1  13  12 -21.00  -47.75  0.24E-11
2018   1  13  12 -20.95  -47.75  0.31E-11
2018   1  13  12 -20.90  -47.75  0.19E-11
2018   1  13  12 -20.85  -47.75  0.75E-12
2018   1  13  12 -20.80  -47.75  0.13E-11
2018   1  13  12 -20.75  -47.75  0.21E-11
2018   1  13  12 -20.70  -47.75  0.43E-12
2018   1  13  12 -20.65  -47.75  0.81E-12
2018   1  13  12 -20.60  -47.75  0.26E-11
2018   1  13  12 -20.55  -47.75  0.81E-12
2018   1  13  12 -20.50  -47.75  0.76E-12
2018   1  13  12 -20.45  -47.75  0.38E-12
2018   1  13  12 -20.35  -47.75  0.38E-12
2018   1  13  12 -21.10  -47.70  0.37E-12
2018   1  13  12 -20.95  -47.70  0.85E-12
2018   1  13  12 -20.90  -47.70  0.17E-11
2018   1  13  12 -20.85  -47.70  0.20E-11
2018   1  13  12 -20.80  -47.70  0.32E-11
2018   1  13  12 -20.75  -47.70  0.11E-11
2018   1  13  12 -20.70  -47.70  0.17E-11
2018   1  13  12 -20.65  -47.70  0.87E-12
2018   1  13  12 -20.60  -47.70  0.43E-12
2018   1  13  12 -21.15  -47.65  0.11E-11
2018   1  13  12 -21.10  -47.65  0.37E-12
2018   1  13  12 -20.85  -47.65  0.86E-12
2018   1  13  12 -20.80  -47.65  0.81E-12
2018   1  13  12 -20.75  -47.65  0.16E-11
2018   1  13  12 -20.70  -47.65  0.25E-11
2018   1  13  12 -20.65  -47.65  0.12E-11
2018   1  13  12 -21.10  -47.60  0.74E-12
2018   1  13  12 -21.05  -47.60  0.74E-12
2018   1  13  12 -20.80  -47.60  0.81E-12
2018   1  13  12 -21.25  -47.55  0.42E-12
2018   1  13  12 -21.20  -47.55  0.85E-12
2018   1  13  12 -21.05  -47.55  0.74E-12
2018   1  13  12 -21.00  -47.55  0.11E-11
2018   1  13  12 -20.95  -47.55  0.37E-12
2018   1  13  12 -20.75  -47.55  0.38E-12
2018   1  13  12 -20.70  -47.55  0.38E-12
2018   1  13  12 -21.30  -47.50  0.74E-12
2018   1  13  12 -21.20  -47.50  0.43E-12
2018   1  13  12 -21.15  -47.50  0.13E-11
2018   1  13  12 -21.25  -47.45  0.11E-11
2018   1  13  12 -21.10  -47.45  0.43E-12
2018   1  13  12 -21.25  -47.40  0.37E-12
2018   1  13  12 -21.20  -47.40  0.74E-12
2018   1  14   0 -21.50  -48.45  0.49E-12
2018   1  14   0 -21.10  -48.45  0.42E-12
2018   1  14   0 -20.95  -48.45  0.12E-11
2018   1  14   0 -20.90  -48.45  0.17E-11
2018   1  14   0 -20.85  -48.45  0.25E-11
2018   1  14   0 -20.80  -48.45  0.79E-11
2018   1  14   0 -20.75  -48.45  0.67E-11
2018   1  14   0 -20.70  -48.45  0.10E-10
2018   1  14   0 -20.65  -48.45  0.12E-10
2018   1  14   0 -20.60  -48.45  0.42E-11
2018   1  14   0 -20.55  -48.45  0.17E-11
2018   1  14   0 -21.40  -48.40  0.49E-12
2018   1  14   0 -21.20  -48.40  0.41E-12
2018   1  14   0 -21.15  -48.40  0.13E-11
2018   1  14   0 -21.10  -48.40  0.22E-11
2018   1  14   0 -21.05  -48.40  0.16E-11
2018   1  14   0 -21.00  -48.40  0.59E-11
2018   1  14   0 -20.95  -48.40  0.42E-11
2018   1  14   0 -20.90  -48.40  0.12E-10
2018   1  14   0 -20.85  -48.40  0.71E-11
2018   1  14   0 -20.80  -48.40  0.13E-10
2018   1  14   0 -20.75  -48.40  0.17E-10
2018   1  14   0 -20.70  -48.40  0.10E-10
2018   1  14   0 -20.65  -48.40  0.17E-10
2018   1  14   0 -20.60  -48.40  0.24E-10
2018   1  14   0 -20.55  -48.40  0.28E-10
2018   1  14   0 -20.50  -48.40  0.17E-10
2018   1  14   0 -20.45  -48.40  0.43E-11
2018   1  14   0 -21.55  -48.35  0.47E-12
2018   1  14   0 -21.35  -48.35  0.47E-12
2018   1  14   0 -21.30  -48.35  0.89E-12
2018   1  14   0 -21.25  -48.35  0.18E-11
2018   1  14   0 -21.20  -48.35  0.12E-11
2018   1  14   0 -21.15  -48.35  0.51E-11
2018   1  14   0 -21.10  -48.35  0.72E-11
2018   1  14   0 -21.05  -48.35  0.67E-11
2018   1  14   0 -21.00  -48.35  0.89E-11
2018   1  14   0 -20.95  -48.35  0.11E-10
2018   1  14   0 -20.90  -48.35  0.11E-10
2018   1  14   0 -20.85  -48.35  0.93E-11
2018   1  14   0 -20.80  -48.35  0.77E-11
2018   1  14   0 -20.75  -48.35  0.12E-10
2018   1  14   0 -20.70  -48.35  0.13E-10
2018   1  14   0 -20.65  -48.35  0.14E-10
2018   1  14   0 -20.60  -48.35  0.22E-10
2018   1  14   0 -20.55  -48.35  0.25E-10
2018   1  14   0 -20.50  -48.35  0.30E-10
2018   1  14   0 -20.45  -48.35  0.32E-10
2018   1  14   0 -20.40  -48.35  0.20E-10
2018   1  14   0 -20.35  -48.35  0.17E-11
2018   1  14   0 -21.40  -48.30  0.49E-12
2018   1  14   0 -21.35  -48.30  0.41E-12
2018   1  14   0 -21.30  -48.30  0.22E-11
2018   1  14   0 -21.25  -48.30  0.43E-11
2018   1  14   0 -21.20  -48.30  0.64E-11
2018   1  14   0 -21.15  -48.30  0.77E-11
2018   1  14   0 -21.10  -48.30  0.66E-11
2018   1  14   0 -21.05  -48.30  0.14E-10
2018   1  14   0 -21.00  -48.30  0.13E-10
2018   1  14   0 -20.95  -48.30  0.11E-10
2018   1  14   0 -20.90  -48.30  0.13E-10
2018   1  14   0 -20.85  -48.30  0.12E-10
2018   1  14   0 -20.80  -48.30  0.99E-11
2018   1  14   0 -20.75  -48.30  0.11E-10
2018   1  14   0 -20.70  -48.30  0.10E-10
2018   1  14   0 -20.65  -48.30  0.98E-11
2018   1  14   0 -20.60  -48.30  0.11E-10
2018   1  14   0 -20.55  -48.30  0.17E-10
2018   1  14   0 -20.50  -48.30  0.19E-10
2018   1  14   0 -20.45  -48.30  0.27E-10
2018   1  14   0 -20.40  -48.30  0.36E-10
2018   1  14   0 -20.35  -48.30  0.36E-10
2018   1  14   0 -20.30  -48.30  0.60E-11
2018   1  14   0 -21.55  -48.25  0.49E-12
2018   1  14   0 -21.50  -48.25  0.47E-12
2018   1  14   0 -21.40  -48.25  0.48E-12
2018   1  14   0 -21.35  -48.25  0.87E-12
2018   1  14   0 -21.30  -48.25  0.29E-11
2018   1  14   0 -21.25  -48.25  0.34E-11
2018   1  14   0 -21.20  -48.25  0.50E-11
2018   1  14   0 -21.15  -48.25  0.75E-11
2018   1  14   0 -21.10  -48.25  0.74E-11
2018   1  14   0 -21.05  -48.25  0.14E-10
2018   1  14   0 -21.00  -48.25  0.19E-10
2018   1  14   0 -20.95  -48.25  0.15E-10
2018   1  14   0 -20.90  -48.25  0.13E-10
2018   1  14   0 -20.85  -48.25  0.13E-10
2018   1  14   0 -20.80  -48.25  0.15E-10
2018   1  14   0 -20.75  -48.25  0.98E-11
2018   1  14   0 -20.70  -48.25  0.13E-10
2018   1  14   0 -20.65  -48.25  0.17E-10
2018   1  14   0 -20.60  -48.25  0.13E-10
2018   1  14   0 -20.55  -48.25  0.12E-10
2018   1  14   0 -20.50  -48.25  0.13E-10
2018   1  14   0 -20.45  -48.25  0.18E-10
2018   1  14   0 -20.40  -48.25  0.30E-10
2018   1  14   0 -20.35  -48.25  0.54E-10
2018   1  14   0 -20.30  -48.25  0.47E-10
2018   1  14   0 -20.25  -48.25  0.17E-10
2018   1  14   0 -21.50  -48.20  0.41E-12
2018   1  14   0 -21.45  -48.20  0.25E-11
2018   1  14   0 -21.40  -48.20  0.17E-11
2018   1  14   0 -21.35  -48.20  0.34E-11
2018   1  14   0 -21.30  -48.20  0.37E-11
2018   1  14   0 -21.25  -48.20  0.40E-11
2018   1  14   0 -21.20  -48.20  0.31E-11
2018   1  14   0 -21.15  -48.20  0.51E-11
2018   1  14   0 -21.10  -48.20  0.61E-11
2018   1  14   0 -21.05  -48.20  0.99E-11
2018   1  14   0 -21.00  -48.20  0.17E-10
2018   1  14   0 -20.95  -48.20  0.16E-10
2018   1  14   0 -20.90  -48.20  0.18E-10
2018   1  14   0 -20.85  -48.20  0.22E-10
2018   1  14   0 -20.80  -48.20  0.18E-10
2018   1  14   0 -20.75  -48.20  0.12E-10
2018   1  14   0 -20.70  -48.20  0.35E-11
2018   1  14   0 -20.65  -48.20  0.18E-11
2018   1  14   0 -20.60  -48.20  0.13E-11
2018   1  14   0 -20.55  -48.20  0.85E-12
2018   1  14   0 -20.50  -48.20  0.34E-11
2018   1  14   0 -20.45  -48.20  0.17E-11
2018   1  14   0 -20.40  -48.20  0.73E-11
2018   1  14   0 -20.35  -48.20  0.10E-10
2018   1  14   0 -20.30  -48.20  0.28E-10
2018   1  14   0 -20.25  -48.20  0.64E-10
2018   1  14   0 -20.20  -48.20  0.21E-10
2018   1  14   0 -21.80  -48.15  0.48E-12
2018   1  14   0 -21.60  -48.15  0.48E-12
2018   1  14   0 -21.50  -48.15  0.88E-12
2018   1  14   0 -21.45  -48.15  0.76E-12
2018   1  14   0 -21.40  -48.15  0.37E-11
2018   1  14   0 -21.35  -48.15  0.16E-11
2018   1  14   0 -21.30  -48.15  0.13E-11
2018   1  14   0 -21.25  -48.15  0.29E-11
2018   1  14   0 -21.20  -48.15  0.32E-11
2018   1  14   0 -21.15  -48.15  0.24E-11
2018   1  14   0 -21.10  -48.15  0.28E-11
2018   1  14   0 -21.05  -48.15  0.69E-11
2018   1  14   0 -21.00  -48.15  0.94E-11
2018   1  14   0 -20.95  -48.15  0.12E-10
2018   1  14   0 -20.90  -48.15  0.27E-10
2018   1  14   0 -20.85  -48.15  0.11E-10
2018   1  14   0 -20.80  -48.15  0.30E-11
2018   1  14   0 -20.75  -48.15  0.29E-11
2018   1  14   0 -20.70  -48.15  0.92E-12
2018   1  14   0 -20.65  -48.15  0.18E-11
2018   1  14   0 -20.60  -48.15  0.84E-12
2018   1  14   0 -20.50  -48.15  0.17E-11
2018   1  14   0 -20.45  -48.15  0.34E-11
2018   1  14   0 -20.40  -48.15  0.26E-11
2018   1  14   0 -20.35  -48.15  0.86E-11
2018   1  14   0 -20.30  -48.15  0.86E-11
2018   1  14   0 -20.25  -48.15  0.13E-10
2018   1  14   0 -20.20  -48.15  0.54E-10
2018   1  14   0 -20.15  -48.15  0.20E-10
2018   1  14   0 -21.65  -48.10  0.27E-11
2018   1  14   0 -21.60  -48.10  0.19E-11
2018   1  14   0 -21.55  -48.10  0.87E-12
2018   1  14   0 -21.50  -48.10  0.23E-11
2018   1  14   0 -21.45  -48.10  0.14E-11
2018   1  14   0 -21.40  -48.10  0.81E-12
2018   1  14   0 -21.35  -48.10  0.34E-11
2018   1  14   0 -21.30  -48.10  0.77E-12
2018   1  14   0 -21.25  -48.10  0.22E-11
2018   1  14   0 -21.20  -48.10  0.13E-11
2018   1  14   0 -21.15  -48.10  0.14E-11
2018   1  14   0 -21.10  -48.10  0.19E-11
2018   1  14   0 -21.05  -48.10  0.68E-11
2018   1  14   0 -21.00  -48.10  0.83E-11
2018   1  14   0 -20.95  -48.10  0.93E-11
2018   1  14   0 -20.90  -48.10  0.80E-11
2018   1  14   0 -20.85  -48.10  0.20E-11
2018   1  14   0 -20.80  -48.10  0.15E-11
2018   1  14   0 -20.75  -48.10  0.15E-11
2018   1  14   0 -20.70  -48.10  0.15E-11
2018   1  14   0 -20.65  -48.10  0.84E-12
2018   1  14   0 -20.60  -48.10  0.17E-11
2018   1  14   0 -20.55  -48.10  0.43E-12
2018   1  14   0 -20.50  -48.10  0.42E-12
2018   1  14   0 -20.45  -48.10  0.30E-11
2018   1  14   0 -20.40  -48.10  0.17E-11
2018   1  14   0 -20.35  -48.10  0.56E-11
2018   1  14   0 -20.30  -48.10  0.65E-11
2018   1  14   0 -20.25  -48.10  0.74E-11
2018   1  14   0 -20.20  -48.10  0.18E-10
2018   1  14   0 -20.15  -48.10  0.65E-10
2018   1  14   0 -20.10  -48.10  0.92E-11
2018   1  14   0 -21.80  -48.05  0.94E-12
2018   1  14   0 -21.70  -48.05  0.19E-11
2018   1  14   0 -21.60  -48.05  0.89E-12
2018   1  14   0 -21.55  -48.05  0.35E-12
2018   1  14   0 -21.50  -48.05  0.18E-11
2018   1  14   0 -21.40  -48.05  0.89E-12
2018   1  14   0 -21.35  -48.05  0.12E-11
2018   1  14   0 -21.30  -48.05  0.23E-11
2018   1  14   0 -21.25  -48.05  0.23E-11
2018   1  14   0 -21.20  -48.05  0.48E-12
2018   1  14   0 -21.15  -48.05  0.85E-12
2018   1  14   0 -21.10  -48.05  0.91E-12
2018   1  14   0 -21.05  -48.05  0.16E-11
2018   1  14   0 -21.00  -48.05  0.82E-11
2018   1  14   0 -20.95  -48.05  0.23E-11
2018   1  14   0 -20.90  -48.05  0.18E-11
2018   1  14   0 -20.85  -48.05  0.19E-11
2018   1  14   0 -20.80  -48.05  0.14E-11
2018   1  14   0 -20.75  -48.05  0.29E-11
2018   1  14   0 -20.70  -48.05  0.33E-11
2018   1  14   0 -20.65  -48.05  0.18E-11
2018   1  14   0 -20.60  -48.05  0.30E-11
2018   1  14   0 -20.55  -48.05  0.84E-12
2018   1  14   0 -20.50  -48.05  0.17E-11
2018   1  14   0 -20.45  -48.05  0.26E-11
2018   1  14   0 -20.40  -48.05  0.13E-11
2018   1  14   0 -20.35  -48.05  0.26E-11
2018   1  14   0 -20.30  -48.05  0.73E-11
2018   1  14   0 -20.25  -48.05  0.78E-11
2018   1  14   0 -20.20  -48.05  0.15E-10
2018   1  14   0 -20.15  -48.05  0.26E-10
2018   1  14   0 -20.10  -48.05  0.54E-10
2018   1  14   0 -22.10  -48.00  0.94E-12
2018   1  14   0 -21.95  -48.00  0.47E-12
2018   1  14   0 -21.75  -48.00  0.89E-12
2018   1  14   0 -21.70  -48.00  0.47E-12
2018   1  14   0 -21.65  -48.00  0.24E-11
2018   1  14   0 -21.60  -48.00  0.88E-12
2018   1  14   0 -21.55  -48.00  0.17E-11
2018   1  14   0 -21.50  -48.00  0.22E-11
2018   1  14   0 -21.45  -48.00  0.12E-11
2018   1  14   0 -21.35  -48.00  0.13E-11
2018   1  14   0 -21.30  -48.00  0.11E-11
2018   1  14   0 -21.25  -48.00  0.22E-11
2018   1  14   0 -21.20  -48.00  0.24E-11
2018   1  14   0 -21.15  -48.00  0.49E-12
2018   1  14   0 -21.10  -48.00  0.78E-12
2018   1  14   0 -21.05  -48.00  0.17E-11
2018   1  14   0 -21.00  -48.00  0.26E-11
2018   1  14   0 -20.95  -48.00  0.17E-11
2018   1  14   0 -20.90  -48.00  0.15E-11
2018   1  14   0 -20.85  -48.00  0.98E-12
2018   1  14   0 -20.80  -48.00  0.20E-11
2018   1  14   0 -20.75  -48.00  0.28E-11
2018   1  14   0 -20.70  -48.00  0.14E-11
2018   1  14   0 -20.65  -48.00  0.14E-11
2018   1  14   0 -20.60  -48.00  0.28E-11
2018   1  14   0 -20.55  -48.00  0.84E-12
2018   1  14   0 -20.45  -48.00  0.85E-12
2018   1  14   0 -20.40  -48.00  0.30E-11
2018   1  14   0 -20.35  -48.00  0.30E-11
2018   1  14   0 -20.30  -48.00  0.70E-11
2018   1  14   0 -20.25  -48.00  0.15E-10
2018   1  14   0 -20.20  -48.00  0.14E-10
2018   1  14   0 -20.15  -48.00  0.33E-10
2018   1  14   0 -20.10  -48.00  0.73E-10
2018   1  14   0 -20.05  -48.00  0.79E-10
2018   1  14   0 -22.05  -47.95  0.47E-12
2018   1  14   0 -21.95  -47.95  0.47E-12
2018   1  14   0 -21.90  -47.95  0.47E-12
2018   1  14   0 -21.85  -47.95  0.47E-12
2018   1  14   0 -21.80  -47.95  0.46E-12
2018   1  14   0 -21.70  -47.95  0.47E-12
2018   1  14   0 -21.65  -47.95  0.17E-11
2018   1  14   0 -21.60  -47.95  0.83E-12
2018   1  14   0 -21.55  -47.95  0.25E-11
2018   1  14   0 -21.50  -47.95  0.33E-11
2018   1  14   0 -21.45  -47.95  0.22E-11
2018   1  14   0 -21.40  -47.95  0.84E-12
2018   1  14   0 -21.35  -47.95  0.21E-11
2018   1  14   0 -21.30  -47.95  0.14E-11
2018   1  14   0 -21.20  -47.95  0.84E-12
2018   1  14   0 -21.15  -47.95  0.35E-11
2018   1  14   0 -21.10  -47.95  0.17E-11
2018   1  14   0 -21.05  -47.95  0.13E-11
2018   1  14   0 -21.00  -47.95  0.49E-12
2018   1  14   0 -20.95  -47.95  0.91E-12
2018   1  14   0 -20.90  -47.95  0.49E-12
2018   1  14   0 -20.85  -47.95  0.13E-11
2018   1  14   0 -20.80  -47.95  0.20E-11
2018   1  14   0 -20.75  -47.95  0.35E-11
2018   1  14   0 -20.70  -47.95  0.45E-11
2018   1  14   0 -20.65  -47.95  0.59E-11
2018   1  14   0 -20.60  -47.95  0.32E-11
2018   1  14   0 -20.55  -47.95  0.22E-11
2018   1  14   0 -20.50  -47.95  0.30E-11
2018   1  14   0 -20.45  -47.95  0.70E-11
2018   1  14   0 -20.40  -47.95  0.31E-11
2018   1  14   0 -20.35  -47.95  0.58E-11
2018   1  14   0 -20.30  -47.95  0.54E-11
2018   1  14   0 -20.25  -47.95  0.11E-10
2018   1  14   0 -20.20  -47.95  0.23E-10
2018   1  14   0 -20.15  -47.95  0.30E-10
2018   1  14   0 -20.10  -47.95  0.51E-10
2018   1  14   0 -20.05  -47.95  0.15E-09
2018   1  14   0 -20.00  -47.95  0.10E-09
2018   1  14   0 -22.00  -47.90  0.82E-12
2018   1  14   0 -21.90  -47.90  0.88E-12
2018   1  14   0 -21.85  -47.90  0.18E-11
2018   1  14   0 -21.80  -47.90  0.14E-11
2018   1  14   0 -21.75  -47.90  0.47E-12
2018   1  14   0 -21.70  -47.90  0.14E-11
2018   1  14   0 -21.65  -47.90  0.35E-12
2018   1  14   0 -21.60  -47.90  0.23E-11
2018   1  14   0 -21.55  -47.90  0.98E-12
2018   1  14   0 -21.50  -47.90  0.29E-11
2018   1  14   0 -21.45  -47.90  0.90E-12
2018   1  14   0 -21.35  -47.90  0.49E-12
2018   1  14   0 -21.30  -47.90  0.16E-11
2018   1  14   0 -21.25  -47.90  0.37E-12
2018   1  14   0 -21.20  -47.90  0.13E-11
2018   1  14   0 -21.15  -47.90  0.79E-12
2018   1  14   0 -21.10  -47.90  0.57E-11
2018   1  14   0 -21.05  -47.90  0.86E-12
2018   1  14   0 -21.00  -47.90  0.41E-12
2018   1  14   0 -20.95  -47.90  0.49E-12
2018   1  14   0 -20.85  -47.90  0.49E-12
2018   1  14   0 -20.80  -47.90  0.25E-11
2018   1  14   0 -20.75  -47.90  0.15E-11
2018   1  14   0 -20.70  -47.90  0.40E-11
2018   1  14   0 -20.65  -47.90  0.39E-11
2018   1  14   0 -20.60  -47.90  0.25E-11
2018   1  14   0 -20.55  -47.90  0.58E-11
2018   1  14   0 -20.50  -47.90  0.62E-11
2018   1  14   0 -20.45  -47.90  0.49E-11
2018   1  14   0 -20.40  -47.90  0.77E-11
2018   1  14   0 -20.35  -47.90  0.92E-11
2018   1  14   0 -20.30  -47.90  0.82E-11
2018   1  14   0 -20.25  -47.90  0.11E-10
2018   1  14   0 -20.20  -47.90  0.23E-10
2018   1  14   0 -20.15  -47.90  0.21E-10
2018   1  14   0 -20.10  -47.90  0.51E-10
2018   1  14   0 -20.05  -47.90  0.15E-09
2018   1  14   0 -20.00  -47.90  0.72E-09
2018   1  14   0 -21.95  -47.85  0.41E-12
2018   1  14   0 -21.90  -47.85  0.13E-11
2018   1  14   0 -21.85  -47.85  0.89E-12
2018   1  14   0 -21.80  -47.85  0.82E-12
2018   1  14   0 -21.75  -47.85  0.13E-11
2018   1  14   0 -21.70  -47.85  0.19E-11
2018   1  14   0 -21.65  -47.85  0.35E-12
2018   1  14   0 -21.60  -47.85  0.26E-11
2018   1  14   0 -21.55  -47.85  0.80E-12
2018   1  14   0 -21.50  -47.85  0.49E-12
2018   1  14   0 -21.45  -47.85  0.48E-12
2018   1  14   0 -21.40  -47.85  0.42E-12
2018   1  14   0 -21.35  -47.85  0.84E-12
2018   1  14   0 -21.25  -47.85  0.84E-12
2018   1  14   0 -21.20  -47.85  0.73E-12
2018   1  14   0 -21.10  -47.85  0.13E-11
2018   1  14   0 -21.05  -47.85  0.37E-12
2018   1  14   0 -21.00  -47.85  0.49E-12
2018   1  14   0 -20.95  -47.85  0.15E-11
2018   1  14   0 -20.90  -47.85  0.91E-12
2018   1  14   0 -20.85  -47.85  0.49E-12
2018   1  14   0 -20.80  -47.85  0.15E-11
2018   1  14   0 -20.75  -47.85  0.10E-11
2018   1  14   0 -20.70  -47.85  0.25E-11
2018   1  14   0 -20.65  -47.85  0.45E-11
2018   1  14   0 -20.60  -47.85  0.47E-11
2018   1  14   0 -20.55  -47.85  0.55E-11
2018   1  14   0 -20.50  -47.85  0.81E-11
2018   1  14   0 -20.45  -47.85  0.84E-11
2018   1  14   0 -20.40  -47.85  0.90E-11
2018   1  14   0 -20.35  -47.85  0.69E-11
2018   1  14   0 -20.30  -47.85  0.11E-10
2018   1  14   0 -20.25  -47.85  0.15E-10
2018   1  14   0 -20.20  -47.85  0.18E-10
2018   1  14   0 -20.15  -47.85  0.27E-10
2018   1  14   0 -20.10  -47.85  0.49E-10
2018   1  14   0 -20.05  -47.85  0.97E-10
2018   1  14   0 -20.00  -47.85  0.27E-09
2018   1  14   0 -21.95  -47.80  0.47E-12
2018   1  14   0 -21.85  -47.80  0.94E-12
2018   1  14   0 -21.75  -47.80  0.23E-11
2018   1  14   0 -21.70  -47.80  0.96E-12
2018   1  14   0 -21.65  -47.80  0.12E-11
2018   1  14   0 -21.60  -47.80  0.82E-12
2018   1  14   0 -21.55  -47.80  0.35E-12
2018   1  14   0 -21.35  -47.80  0.36E-12
2018   1  14   0 -21.25  -47.80  0.13E-11
2018   1  14   0 -21.20  -47.80  0.79E-12
2018   1  14   0 -21.15  -47.80  0.37E-12
2018   1  14   0 -21.10  -47.80  0.49E-12
2018   1  14   0 -21.00  -47.80  0.49E-12
2018   1  14   0 -20.85  -47.80  0.49E-12
2018   1  14   0 -20.75  -47.80  0.10E-11
2018   1  14   0 -20.70  -47.80  0.50E-12
2018   1  14   0 -20.65  -47.80  0.10E-11
2018   1  14   0 -20.60  -47.80  0.27E-11
2018   1  14   0 -20.55  -47.80  0.93E-12
2018   1  14   0 -20.50  -47.80  0.51E-11
2018   1  14   0 -20.45  -47.80  0.66E-11
2018   1  14   0 -20.40  -47.80  0.64E-11
2018   1  14   0 -20.35  -47.80  0.78E-11
2018   1  14   0 -20.30  -47.80  0.89E-11
2018   1  14   0 -20.25  -47.80  0.67E-11
2018   1  14   0 -20.20  -47.80  0.84E-11
2018   1  14   0 -20.15  -47.80  0.18E-11
2018   1  14   0 -22.05  -47.75  0.41E-12
2018   1  14   0 -21.85  -47.75  0.24E-11
2018   1  14   0 -21.80  -47.75  0.87E-12
2018   1  14   0 -21.65  -47.75  0.28E-11
2018   1  14   0 -21.60  -47.75  0.12E-11
2018   1  14   0 -21.55  -47.75  0.41E-12
2018   1  14   0 -21.25  -47.75  0.42E-12
2018   1  14   0 -21.20  -47.75  0.13E-11
2018   1  14   0 -21.15  -47.75  0.42E-12
2018   1  14   0 -20.70  -47.75  0.14E-11
2018   1  14   0 -20.65  -47.75  0.51E-12
2018   1  14   0 -20.55  -47.75  0.20E-11
2018   1  14   0 -20.50  -47.75  0.20E-11
2018   1  14   0 -20.45  -47.75  0.30E-11
2018   1  14   0 -20.40  -47.75  0.15E-11
2018   1  14   0 -20.35  -47.75  0.22E-11
2018   1  14   0 -20.30  -47.75  0.13E-11
2018   1  14   0 -20.25  -47.75  0.52E-12
2018   1  14   0 -20.20  -47.75  0.96E-12
2018   1  14   0 -22.00  -47.70  0.41E-12
2018   1  14   0 -21.95  -47.70  0.13E-11
2018   1  14   0 -21.85  -47.70  0.14E-11
2018   1  14   0 -21.80  -47.70  0.14E-11
2018   1  14   0 -21.70  -47.70  0.12E-11
2018   1  14   0 -21.65  -47.70  0.89E-12
2018   1  14   0 -21.50  -47.70  0.48E-12
2018   1  14   0 -20.80  -47.70  0.10E-11
2018   1  14   0 -20.70  -47.70  0.20E-11
2018   1  14   0 -20.65  -47.70  0.10E-11
2018   1  14   0 -20.55  -47.70  0.20E-11
2018   1  14   0 -20.50  -47.70  0.51E-12
2018   1  14   0 -20.45  -47.70  0.51E-12
2018   1  14   0 -21.95  -47.65  0.48E-12
2018   1  14   0 -21.85  -47.65  0.83E-12
2018   1  14   0 -21.75  -47.65  0.88E-12
2018   1  14   0 -21.70  -47.65  0.81E-12
2018   1  14   0 -21.55  -47.65  0.49E-12
2018   1  14   0 -21.40  -47.65  0.42E-12
2018   1  14   0 -21.35  -47.65  0.13E-11
2018   1  14   0 -20.80  -47.65  0.85E-12
2018   1  14   0 -20.70  -47.65  0.10E-11
2018   1  14   0 -20.65  -47.65  0.51E-12
2018   1  14   0 -20.60  -47.65  0.50E-12
2018   1  14   0 -22.05  -47.60  0.81E-12
2018   1  14   0 -21.95  -47.60  0.48E-12
2018   1  14   0 -21.90  -47.60  0.40E-12
2018   1  14   0 -21.85  -47.60  0.87E-12
2018   1  14   0 -21.80  -47.60  0.35E-12
2018   1  14   0 -21.25  -47.60  0.42E-12
2018   1  14   0 -20.70  -47.60  0.51E-12
2018   1  14   0 -20.65  -47.60  0.50E-12
2018   1  14   0 -22.05  -47.55  0.19E-11
2018   1  14   0 -22.00  -47.55  0.95E-12
2018   1  14   0 -21.95  -47.55  0.89E-12
2018   1  14   0 -21.85  -47.55  0.94E-12
2018   1  14   0 -21.80  -47.55  0.41E-12
2018   1  14   0 -21.70  -47.55  0.48E-12
2018   1  14   0 -21.55  -47.55  0.36E-12
2018   1  14   0 -21.45  -47.55  0.37E-12
2018   1  14   0 -21.40  -47.55  0.37E-12
2018   1  14   0 -21.35  -47.55  0.37E-12
2018   1  14   0 -21.30  -47.55  0.37E-12
2018   1  14   0 -20.85  -47.55  0.10E-11
2018   1  14   0 -20.70  -47.55  0.50E-12
2018   1  14   0 -20.60  -47.55  0.51E-12
2018   1  14   0 -22.10  -47.50  0.48E-12
2018   1  14   0 -22.05  -47.50  0.95E-12
2018   1  14   0 -22.00  -47.50  0.48E-12
2018   1  14   0 -21.80  -47.50  0.47E-12
2018   1  14   0 -21.45  -47.50  0.42E-12
2018   1  14   0 -20.75  -47.50  0.10E-11
2018   1  14   0 -22.30  -47.45  0.94E-12
2018   1  14   0 -21.45  -47.45  0.73E-12
2018   1  14   0 -21.40  -47.45  0.37E-12
2018   1  14   0 -21.35  -47.45  0.42E-12
2018   1  14   0 -21.30  -47.45  0.42E-12
2018   1  14   0 -20.90  -47.45  0.50E-12
2018   1  14   0 -21.40  -47.40  0.37E-12
2018   1  14   0 -21.30  -47.40  0.42E-12
2018   1  14   0 -21.95  -47.35  0.40E-12
2018   1  14   0 -21.90  -47.35  0.40E-12
2018   1  14   0 -21.70  -47.30  0.71E-12
2018   1  14   0 -22.30  -47.25  0.48E-12
2018   1  14   0 -22.20  -47.25  0.95E-12
2018   1  14   0 -22.20  -47.15  0.48E-12
2018   1  14   0 -21.70  -47.15  0.36E-12
2018   1  14   0 -21.75  -47.10  0.37E-12
2018   1  14   0 -21.70  -47.10  0.11E-11
2018   1  14   0 -21.65  -47.05  0.37E-12
2018   1  14   0 -21.60  -47.05  0.11E-11
2018   1  14   0 -22.35  -47.00  0.83E-12
2018   1  14   0 -22.10  -47.00  0.47E-12
2018   1  14   0 -22.50  -46.90  0.41E-12
2018   1  14   0 -22.20  -46.75  0.41E-12
2018   1  14   0 -22.25  -46.65  0.35E-12
2018   1  14   0 -22.25  -46.40  0.41E-12
2018   1  14   0 -22.55  -46.25  0.41E-12
2018   1  14   0 -22.50  -46.25  0.41E-12
2018   1  14   0 -22.55  -46.20  0.48E-12
2018   1  14   0 -22.60  -46.10  0.42E-12
2018   1  14   0 -23.00  -46.05  0.41E-12
2018   1  14   0 -22.95  -46.05  0.42E-12
2018   1  14   0 -22.75  -45.90  0.47E-12
