YEAR  MO  DA  HR    LAT     LON Rn2200010
2019   2   2  12 -20.10  -48.70  0.10E-10
2019   2   2  12 -20.05  -48.70  0.58E-11
2019   2   2  12 -20.10  -48.65  0.37E-10
2019   2   2  12 -20.05  -48.65  0.15E-10
2019   2   2  12 -20.10  -48.60  0.38E-10
2019   2   2  12 -20.05  -48.60  0.38E-10
2019   2   2  12 -20.00  -48.60  0.18E-11
2019   2   2  12 -20.10  -48.55  0.48E-10
2019   2   2  12 -20.05  -48.55  0.51E-10
2019   2   2  12 -20.00  -48.55  0.95E-11
2019   2   2  12 -20.10  -48.50  0.61E-10
2019   2   2  12 -20.05  -48.50  0.64E-10
2019   2   2  12 -20.00  -48.50  0.21E-10
2019   2   2  12 -20.10  -48.45  0.66E-10
2019   2   2  12 -20.05  -48.45  0.86E-10
2019   2   2  12 -20.00  -48.45  0.43E-10
2019   2   2  12 -19.95  -48.45  0.18E-11
2019   2   2  12 -20.10  -48.40  0.78E-10
2019   2   2  12 -20.05  -48.40  0.12E-09
2019   2   2  12 -20.00  -48.40  0.65E-10
2019   2   2  12 -19.95  -48.40  0.53E-11
2019   2   2  12 -20.10  -48.35  0.70E-10
2019   2   2  12 -20.05  -48.35  0.14E-09
2019   2   2  12 -20.00  -48.35  0.74E-10
2019   2   2  12 -19.95  -48.35  0.10E-10
2019   2   2  12 -20.10  -48.30  0.51E-10
2019   2   2  12 -20.05  -48.30  0.18E-09
2019   2   2  12 -20.00  -48.30  0.88E-10
2019   2   2  12 -19.95  -48.30  0.18E-10
2019   2   2  12 -20.10  -48.25  0.30E-10
2019   2   2  12 -20.05  -48.25  0.17E-09
2019   2   2  12 -20.00  -48.25  0.12E-09
2019   2   2  12 -19.95  -48.25  0.35E-10
2019   2   2  12 -20.10  -48.20  0.36E-11
2019   2   2  12 -20.05  -48.20  0.21E-09
2019   2   2  12 -20.00  -48.20  0.15E-09
2019   2   2  12 -19.95  -48.20  0.50E-10
2019   2   2  12 -20.05  -48.15  0.20E-09
2019   2   2  12 -20.00  -48.15  0.21E-09
2019   2   2  12 -19.95  -48.15  0.73E-10
2019   2   2  12 -20.05  -48.10  0.17E-09
2019   2   2  12 -20.00  -48.10  0.31E-09
2019   2   2  12 -19.95  -48.10  0.95E-10
2019   2   2  12 -20.05  -48.05  0.15E-09
2019   2   2  12 -20.00  -48.05  0.47E-09
2019   2   2  12 -19.95  -48.05  0.11E-09
2019   2   2  12 -20.05  -48.00  0.20E-10
2019   2   2  12 -20.00  -48.00  0.65E-09
2019   2   2  12 -19.95  -48.00  0.13E-09
2019   2   2  12 -20.00  -47.95  0.90E-09
2019   2   2  12 -19.95  -47.95  0.25E-09
2019   2   2  12 -20.00  -47.90  0.11E-08
2019   2   2  12 -19.95  -47.90  0.17E-09
2019   2   2  12 -20.00  -47.85  0.14E-10
2019   2   3   0 -19.60  -49.30  0.50E-12
2019   2   3   0 -19.90  -49.20  0.12E-11
2019   2   3   0 -20.00  -48.95  0.70E-12
2019   2   3   0 -20.10  -48.90  0.48E-11
2019   2   3   0 -20.05  -48.90  0.21E-11
2019   2   3   0 -20.10  -48.85  0.38E-10
2019   2   3   0 -20.05  -48.85  0.14E-10
2019   2   3   0 -20.00  -48.85  0.49E-11
2019   2   3   0 -19.95  -48.85  0.21E-11
2019   2   3   0 -19.90  -48.85  0.17E-11
2019   2   3   0 -20.15  -48.80  0.51E-11
2019   2   3   0 -20.10  -48.80  0.15E-09
2019   2   3   0 -20.05  -48.80  0.38E-10
2019   2   3   0 -20.00  -48.80  0.12E-10
2019   2   3   0 -19.95  -48.80  0.24E-11
2019   2   3   0 -19.90  -48.80  0.68E-12
2019   2   3   0 -19.85  -48.80  0.50E-12
2019   2   3   0 -19.75  -48.80  0.58E-12
2019   2   3   0 -20.15  -48.75  0.41E-10
2019   2   3   0 -20.10  -48.75  0.16E-09
2019   2   3   0 -20.05  -48.75  0.56E-10
2019   2   3   0 -20.00  -48.75  0.41E-10
2019   2   3   0 -19.95  -48.75  0.46E-11
2019   2   3   0 -19.90  -48.75  0.29E-11
2019   2   3   0 -20.15  -48.70  0.61E-10
2019   2   3   0 -20.10  -48.70  0.14E-09
2019   2   3   0 -20.05  -48.70  0.28E-10
2019   2   3   0 -20.00  -48.70  0.55E-10
2019   2   3   0 -19.95  -48.70  0.21E-10
2019   2   3   0 -19.90  -48.70  0.25E-11
2019   2   3   0 -19.85  -48.70  0.25E-11
2019   2   3   0 -20.15  -48.65  0.11E-09
2019   2   3   0 -20.10  -48.65  0.12E-09
2019   2   3   0 -20.05  -48.65  0.47E-10
2019   2   3   0 -20.00  -48.65  0.54E-10
2019   2   3   0 -19.95  -48.65  0.15E-10
2019   2   3   0 -19.90  -48.65  0.95E-11
2019   2   3   0 -19.85  -48.65  0.36E-11
2019   2   3   0 -19.80  -48.65  0.17E-11
2019   2   3   0 -19.75  -48.65  0.50E-12
2019   2   3   0 -19.70  -48.65  0.50E-12
2019   2   3   0 -20.15  -48.60  0.12E-09
2019   2   3   0 -20.10  -48.60  0.11E-09
2019   2   3   0 -20.05  -48.60  0.44E-10
2019   2   3   0 -20.00  -48.60  0.66E-10
2019   2   3   0 -19.95  -48.60  0.43E-10
2019   2   3   0 -19.90  -48.60  0.14E-10
2019   2   3   0 -19.85  -48.60  0.22E-11
2019   2   3   0 -19.80  -48.60  0.11E-11
2019   2   3   0 -19.70  -48.60  0.11E-11
2019   2   3   0 -20.15  -48.55  0.11E-09
2019   2   3   0 -20.10  -48.55  0.85E-10
2019   2   3   0 -20.05  -48.55  0.30E-10
2019   2   3   0 -20.00  -48.55  0.71E-10
2019   2   3   0 -19.95  -48.55  0.41E-10
2019   2   3   0 -19.90  -48.55  0.12E-10
2019   2   3   0 -19.85  -48.55  0.23E-11
2019   2   3   0 -19.75  -48.55  0.11E-11
2019   2   3   0 -20.15  -48.50  0.11E-09
2019   2   3   0 -20.10  -48.50  0.14E-09
2019   2   3   0 -20.05  -48.50  0.50E-10
2019   2   3   0 -20.00  -48.50  0.81E-10
2019   2   3   0 -19.95  -48.50  0.57E-10
2019   2   3   0 -19.90  -48.50  0.17E-11
2019   2   3   0 -19.85  -48.50  0.12E-11
2019   2   3   0 -19.75  -48.50  0.12E-11
2019   2   3   0 -20.15  -48.45  0.54E-10
2019   2   3   0 -20.10  -48.45  0.19E-09
2019   2   3   0 -20.05  -48.45  0.55E-10
2019   2   3   0 -20.00  -48.45  0.91E-10
2019   2   3   0 -19.95  -48.45  0.43E-10
2019   2   3   0 -19.90  -48.45  0.58E-12
2019   2   3   0 -20.15  -48.40  0.65E-11
2019   2   3   0 -20.10  -48.40  0.24E-09
2019   2   3   0 -20.05  -48.40  0.59E-10
2019   2   3   0 -20.00  -48.40  0.12E-09
2019   2   3   0 -19.95  -48.40  0.36E-10
2019   2   3   0 -19.90  -48.40  0.58E-12
2019   2   3   0 -20.10  -48.35  0.26E-09
2019   2   3   0 -20.05  -48.35  0.73E-10
2019   2   3   0 -20.00  -48.35  0.12E-09
2019   2   3   0 -19.95  -48.35  0.24E-10
2019   2   3   0 -19.90  -48.35  0.59E-12
2019   2   3   0 -20.10  -48.30  0.26E-09
2019   2   3   0 -20.05  -48.30  0.88E-10
2019   2   3   0 -20.00  -48.30  0.12E-09
2019   2   3   0 -19.95  -48.30  0.24E-10
2019   2   3   0 -20.10  -48.25  0.24E-09
2019   2   3   0 -20.05  -48.25  0.10E-09
2019   2   3   0 -20.00  -48.25  0.16E-09
2019   2   3   0 -19.95  -48.25  0.33E-10
2019   2   3   0 -19.90  -48.25  0.12E-11
2019   2   3   0 -20.10  -48.20  0.21E-09
2019   2   3   0 -20.05  -48.20  0.14E-09
2019   2   3   0 -20.00  -48.20  0.16E-09
2019   2   3   0 -19.95  -48.20  0.25E-10
2019   2   3   0 -20.10  -48.15  0.47E-10
2019   2   3   0 -20.05  -48.15  0.31E-09
2019   2   3   0 -20.00  -48.15  0.20E-09
2019   2   3   0 -19.95  -48.15  0.53E-10
2019   2   3   0 -20.05  -48.10  0.34E-09
2019   2   3   0 -20.00  -48.10  0.16E-09
2019   2   3   0 -19.95  -48.10  0.90E-10
2019   2   3   0 -19.85  -48.10  0.62E-12
2019   2   3   0 -20.05  -48.05  0.31E-09
2019   2   3   0 -20.00  -48.05  0.12E-09
2019   2   3   0 -19.95  -48.05  0.12E-09
2019   2   3   0 -19.90  -48.05  0.63E-12
2019   2   3   0 -19.85  -48.05  0.62E-12
2019   2   3   0 -20.05  -48.00  0.14E-09
2019   2   3   0 -20.00  -48.00  0.31E-09
2019   2   3   0 -19.95  -48.00  0.11E-09
2019   2   3   0 -19.90  -48.00  0.13E-10
2019   2   3   0 -19.85  -48.00  0.25E-11
2019   2   3   0 -19.75  -48.00  0.13E-11
2019   2   3   0 -20.00  -47.95  0.43E-09
2019   2   3   0 -19.95  -47.95  0.11E-09
2019   2   3   0 -19.90  -47.95  0.45E-10
2019   2   3   0 -19.85  -47.95  0.40E-11
2019   2   3   0 -19.80  -47.95  0.64E-12
2019   2   3   0 -20.00  -47.90  0.54E-09
2019   2   3   0 -19.95  -47.90  0.18E-09
2019   2   3   0 -19.90  -47.90  0.68E-10
2019   2   3   0 -19.85  -47.90  0.17E-10
2019   2   3   0 -19.80  -47.90  0.87E-12
2019   2   3   0 -20.00  -47.85  0.41E-09
2019   2   3   0 -19.95  -47.85  0.52E-09
2019   2   3   0 -19.90  -47.85  0.98E-10
2019   2   3   0 -19.85  -47.85  0.28E-10
2019   2   3   0 -19.80  -47.85  0.32E-11
2019   2   3   0 -19.75  -47.85  0.13E-11
2019   2   3   0 -20.00  -47.80  0.17E-10
2019   2   3   0 -19.95  -47.80  0.34E-09
2019   2   3   0 -19.90  -47.80  0.12E-09
2019   2   3   0 -19.85  -47.80  0.29E-10
2019   2   3   0 -19.80  -47.80  0.58E-11
2019   2   3   0 -19.95  -47.75  0.60E-10
2019   2   3   0 -19.90  -47.75  0.58E-10
2019   2   3   0 -19.85  -47.75  0.78E-11
