YEAR  MO  DA  HR    LAT     LON Rn2200010
2019   7   6  12 -19.50  -48.15  0.66E-12
2019   7   6  12 -19.30  -48.15  0.63E-12
2019   7   6  12 -19.80  -48.10  0.67E-12
2019   7   6  12 -19.75  -48.10  0.67E-12
2019   7   6  12 -19.65  -48.10  0.53E-12
2019   7   6  12 -19.60  -48.10  0.67E-12
2019   7   6  12 -19.55  -48.10  0.53E-12
2019   7   6  12 -19.50  -48.10  0.12E-11
2019   7   6  12 -19.45  -48.10  0.66E-12
2019   7   6  12 -19.40  -48.10  0.52E-12
2019   7   6  12 -19.35  -48.10  0.12E-11
2019   7   6  12 -19.00  -48.10  0.63E-12
2019   7   6  12 -19.80  -48.05  0.12E-11
2019   7   6  12 -19.70  -48.05  0.54E-12
2019   7   6  12 -19.65  -48.05  0.13E-11
2019   7   6  12 -19.60  -48.05  0.66E-12
2019   7   6  12 -19.50  -48.05  0.51E-12
2019   7   6  12 -19.40  -48.05  0.52E-12
2019   7   6  12 -19.35  -48.05  0.65E-12
2019   7   6  12 -19.25  -48.05  0.13E-11
2019   7   6  12 -19.00  -48.05  0.61E-12
2019   7   6  12 -20.00  -48.00  0.67E-12
2019   7   6  12 -19.95  -48.00  0.54E-12
2019   7   6  12 -19.90  -48.00  0.54E-12
2019   7   6  12 -19.85  -48.00  0.13E-11
2019   7   6  12 -19.80  -48.00  0.12E-11
2019   7   6  12 -19.75  -48.00  0.17E-11
2019   7   6  12 -19.70  -48.00  0.53E-12
2019   7   6  12 -19.65  -48.00  0.12E-11
2019   7   6  12 -19.60  -48.00  0.20E-11
2019   7   6  12 -19.55  -48.00  0.12E-11
2019   7   6  12 -19.50  -48.00  0.12E-11
2019   7   6  12 -19.45  -48.00  0.53E-12
2019   7   6  12 -19.25  -48.00  0.13E-11
2019   7   6  12 -19.05  -48.00  0.62E-12
2019   7   6  12 -20.00  -47.95  0.17E-11
2019   7   6  12 -19.95  -47.95  0.11E-11
2019   7   6  12 -19.90  -47.95  0.16E-11
2019   7   6  12 -19.85  -47.95  0.30E-11
2019   7   6  12 -19.80  -47.95  0.30E-11
2019   7   6  12 -19.75  -47.95  0.40E-11
2019   7   6  12 -19.70  -47.95  0.27E-11
2019   7   6  12 -19.65  -47.95  0.10E-11
2019   7   6  12 -19.60  -47.95  0.32E-11
2019   7   6  12 -19.55  -47.95  0.16E-11
2019   7   6  12 -19.50  -47.95  0.16E-11
2019   7   6  12 -19.45  -47.95  0.53E-12
2019   7   6  12 -19.40  -47.95  0.28E-11
2019   7   6  12 -19.35  -47.95  0.16E-11
2019   7   6  12 -19.30  -47.95  0.12E-11
2019   7   6  12 -19.25  -47.95  0.51E-12
2019   7   6  12 -19.20  -47.95  0.16E-11
2019   7   6  12 -19.15  -47.95  0.10E-11
2019   7   6  12 -19.10  -47.95  0.50E-12
2019   7   6  12 -19.05  -47.95  0.62E-12
2019   7   6  12 -19.00  -47.95  0.10E-11
2019   7   6  12 -19.95  -47.90  0.67E-11
2019   7   6  12 -19.90  -47.90  0.74E-11
2019   7   6  12 -19.85  -47.90  0.10E-10
2019   7   6  12 -19.80  -47.90  0.63E-11
2019   7   6  12 -19.75  -47.90  0.43E-11
2019   7   6  12 -19.70  -47.90  0.39E-11
2019   7   6  12 -19.65  -47.90  0.48E-11
2019   7   6  12 -19.60  -47.90  0.26E-11
2019   7   6  12 -19.55  -47.90  0.43E-11
2019   7   6  12 -19.50  -47.90  0.16E-11
2019   7   6  12 -19.45  -47.90  0.16E-11
2019   7   6  12 -19.40  -47.90  0.22E-11
2019   7   6  12 -19.35  -47.90  0.51E-12
2019   7   6  12 -19.30  -47.90  0.22E-11
2019   7   6  12 -19.25  -47.90  0.21E-11
2019   7   6  12 -19.20  -47.90  0.12E-11
2019   7   6  12 -19.15  -47.90  0.15E-11
2019   7   6  12 -19.10  -47.90  0.17E-11
2019   7   6  12 -19.05  -47.90  0.50E-12
2019   7   6  12 -18.85  -47.90  0.62E-12
2019   7   6  12 -20.00  -47.85  0.31E-11
2019   7   6  12 -19.95  -47.85  0.49E-10
2019   7   6  12 -19.90  -47.85  0.19E-10
2019   7   6  12 -19.85  -47.85  0.11E-10
2019   7   6  12 -19.80  -47.85  0.26E-11
2019   7   6  12 -19.75  -47.85  0.59E-11
2019   7   6  12 -19.70  -47.85  0.79E-11
2019   7   6  12 -19.65  -47.85  0.52E-12
2019   7   6  12 -19.60  -47.85  0.54E-11
2019   7   6  12 -19.55  -47.85  0.27E-11
2019   7   6  12 -19.50  -47.85  0.25E-11
2019   7   6  12 -19.45  -47.85  0.21E-11
2019   7   6  12 -19.40  -47.85  0.17E-11
2019   7   6  12 -19.35  -47.85  0.22E-11
2019   7   6  12 -19.30  -47.85  0.44E-11
2019   7   6  12 -19.25  -47.85  0.62E-12
2019   7   6  12 -19.20  -47.85  0.15E-11
2019   7   6  12 -19.15  -47.85  0.11E-11
2019   7   6  12 -19.10  -47.85  0.23E-11
2019   7   6  12 -19.05  -47.85  0.26E-11
2019   7   6  12 -19.00  -47.85  0.10E-11
2019   7   6  12 -18.70  -47.85  0.12E-11
2019   7   6  12 -20.00  -47.80  0.12E-12
2019   7   6  12 -19.95  -47.80  0.87E-11
2019   7   6  12 -19.90  -47.80  0.69E-11
2019   7   6  12 -19.85  -47.80  0.70E-11
2019   7   6  12 -19.80  -47.80  0.22E-11
2019   7   6  12 -19.75  -47.80  0.38E-11
2019   7   6  12 -19.70  -47.80  0.27E-11
2019   7   6  12 -19.65  -47.80  0.22E-11
2019   7   6  12 -19.60  -47.80  0.26E-11
2019   7   6  12 -19.55  -47.80  0.51E-12
2019   7   6  12 -19.50  -47.80  0.26E-11
2019   7   6  12 -19.40  -47.80  0.21E-11
2019   7   6  12 -19.35  -47.80  0.51E-12
2019   7   6  12 -19.30  -47.80  0.15E-11
2019   7   6  12 -19.25  -47.80  0.15E-11
2019   7   6  12 -19.20  -47.80  0.20E-11
2019   7   6  12 -19.15  -47.80  0.45E-12
2019   7   6  12 -19.10  -47.80  0.26E-11
2019   7   6  12 -19.00  -47.80  0.55E-12
2019   7   6  12 -18.95  -47.80  0.50E-12
2019   7   6  12 -18.90  -47.80  0.11E-11
2019   7   6  12 -18.85  -47.80  0.62E-12
2019   7   6  12 -18.80  -47.80  0.11E-11
2019   7   6  12 -19.95  -47.75  0.17E-11
2019   7   6  12 -19.90  -47.75  0.26E-11
2019   7   6  12 -19.85  -47.75  0.31E-11
2019   7   6  12 -19.80  -47.75  0.19E-11
2019   7   6  12 -19.75  -47.75  0.24E-11
2019   7   6  12 -19.70  -47.75  0.65E-12
2019   7   6  12 -19.65  -47.75  0.12E-11
2019   7   6  12 -19.60  -47.75  0.34E-11
2019   7   6  12 -19.55  -47.75  0.25E-11
2019   7   6  12 -19.50  -47.75  0.10E-11
2019   7   6  12 -19.45  -47.75  0.10E-11
2019   7   6  12 -19.40  -47.75  0.15E-11
2019   7   6  12 -19.30  -47.75  0.17E-11
2019   7   6  12 -19.25  -47.75  0.50E-12
2019   7   6  12 -19.20  -47.75  0.20E-11
2019   7   6  12 -19.15  -47.75  0.20E-11
2019   7   6  12 -19.10  -47.75  0.50E-12
2019   7   6  12 -19.05  -47.75  0.50E-12
2019   7   6  12 -18.95  -47.75  0.50E-12
2019   7   6  12 -18.85  -47.75  0.99E-12
2019   7   6  12 -18.70  -47.75  0.50E-12
2019   7   6  12 -18.65  -47.75  0.55E-12
2019   7   6  12 -18.55  -47.75  0.54E-12
2019   7   6  12 -19.95  -47.70  0.13E-11
2019   7   6  12 -19.90  -47.70  0.12E-11
2019   7   6  12 -19.85  -47.70  0.20E-11
2019   7   6  12 -19.80  -47.70  0.65E-12
2019   7   6  12 -19.75  -47.70  0.18E-11
2019   7   6  12 -19.70  -47.70  0.52E-12
2019   7   6  12 -19.65  -47.70  0.10E-11
2019   7   6  12 -19.60  -47.70  0.23E-11
2019   7   6  12 -19.55  -47.70  0.21E-11
2019   7   6  12 -19.50  -47.70  0.16E-11
2019   7   6  12 -19.45  -47.70  0.29E-11
2019   7   6  12 -19.40  -47.70  0.15E-11
2019   7   6  12 -19.35  -47.70  0.10E-11
2019   7   6  12 -19.30  -47.70  0.15E-11
2019   7   6  12 -19.25  -47.70  0.15E-11
2019   7   6  12 -19.20  -47.70  0.10E-11
2019   7   6  12 -19.10  -47.70  0.94E-12
2019   7   6  12 -19.05  -47.70  0.10E-11
2019   7   6  12 -18.85  -47.70  0.99E-12
2019   7   6  12 -18.80  -47.70  0.50E-12
2019   7   6  12 -18.75  -47.70  0.61E-12
2019   7   6  12 -19.95  -47.65  0.59E-12
2019   7   6  12 -19.80  -47.65  0.18E-11
2019   7   6  12 -19.75  -47.65  0.59E-12
2019   7   6  12 -19.65  -47.65  0.12E-11
2019   7   6  12 -19.60  -47.65  0.17E-11
2019   7   6  12 -19.55  -47.65  0.22E-11
2019   7   6  12 -19.50  -47.65  0.51E-12
2019   7   6  12 -19.40  -47.65  0.51E-12
2019   7   6  12 -19.35  -47.65  0.51E-12
2019   7   6  12 -19.25  -47.65  0.15E-11
2019   7   6  12 -19.15  -47.65  0.11E-11
2019   7   6  12 -19.10  -47.65  0.21E-11
2019   7   6  12 -19.00  -47.65  0.50E-12
2019   7   6  12 -18.90  -47.65  0.49E-12
2019   7   6  12 -18.85  -47.65  0.14E-11
2019   7   6  12 -18.80  -47.65  0.61E-12
2019   7   6  12 -18.75  -47.65  0.17E-11
2019   7   6  12 -18.70  -47.65  0.94E-12
2019   7   6  12 -18.60  -47.65  0.49E-12
2019   7   6  12 -18.35  -47.65  0.54E-12
2019   7   6  12 -18.25  -47.65  0.54E-12
2019   7   6  12 -18.10  -47.65  0.54E-12
2019   7   6  12 -19.85  -47.60  0.59E-12
2019   7   6  12 -19.80  -47.60  0.58E-12
2019   7   6  12 -19.65  -47.60  0.17E-11
2019   7   6  12 -19.60  -47.60  0.58E-12
2019   7   6  12 -19.55  -47.60  0.10E-11
2019   7   6  12 -19.50  -47.60  0.97E-12
2019   7   6  12 -19.45  -47.60  0.15E-11
2019   7   6  12 -19.40  -47.60  0.91E-12
2019   7   6  12 -19.35  -47.60  0.57E-12
2019   7   6  12 -19.30  -47.60  0.10E-11
2019   7   6  12 -19.25  -47.60  0.50E-12
2019   7   6  12 -19.15  -47.60  0.94E-12
2019   7   6  12 -19.10  -47.60  0.95E-12
2019   7   6  12 -19.05  -47.60  0.19E-11
2019   7   6  12 -19.00  -47.60  0.45E-12
2019   7   6  12 -18.90  -47.60  0.50E-12
2019   7   6  12 -18.85  -47.60  0.15E-11
2019   7   6  12 -18.70  -47.60  0.44E-12
2019   7   6  12 -18.65  -47.60  0.61E-12
2019   7   6  12 -18.55  -47.60  0.54E-12
2019   7   6  12 -19.60  -47.55  0.23E-11
2019   7   6  12 -19.55  -47.55  0.12E-11
2019   7   6  12 -19.50  -47.55  0.51E-12
2019   7   6  12 -19.40  -47.55  0.46E-12
2019   7   6  12 -19.30  -47.55  0.91E-12
2019   7   6  12 -19.25  -47.55  0.95E-12
2019   7   6  12 -19.15  -47.55  0.50E-12
2019   7   6  12 -19.05  -47.55  0.50E-12
2019   7   6  12 -19.00  -47.55  0.10E-11
2019   7   6  12 -18.95  -47.55  0.94E-12
2019   7   6  12 -18.90  -47.55  0.49E-12
2019   7   6  12 -18.85  -47.55  0.49E-12
2019   7   6  12 -18.80  -47.55  0.62E-12
2019   7   6  12 -18.70  -47.55  0.54E-12
2019   7   6  12 -19.85  -47.50  0.59E-12
2019   7   6  12 -19.70  -47.50  0.65E-12
2019   7   6  12 -19.55  -47.50  0.46E-12
2019   7   6  12 -19.35  -47.50  0.95E-12
2019   7   6  12 -19.30  -47.50  0.46E-12
2019   7   6  12 -19.20  -47.50  0.10E-11
2019   7   6  12 -19.15  -47.50  0.45E-12
2019   7   6  12 -19.10  -47.50  0.44E-12
2019   7   6  12 -19.05  -47.50  0.14E-11
2019   7   6  12 -19.00  -47.50  0.49E-12
2019   7   6  12 -18.90  -47.50  0.44E-12
2019   7   6  12 -18.85  -47.50  0.61E-12
2019   7   6  12 -18.80  -47.50  0.61E-12
2019   7   6  12 -18.70  -47.50  0.49E-12
2019   7   6  12 -18.65  -47.50  0.45E-12
2019   7   6  12 -19.30  -47.45  0.10E-11
2019   7   6  12 -19.25  -47.45  0.14E-11
2019   7   6  12 -19.15  -47.45  0.45E-12
2019   7   6  12 -19.10  -47.45  0.45E-12
2019   7   6  12 -19.05  -47.45  0.50E-12
2019   7   6  12 -19.00  -47.45  0.50E-12
2019   7   6  12 -18.95  -47.45  0.61E-12
2019   7   6  12 -18.85  -47.45  0.89E-12
2019   7   6  12 -18.70  -47.45  0.94E-12
2019   7   6  12 -18.50  -47.45  0.44E-12
2019   7   6  12 -19.55  -47.40  0.58E-12
2019   7   6  12 -19.35  -47.40  0.92E-12
2019   7   6  12 -19.05  -47.40  0.45E-12
2019   7   6  12 -19.00  -47.40  0.45E-12
2019   7   6  12 -18.85  -47.40  0.50E-12
2019   7   6  12 -18.60  -47.40  0.54E-12
2019   7   6  12 -18.55  -47.40  0.44E-12
2019   7   6  12 -19.15  -47.35  0.50E-12
2019   7   6  12 -19.10  -47.35  0.45E-12
2019   7   6  12 -18.95  -47.35  0.45E-12
2019   7   6  12 -18.80  -47.35  0.93E-12
2019   7   6  12 -18.70  -47.35  0.44E-12
2019   7   6  12 -18.60  -47.35  0.44E-12
2019   7   6  12 -18.40  -47.35  0.61E-12
2019   7   6  12 -18.90  -47.30  0.45E-12
2019   7   6  12 -18.55  -47.30  0.55E-12
2019   7   6  12 -18.35  -47.30  0.54E-12
2019   7   6  12 -19.05  -47.25  0.45E-12
2019   7   6  12 -18.65  -47.25  0.54E-12
2019   7   6  12 -18.55  -47.25  0.49E-12
2019   7   6  12 -18.95  -47.20  0.44E-12
2019   7   6  12 -18.45  -47.20  0.44E-12
2019   7   6  12 -19.25  -47.10  0.44E-12
2019   7   6  12 -18.75  -47.10  0.44E-12
2019   7   6  12 -19.25  -47.05  0.44E-12
2019   7   7   0 -19.35  -48.40  0.64E-12
2019   7   7   0 -19.75  -48.30  0.65E-12
2019   7   7   0 -19.40  -48.30  0.63E-12
2019   7   7   0 -19.25  -48.30  0.62E-12
2019   7   7   0 -19.00  -48.30  0.63E-12
2019   7   7   0 -19.30  -48.25  0.64E-12
2019   7   7   0 -19.25  -48.25  0.65E-12
2019   7   7   0 -19.20  -48.25  0.63E-12
2019   7   7   0 -19.75  -48.20  0.65E-12
2019   7   7   0 -19.50  -48.20  0.63E-12
2019   7   7   0 -19.45  -48.20  0.62E-12
2019   7   7   0 -18.45  -48.20  0.59E-12
2019   7   7   0 -19.90  -48.15  0.64E-12
2019   7   7   0 -19.85  -48.15  0.66E-12
2019   7   7   0 -19.80  -48.15  0.67E-12
2019   7   7   0 -19.70  -48.15  0.64E-12
2019   7   7   0 -19.65  -48.15  0.13E-11
2019   7   7   0 -19.60  -48.15  0.65E-12
2019   7   7   0 -19.55  -48.15  0.65E-12
2019   7   7   0 -19.50  -48.15  0.13E-11
2019   7   7   0 -19.45  -48.15  0.19E-11
2019   7   7   0 -19.40  -48.15  0.66E-12
2019   7   7   0 -19.30  -48.15  0.13E-11
2019   7   7   0 -19.25  -48.15  0.63E-12
2019   7   7   0 -19.20  -48.15  0.12E-11
2019   7   7   0 -19.15  -48.15  0.61E-12
2019   7   7   0 -19.05  -48.15  0.64E-12
2019   7   7   0 -19.00  -48.15  0.13E-11
2019   7   7   0 -18.95  -48.15  0.64E-12
2019   7   7   0 -19.80  -48.10  0.13E-11
2019   7   7   0 -19.75  -48.10  0.65E-12
2019   7   7   0 -19.65  -48.10  0.65E-12
2019   7   7   0 -19.60  -48.10  0.13E-11
2019   7   7   0 -19.50  -48.10  0.13E-11
2019   7   7   0 -19.40  -48.10  0.64E-12
2019   7   7   0 -19.35  -48.10  0.13E-11
2019   7   7   0 -19.30  -48.10  0.19E-11
2019   7   7   0 -19.25  -48.10  0.64E-12
2019   7   7   0 -19.20  -48.10  0.60E-12
2019   7   7   0 -19.10  -48.10  0.81E-12
2019   7   7   0 -19.05  -48.10  0.13E-11
2019   7   7   0 -18.70  -48.10  0.62E-12
2019   7   7   0 -18.40  -48.10  0.11E-11
2019   7   7   0 -20.10  -48.05  0.64E-12
2019   7   7   0 -19.85  -48.05  0.13E-11
2019   7   7   0 -19.80  -48.05  0.13E-11
2019   7   7   0 -19.75  -48.05  0.13E-11
2019   7   7   0 -19.70  -48.05  0.13E-11
2019   7   7   0 -19.65  -48.05  0.20E-11
2019   7   7   0 -19.60  -48.05  0.13E-11
2019   7   7   0 -19.55  -48.05  0.13E-11
2019   7   7   0 -19.50  -48.05  0.66E-12
2019   7   7   0 -19.45  -48.05  0.20E-11
2019   7   7   0 -19.40  -48.05  0.13E-11
2019   7   7   0 -19.35  -48.05  0.65E-12
2019   7   7   0 -19.30  -48.05  0.65E-12
2019   7   7   0 -19.25  -48.05  0.64E-12
2019   7   7   0 -19.10  -48.05  0.19E-11
2019   7   7   0 -19.05  -48.05  0.15E-11
2019   7   7   0 -18.95  -48.05  0.61E-12
2019   7   7   0 -18.85  -48.05  0.13E-11
2019   7   7   0 -18.80  -48.05  0.62E-12
2019   7   7   0 -18.60  -48.05  0.53E-12
2019   7   7   0 -19.95  -48.00  0.19E-11
2019   7   7   0 -19.90  -48.00  0.67E-12
2019   7   7   0 -19.85  -48.00  0.65E-12
2019   7   7   0 -19.80  -48.00  0.20E-11
2019   7   7   0 -19.75  -48.00  0.39E-11
2019   7   7   0 -19.70  -48.00  0.67E-12
2019   7   7   0 -19.65  -48.00  0.13E-11
2019   7   7   0 -19.60  -48.00  0.63E-12
2019   7   7   0 -19.55  -48.00  0.27E-11
2019   7   7   0 -19.50  -48.00  0.32E-11
2019   7   7   0 -19.45  -48.00  0.64E-12
2019   7   7   0 -19.40  -48.00  0.65E-12
2019   7   7   0 -19.35  -48.00  0.26E-11
2019   7   7   0 -19.30  -48.00  0.13E-11
2019   7   7   0 -19.15  -48.00  0.19E-11
2019   7   7   0 -19.10  -48.00  0.13E-11
2019   7   7   0 -19.00  -48.00  0.13E-11
2019   7   7   0 -18.95  -48.00  0.31E-11
2019   7   7   0 -18.90  -48.00  0.14E-11
2019   7   7   0 -18.60  -48.00  0.59E-12
2019   7   7   0 -18.40  -48.00  0.59E-12
2019   7   7   0 -20.00  -47.95  0.13E-11
2019   7   7   0 -19.95  -47.95  0.13E-11
2019   7   7   0 -19.90  -47.95  0.26E-11
2019   7   7   0 -19.85  -47.95  0.26E-11
2019   7   7   0 -19.80  -47.95  0.65E-12
2019   7   7   0 -19.75  -47.95  0.28E-11
2019   7   7   0 -19.70  -47.95  0.26E-11
2019   7   7   0 -19.65  -47.95  0.33E-11
2019   7   7   0 -19.60  -47.95  0.39E-11
2019   7   7   0 -19.55  -47.95  0.13E-11
2019   7   7   0 -19.50  -47.95  0.19E-11
2019   7   7   0 -19.45  -47.95  0.32E-11
2019   7   7   0 -19.40  -47.95  0.13E-11
2019   7   7   0 -19.35  -47.95  0.12E-11
2019   7   7   0 -19.30  -47.95  0.19E-11
2019   7   7   0 -19.25  -47.95  0.64E-12
2019   7   7   0 -19.20  -47.95  0.13E-11
2019   7   7   0 -19.05  -47.95  0.25E-11
2019   7   7   0 -18.95  -47.95  0.24E-11
2019   7   7   0 -18.90  -47.95  0.61E-12
2019   7   7   0 -18.85  -47.95  0.12E-11
2019   7   7   0 -18.65  -47.95  0.12E-11
2019   7   7   0 -18.60  -47.95  0.60E-12
2019   7   7   0 -18.50  -47.95  0.60E-12
2019   7   7   0 -18.30  -47.95  0.58E-12
2019   7   7   0 -19.95  -47.90  0.26E-11
2019   7   7   0 -19.90  -47.90  0.59E-11
2019   7   7   0 -19.85  -47.90  0.55E-11
2019   7   7   0 -19.80  -47.90  0.32E-11
2019   7   7   0 -19.75  -47.90  0.13E-11
2019   7   7   0 -19.70  -47.90  0.26E-11
2019   7   7   0 -19.65  -47.90  0.26E-11
2019   7   7   0 -19.60  -47.90  0.19E-11
2019   7   7   0 -19.55  -47.90  0.63E-12
2019   7   7   0 -19.50  -47.90  0.13E-11
2019   7   7   0 -19.45  -47.90  0.64E-12
2019   7   7   0 -19.40  -47.90  0.26E-11
2019   7   7   0 -19.35  -47.90  0.12E-11
2019   7   7   0 -19.30  -47.90  0.13E-11
2019   7   7   0 -19.25  -47.90  0.13E-11
2019   7   7   0 -19.20  -47.90  0.26E-11
2019   7   7   0 -19.15  -47.90  0.19E-11
2019   7   7   0 -19.10  -47.90  0.19E-11
2019   7   7   0 -19.05  -47.90  0.19E-11
2019   7   7   0 -19.00  -47.90  0.19E-11
2019   7   7   0 -18.95  -47.90  0.19E-11
2019   7   7   0 -18.85  -47.90  0.60E-12
2019   7   7   0 -18.80  -47.90  0.18E-11
2019   7   7   0 -18.75  -47.90  0.60E-12
2019   7   7   0 -18.60  -47.90  0.59E-12
2019   7   7   0 -18.55  -47.90  0.54E-12
2019   7   7   0 -18.50  -47.90  0.61E-12
2019   7   7   0 -20.00  -47.85  0.13E-11
2019   7   7   0 -19.95  -47.85  0.52E-10
2019   7   7   0 -19.90  -47.85  0.13E-10
2019   7   7   0 -19.85  -47.85  0.68E-11
2019   7   7   0 -19.80  -47.85  0.33E-11
2019   7   7   0 -19.75  -47.85  0.32E-11
2019   7   7   0 -19.70  -47.85  0.19E-11
2019   7   7   0 -19.65  -47.85  0.13E-11
2019   7   7   0 -19.60  -47.85  0.66E-12
2019   7   7   0 -19.55  -47.85  0.13E-11
2019   7   7   0 -19.50  -47.85  0.26E-11
2019   7   7   0 -19.45  -47.85  0.13E-11
2019   7   7   0 -19.40  -47.85  0.19E-11
2019   7   7   0 -19.30  -47.85  0.38E-11
2019   7   7   0 -19.25  -47.85  0.32E-11
2019   7   7   0 -19.10  -47.85  0.12E-11
2019   7   7   0 -19.05  -47.85  0.30E-11
2019   7   7   0 -19.00  -47.85  0.25E-11
2019   7   7   0 -18.95  -47.85  0.27E-11
2019   7   7   0 -18.90  -47.85  0.27E-11
2019   7   7   0 -18.80  -47.85  0.24E-11
2019   7   7   0 -18.75  -47.85  0.60E-12
2019   7   7   0 -18.70  -47.85  0.12E-11
2019   7   7   0 -18.65  -47.85  0.61E-12
2019   7   7   0 -18.55  -47.85  0.61E-12
2019   7   7   0 -18.50  -47.85  0.18E-11
2019   7   7   0 -18.45  -47.85  0.60E-12
2019   7   7   0 -20.00  -47.80  0.64E-12
2019   7   7   0 -19.95  -47.80  0.59E-11
2019   7   7   0 -19.90  -47.80  0.79E-11
2019   7   7   0 -19.85  -47.80  0.85E-11
2019   7   7   0 -19.80  -47.80  0.87E-11
2019   7   7   0 -19.75  -47.80  0.45E-11
2019   7   7   0 -19.70  -47.80  0.40E-11
2019   7   7   0 -19.65  -47.80  0.13E-11
2019   7   7   0 -19.60  -47.80  0.64E-12
2019   7   7   0 -19.55  -47.80  0.19E-11
2019   7   7   0 -19.50  -47.80  0.13E-11
2019   7   7   0 -19.45  -47.80  0.63E-12
2019   7   7   0 -19.35  -47.80  0.13E-11
2019   7   7   0 -19.30  -47.80  0.19E-11
2019   7   7   0 -19.25  -47.80  0.64E-12
2019   7   7   0 -19.20  -47.80  0.27E-11
2019   7   7   0 -19.15  -47.80  0.19E-11
2019   7   7   0 -19.10  -47.80  0.25E-11
2019   7   7   0 -19.05  -47.80  0.64E-12
2019   7   7   0 -19.00  -47.80  0.25E-11
2019   7   7   0 -18.95  -47.80  0.14E-11
2019   7   7   0 -18.90  -47.80  0.24E-11
2019   7   7   0 -18.85  -47.80  0.18E-11
2019   7   7   0 -18.80  -47.80  0.62E-12
2019   7   7   0 -18.75  -47.80  0.12E-11
2019   7   7   0 -18.70  -47.80  0.63E-12
2019   7   7   0 -18.65  -47.80  0.17E-11
2019   7   7   0 -18.60  -47.80  0.18E-11
2019   7   7   0 -18.55  -47.80  0.12E-11
2019   7   7   0 -18.50  -47.80  0.14E-11
2019   7   7   0 -18.40  -47.80  0.59E-12
2019   7   7   0 -18.20  -47.80  0.76E-12
2019   7   7   0 -18.10  -47.80  0.76E-12
2019   7   7   0 -18.05  -47.80  0.76E-12
2019   7   7   0 -17.95  -47.80  0.60E-12
2019   7   7   0 -19.95  -47.75  0.65E-12
2019   7   7   0 -19.90  -47.75  0.52E-11
2019   7   7   0 -19.85  -47.75  0.54E-11
2019   7   7   0 -19.80  -47.75  0.39E-11
2019   7   7   0 -19.75  -47.75  0.26E-11
2019   7   7   0 -19.70  -47.75  0.32E-11
2019   7   7   0 -19.65  -47.75  0.38E-11
2019   7   7   0 -19.60  -47.75  0.26E-11
2019   7   7   0 -19.55  -47.75  0.51E-11
2019   7   7   0 -19.50  -47.75  0.19E-11
2019   7   7   0 -19.45  -47.75  0.61E-12
2019   7   7   0 -19.40  -47.75  0.13E-11
2019   7   7   0 -19.35  -47.75  0.13E-11
2019   7   7   0 -19.20  -47.75  0.27E-11
2019   7   7   0 -19.05  -47.75  0.63E-12
2019   7   7   0 -19.00  -47.75  0.37E-11
2019   7   7   0 -18.95  -47.75  0.18E-11
2019   7   7   0 -18.85  -47.75  0.12E-11
2019   7   7   0 -18.80  -47.75  0.63E-12
2019   7   7   0 -18.75  -47.75  0.62E-12
2019   7   7   0 -18.70  -47.75  0.32E-11
2019   7   7   0 -18.65  -47.75  0.12E-11
2019   7   7   0 -18.55  -47.75  0.59E-12
2019   7   7   0 -18.50  -47.75  0.12E-11
2019   7   7   0 -18.45  -47.75  0.59E-12
2019   7   7   0 -18.40  -47.75  0.53E-12
2019   7   7   0 -18.30  -47.75  0.58E-12
2019   7   7   0 -19.95  -47.70  0.13E-11
2019   7   7   0 -19.90  -47.70  0.20E-11
2019   7   7   0 -19.85  -47.70  0.20E-11
2019   7   7   0 -19.80  -47.70  0.45E-11
2019   7   7   0 -19.75  -47.70  0.28E-11
2019   7   7   0 -19.70  -47.70  0.19E-11
2019   7   7   0 -19.65  -47.70  0.21E-11
2019   7   7   0 -19.60  -47.70  0.26E-11
2019   7   7   0 -19.55  -47.70  0.26E-11
2019   7   7   0 -19.50  -47.70  0.23E-11
2019   7   7   0 -19.45  -47.70  0.14E-11
2019   7   7   0 -19.40  -47.70  0.12E-11
2019   7   7   0 -19.35  -47.70  0.27E-11
2019   7   7   0 -19.30  -47.70  0.19E-11
2019   7   7   0 -19.25  -47.70  0.13E-11
2019   7   7   0 -19.10  -47.70  0.61E-12
2019   7   7   0 -18.95  -47.70  0.61E-12
2019   7   7   0 -18.90  -47.70  0.12E-11
2019   7   7   0 -18.85  -47.70  0.17E-11
2019   7   7   0 -18.80  -47.70  0.51E-11
2019   7   7   0 -18.75  -47.70  0.18E-11
2019   7   7   0 -18.70  -47.70  0.12E-11
2019   7   7   0 -18.65  -47.70  0.12E-11
2019   7   7   0 -18.60  -47.70  0.61E-12
2019   7   7   0 -18.50  -47.70  0.24E-11
2019   7   7   0 -18.45  -47.70  0.20E-11
2019   7   7   0 -18.40  -47.70  0.19E-11
2019   7   7   0 -18.25  -47.70  0.14E-11
2019   7   7   0 -18.05  -47.70  0.60E-12
2019   7   7   0 -17.85  -47.70  0.57E-12
2019   7   7   0 -17.75  -47.70  0.76E-12
2019   7   7   0 -17.70  -47.70  0.56E-12
2019   7   7   0 -19.85  -47.65  0.19E-11
2019   7   7   0 -19.80  -47.65  0.26E-11
2019   7   7   0 -19.75  -47.65  0.30E-11
2019   7   7   0 -19.70  -47.65  0.21E-11
2019   7   7   0 -19.65  -47.65  0.21E-11
2019   7   7   0 -19.60  -47.65  0.19E-11
2019   7   7   0 -19.50  -47.65  0.28E-11
2019   7   7   0 -19.45  -47.65  0.19E-11
2019   7   7   0 -19.40  -47.65  0.19E-11
2019   7   7   0 -19.35  -47.65  0.13E-11
2019   7   7   0 -19.30  -47.65  0.64E-12
2019   7   7   0 -19.25  -47.65  0.14E-11
2019   7   7   0 -19.15  -47.65  0.62E-12
2019   7   7   0 -19.10  -47.65  0.64E-12
2019   7   7   0 -19.05  -47.65  0.64E-12
2019   7   7   0 -19.00  -47.65  0.63E-12
2019   7   7   0 -18.95  -47.65  0.63E-12
2019   7   7   0 -18.90  -47.65  0.12E-11
2019   7   7   0 -18.80  -47.65  0.36E-11
2019   7   7   0 -18.75  -47.65  0.18E-11
2019   7   7   0 -18.70  -47.65  0.24E-11
2019   7   7   0 -18.65  -47.65  0.30E-11
2019   7   7   0 -18.60  -47.65  0.59E-12
2019   7   7   0 -18.45  -47.65  0.20E-11
2019   7   7   0 -18.40  -47.65  0.12E-11
2019   7   7   0 -18.30  -47.65  0.59E-12
2019   7   7   0 -18.25  -47.65  0.59E-12
2019   7   7   0 -18.20  -47.65  0.57E-12
2019   7   7   0 -18.05  -47.65  0.53E-12
2019   7   7   0 -17.90  -47.65  0.57E-12
2019   7   7   0 -20.10  -47.60  0.63E-12
2019   7   7   0 -19.95  -47.60  0.65E-12
2019   7   7   0 -19.75  -47.60  0.84E-12
2019   7   7   0 -19.70  -47.60  0.21E-11
2019   7   7   0 -19.65  -47.60  0.65E-12
2019   7   7   0 -19.60  -47.60  0.13E-11
2019   7   7   0 -19.50  -47.60  0.19E-11
2019   7   7   0 -19.45  -47.60  0.21E-11
2019   7   7   0 -19.40  -47.60  0.15E-11
2019   7   7   0 -19.25  -47.60  0.62E-12
2019   7   7   0 -19.15  -47.60  0.12E-11
2019   7   7   0 -19.10  -47.60  0.31E-11
2019   7   7   0 -19.00  -47.60  0.61E-12
2019   7   7   0 -18.95  -47.60  0.12E-11
2019   7   7   0 -18.90  -47.60  0.81E-12
2019   7   7   0 -18.85  -47.60  0.19E-11
2019   7   7   0 -18.80  -47.60  0.61E-12
2019   7   7   0 -18.75  -47.60  0.62E-12
2019   7   7   0 -18.65  -47.60  0.12E-11
2019   7   7   0 -18.60  -47.60  0.18E-11
2019   7   7   0 -18.55  -47.60  0.18E-11
2019   7   7   0 -18.50  -47.60  0.12E-11
2019   7   7   0 -18.45  -47.60  0.59E-12
2019   7   7   0 -18.35  -47.60  0.18E-11
2019   7   7   0 -18.25  -47.60  0.13E-11
2019   7   7   0 -18.15  -47.60  0.54E-12
2019   7   7   0 -18.10  -47.60  0.52E-12
2019   7   7   0 -17.70  -47.60  0.75E-12
2019   7   7   0 -17.65  -47.60  0.56E-12
2019   7   7   0 -19.85  -47.55  0.65E-12
2019   7   7   0 -19.80  -47.55  0.64E-12
2019   7   7   0 -19.75  -47.55  0.63E-12
2019   7   7   0 -19.70  -47.55  0.13E-11
2019   7   7   0 -19.55  -47.55  0.64E-12
2019   7   7   0 -19.50  -47.55  0.12E-11
2019   7   7   0 -19.45  -47.55  0.13E-11
2019   7   7   0 -19.35  -47.55  0.19E-11
2019   7   7   0 -19.25  -47.55  0.62E-12
2019   7   7   0 -19.15  -47.55  0.19E-11
2019   7   7   0 -19.10  -47.55  0.64E-12
2019   7   7   0 -18.90  -47.55  0.12E-11
2019   7   7   0 -18.80  -47.55  0.20E-11
2019   7   7   0 -18.70  -47.55  0.59E-12
2019   7   7   0 -18.65  -47.55  0.14E-11
2019   7   7   0 -18.60  -47.55  0.30E-11
2019   7   7   0 -18.50  -47.55  0.30E-11
2019   7   7   0 -18.40  -47.55  0.12E-11
2019   7   7   0 -18.35  -47.55  0.59E-12
2019   7   7   0 -18.25  -47.55  0.76E-12
2019   7   7   0 -18.20  -47.55  0.62E-12
2019   7   7   0 -18.10  -47.55  0.60E-12
2019   7   7   0 -19.80  -47.50  0.65E-12
2019   7   7   0 -19.70  -47.50  0.15E-11
2019   7   7   0 -19.65  -47.50  0.65E-12
2019   7   7   0 -19.60  -47.50  0.82E-12
2019   7   7   0 -19.55  -47.50  0.15E-11
2019   7   7   0 -19.50  -47.50  0.21E-11
2019   7   7   0 -19.45  -47.50  0.15E-11
2019   7   7   0 -19.40  -47.50  0.12E-11
2019   7   7   0 -19.35  -47.50  0.63E-12
2019   7   7   0 -19.25  -47.50  0.61E-12
2019   7   7   0 -19.20  -47.50  0.12E-11
2019   7   7   0 -19.15  -47.50  0.21E-11
2019   7   7   0 -19.00  -47.50  0.12E-11
2019   7   7   0 -18.90  -47.50  0.18E-11
2019   7   7   0 -18.85  -47.50  0.14E-11
2019   7   7   0 -18.75  -47.50  0.62E-12
2019   7   7   0 -18.70  -47.50  0.12E-11
2019   7   7   0 -18.60  -47.50  0.12E-11
2019   7   7   0 -18.55  -47.50  0.12E-11
2019   7   7   0 -18.50  -47.50  0.17E-11
2019   7   7   0 -18.45  -47.50  0.11E-11
2019   7   7   0 -18.40  -47.50  0.59E-12
2019   7   7   0 -18.35  -47.50  0.77E-12
2019   7   7   0 -18.30  -47.50  0.53E-12
2019   7   7   0 -18.25  -47.50  0.59E-12
2019   7   7   0 -18.20  -47.50  0.59E-12
2019   7   7   0 -18.05  -47.50  0.59E-12
2019   7   7   0 -18.00  -47.50  0.12E-11
2019   7   7   0 -17.90  -47.50  0.56E-12
2019   7   7   0 -20.10  -47.45  0.61E-12
2019   7   7   0 -19.85  -47.45  0.15E-11
2019   7   7   0 -19.75  -47.45  0.19E-11
2019   7   7   0 -19.70  -47.45  0.65E-12
2019   7   7   0 -19.65  -47.45  0.13E-11
2019   7   7   0 -19.60  -47.45  0.15E-11
2019   7   7   0 -19.55  -47.45  0.85E-12
2019   7   7   0 -19.40  -47.45  0.63E-12
2019   7   7   0 -19.35  -47.45  0.62E-12
2019   7   7   0 -19.30  -47.45  0.62E-12
2019   7   7   0 -19.20  -47.45  0.15E-11
2019   7   7   0 -19.15  -47.45  0.19E-11
2019   7   7   0 -18.85  -47.45  0.11E-11
2019   7   7   0 -18.80  -47.45  0.61E-12
2019   7   7   0 -18.75  -47.45  0.12E-11
2019   7   7   0 -18.60  -47.45  0.54E-12
2019   7   7   0 -18.55  -47.45  0.12E-11
2019   7   7   0 -18.50  -47.45  0.14E-11
2019   7   7   0 -18.40  -47.45  0.60E-12
2019   7   7   0 -18.35  -47.45  0.14E-11
2019   7   7   0 -18.30  -47.45  0.57E-12
2019   7   7   0 -18.20  -47.45  0.58E-12
2019   7   7   0 -18.15  -47.45  0.58E-12
2019   7   7   0 -18.10  -47.45  0.57E-12
2019   7   7   0 -20.05  -47.40  0.63E-12
2019   7   7   0 -19.65  -47.40  0.21E-11
2019   7   7   0 -19.55  -47.40  0.64E-12
2019   7   7   0 -19.50  -47.40  0.27E-11
2019   7   7   0 -19.40  -47.40  0.62E-12
2019   7   7   0 -19.35  -47.40  0.85E-12
2019   7   7   0 -19.15  -47.40  0.12E-11
2019   7   7   0 -18.95  -47.40  0.58E-12
2019   7   7   0 -18.90  -47.40  0.61E-12
2019   7   7   0 -18.85  -47.40  0.58E-12
2019   7   7   0 -18.80  -47.40  0.61E-12
2019   7   7   0 -18.70  -47.40  0.82E-12
2019   7   7   0 -18.65  -47.40  0.77E-12
2019   7   7   0 -18.60  -47.40  0.60E-12
2019   7   7   0 -18.55  -47.40  0.60E-12
2019   7   7   0 -18.50  -47.40  0.18E-11
2019   7   7   0 -18.45  -47.40  0.60E-12
2019   7   7   0 -18.30  -47.40  0.54E-12
2019   7   7   0 -18.25  -47.40  0.14E-11
2019   7   7   0 -18.15  -47.40  0.12E-11
2019   7   7   0 -17.95  -47.40  0.58E-12
2019   7   7   0 -17.85  -47.40  0.57E-12
2019   7   7   0 -17.80  -47.40  0.75E-12
2019   7   7   0 -17.65  -47.40  0.16E-11
2019   7   7   0 -17.55  -47.40  0.50E-12
2019   7   7   0 -19.70  -47.35  0.83E-12
2019   7   7   0 -19.65  -47.35  0.13E-11
2019   7   7   0 -19.35  -47.35  0.64E-12
2019   7   7   0 -19.10  -47.35  0.62E-12
2019   7   7   0 -18.95  -47.35  0.15E-11
2019   7   7   0 -18.90  -47.35  0.62E-12
2019   7   7   0 -18.75  -47.35  0.62E-12
2019   7   7   0 -18.60  -47.35  0.57E-12
2019   7   7   0 -18.55  -47.35  0.59E-12
2019   7   7   0 -18.50  -47.35  0.60E-12
2019   7   7   0 -18.45  -47.35  0.11E-11
2019   7   7   0 -18.40  -47.35  0.12E-11
2019   7   7   0 -18.35  -47.35  0.12E-11
2019   7   7   0 -18.30  -47.35  0.58E-12
2019   7   7   0 -18.20  -47.35  0.11E-11
2019   7   7   0 -18.05  -47.35  0.58E-12
2019   7   7   0 -17.80  -47.35  0.53E-12
2019   7   7   0 -17.65  -47.35  0.51E-12
2019   7   7   0 -19.70  -47.30  0.63E-12
2019   7   7   0 -19.60  -47.30  0.64E-12
2019   7   7   0 -19.50  -47.30  0.13E-11
2019   7   7   0 -19.30  -47.30  0.63E-12
2019   7   7   0 -18.90  -47.30  0.12E-11
2019   7   7   0 -18.85  -47.30  0.61E-12
2019   7   7   0 -18.70  -47.30  0.59E-12
2019   7   7   0 -18.60  -47.30  0.60E-12
2019   7   7   0 -18.50  -47.30  0.62E-12
2019   7   7   0 -18.45  -47.30  0.12E-11
2019   7   7   0 -18.40  -47.30  0.57E-12
2019   7   7   0 -18.35  -47.30  0.23E-11
2019   7   7   0 -18.30  -47.30  0.77E-12
2019   7   7   0 -18.25  -47.30  0.58E-12
2019   7   7   0 -18.20  -47.30  0.53E-12
2019   7   7   0 -18.15  -47.30  0.58E-12
2019   7   7   0 -18.10  -47.30  0.54E-12
2019   7   7   0 -18.05  -47.30  0.51E-12
2019   7   7   0 -18.00  -47.30  0.59E-12
2019   7   7   0 -17.90  -47.30  0.15E-11
2019   7   7   0 -17.85  -47.30  0.59E-12
2019   7   7   0 -20.05  -47.25  0.63E-12
2019   7   7   0 -19.60  -47.25  0.84E-12
2019   7   7   0 -19.50  -47.25  0.64E-12
2019   7   7   0 -19.45  -47.25  0.63E-12
2019   7   7   0 -19.40  -47.25  0.62E-12
2019   7   7   0 -19.20  -47.25  0.60E-12
2019   7   7   0 -18.95  -47.25  0.62E-12
2019   7   7   0 -18.75  -47.25  0.62E-12
2019   7   7   0 -18.70  -47.25  0.52E-12
2019   7   7   0 -18.65  -47.25  0.60E-12
2019   7   7   0 -18.60  -47.25  0.12E-11
2019   7   7   0 -18.45  -47.25  0.12E-11
2019   7   7   0 -18.40  -47.25  0.60E-12
2019   7   7   0 -18.35  -47.25  0.58E-12
2019   7   7   0 -18.30  -47.25  0.12E-11
2019   7   7   0 -18.25  -47.25  0.61E-12
2019   7   7   0 -18.15  -47.25  0.10E-11
2019   7   7   0 -18.10  -47.25  0.16E-11
2019   7   7   0 -18.05  -47.25  0.59E-12
2019   7   7   0 -17.95  -47.25  0.51E-12
2019   7   7   0 -17.90  -47.25  0.52E-12
2019   7   7   0 -17.80  -47.25  0.57E-12
2019   7   7   0 -17.70  -47.25  0.58E-12
2019   7   7   0 -17.55  -47.25  0.55E-12
2019   7   7   0 -17.50  -47.25  0.56E-12
2019   7   7   0 -20.00  -47.20  0.63E-12
2019   7   7   0 -19.45  -47.20  0.63E-12
2019   7   7   0 -19.20  -47.20  0.62E-12
2019   7   7   0 -19.00  -47.20  0.62E-12
2019   7   7   0 -18.75  -47.20  0.61E-12
2019   7   7   0 -18.55  -47.20  0.13E-11
2019   7   7   0 -18.45  -47.20  0.11E-11
2019   7   7   0 -18.35  -47.20  0.17E-11
2019   7   7   0 -18.25  -47.20  0.59E-12
2019   7   7   0 -18.15  -47.20  0.11E-11
2019   7   7   0 -18.05  -47.20  0.58E-12
2019   7   7   0 -18.00  -47.20  0.67E-12
2019   7   7   0 -17.95  -47.20  0.58E-12
2019   7   7   0 -17.90  -47.20  0.56E-12
2019   7   7   0 -17.80  -47.20  0.12E-11
2019   7   7   0 -17.65  -47.20  0.51E-12
2019   7   7   0 -17.25  -47.20  0.56E-12
2019   7   7   0 -18.95  -47.15  0.59E-12
2019   7   7   0 -18.80  -47.15  0.62E-12
2019   7   7   0 -18.60  -47.15  0.61E-12
2019   7   7   0 -18.55  -47.15  0.80E-12
2019   7   7   0 -18.35  -47.15  0.11E-11
2019   7   7   0 -18.25  -47.15  0.12E-11
2019   7   7   0 -18.20  -47.15  0.57E-12
2019   7   7   0 -18.15  -47.15  0.58E-12
2019   7   7   0 -18.05  -47.15  0.11E-11
2019   7   7   0 -18.00  -47.15  0.11E-11
2019   7   7   0 -17.90  -47.15  0.50E-12
2019   7   7   0 -17.75  -47.15  0.12E-11
2019   7   7   0 -17.70  -47.15  0.52E-12
2019   7   7   0 -18.40  -47.10  0.60E-12
2019   7   7   0 -18.20  -47.10  0.58E-12
2019   7   7   0 -18.15  -47.10  0.57E-12
2019   7   7   0 -18.10  -47.10  0.53E-12
2019   7   7   0 -18.00  -47.10  0.75E-12
2019   7   7   0 -17.70  -47.10  0.52E-12
2019   7   7   0 -18.75  -47.05  0.61E-12
2019   7   7   0 -18.30  -47.05  0.76E-12
2019   7   7   0 -18.25  -47.05  0.51E-12
2019   7   7   0 -18.15  -47.05  0.57E-12
2019   7   7   0 -17.95  -47.05  0.57E-12
2019   7   7   0 -17.80  -47.05  0.11E-11
2019   7   7   0 -17.70  -47.05  0.51E-12
2019   7   7   0 -17.65  -47.05  0.51E-12
2019   7   7   0 -17.55  -47.05  0.57E-12
2019   7   7   0 -19.15  -47.00  0.54E-12
2019   7   7   0 -18.80  -47.00  0.58E-12
2019   7   7   0 -18.60  -47.00  0.12E-11
2019   7   7   0 -18.45  -47.00  0.57E-12
2019   7   7   0 -18.25  -47.00  0.16E-11
2019   7   7   0 -18.05  -47.00  0.67E-12
2019   7   7   0 -17.85  -47.00  0.50E-12
2019   7   7   0 -17.55  -47.00  0.74E-12
2019   7   7   0 -17.50  -47.00  0.56E-12
2019   7   7   0 -18.70  -46.95  0.61E-12
2019   7   7   0 -18.20  -46.95  0.52E-12
2019   7   7   0 -18.05  -46.95  0.57E-12
2019   7   7   0 -17.90  -46.95  0.56E-12
2019   7   7   0 -17.40  -46.95  0.75E-12
2019   7   7   0 -18.50  -46.90  0.58E-12
2019   7   7   0 -18.00  -46.90  0.56E-12
2019   7   7   0 -17.90  -46.90  0.57E-12
2019   7   7   0 -19.00  -46.85  0.62E-12
2019   7   7   0 -18.60  -46.85  0.61E-12
2019   7   7   0 -18.45  -46.85  0.57E-12
2019   7   7   0 -17.45  -46.85  0.51E-12
2019   7   7   0 -17.00  -46.85  0.50E-12
2019   7   7   0 -19.40  -46.80  0.82E-12
2019   7   7   0 -18.45  -46.80  0.57E-12
2019   7   7   0 -18.00  -46.80  0.53E-12
2019   7   7   0 -17.35  -46.80  0.51E-12
2019   7   7   0 -17.45  -46.75  0.67E-12
2019   7   7   0 -17.15  -46.75  0.50E-12
2019   7   7   0 -18.05  -46.70  0.52E-12
2019   7   7   0 -17.90  -46.70  0.58E-12
2019   7   7   0 -17.15  -46.70  0.67E-12
2019   7   7   0 -17.00  -46.70  0.55E-12
2019   7   7   0 -18.80  -46.55  0.52E-12
