YEAR  MO  DA  HR    LAT     LON Rn2200010
1998  11  24  12 -24.25  -48.35  0.56E-12
1998  11  24  12 -24.20  -48.35  0.56E-12
1998  11  24  12 -24.15  -48.35  0.17E-11
1998  11  24  12 -24.15  -48.30  0.57E-12
1998  11  24  12 -24.10  -48.30  0.56E-12
1998  11  24  12 -24.20  -48.25  0.45E-12
1998  11  24  12 -24.15  -48.25  0.43E-11
1998  11  24  12 -24.10  -48.25  0.11E-11
1998  11  24  12 -24.20  -48.20  0.11E-11
1998  11  24  12 -24.15  -48.20  0.50E-11
1998  11  24  12 -24.10  -48.20  0.27E-11
1998  11  24  12 -24.25  -48.15  0.57E-12
1998  11  24  12 -24.20  -48.15  0.16E-11
1998  11  24  12 -24.15  -48.15  0.46E-11
1998  11  24  12 -24.10  -48.15  0.35E-11
1998  11  24  12 -24.05  -48.15  0.15E-11
1998  11  24  12 -24.20  -48.10  0.34E-11
1998  11  24  12 -24.15  -48.10  0.85E-11
1998  11  24  12 -24.10  -48.10  0.36E-11
1998  11  24  12 -24.05  -48.10  0.46E-12
1998  11  24  12 -24.25  -48.05  0.63E-12
1998  11  24  12 -24.20  -48.05  0.48E-11
1998  11  24  12 -24.15  -48.05  0.46E-11
1998  11  24  12 -24.10  -48.05  0.27E-11
1998  11  24  12 -24.05  -48.05  0.46E-12
1998  11  24  12 -24.25  -48.00  0.17E-11
1998  11  24  12 -24.20  -48.00  0.21E-11
1998  11  24  12 -24.15  -48.00  0.70E-11
1998  11  24  12 -24.10  -48.00  0.56E-11
1998  11  24  12 -24.05  -48.00  0.36E-11
1998  11  24  12 -24.20  -47.95  0.34E-11
1998  11  24  12 -24.15  -47.95  0.11E-10
1998  11  24  12 -24.10  -47.95  0.78E-11
1998  11  24  12 -24.05  -47.95  0.18E-11
1998  11  24  12 -24.25  -47.90  0.51E-12
1998  11  24  12 -24.20  -47.90  0.52E-11
1998  11  24  12 -24.15  -47.90  0.12E-10
1998  11  24  12 -24.10  -47.90  0.11E-10
1998  11  24  12 -24.05  -47.90  0.35E-11
1998  11  24  12 -24.00  -47.90  0.38E-12
1998  11  24  12 -24.25  -47.85  0.64E-12
1998  11  24  12 -24.20  -47.85  0.18E-11
1998  11  24  12 -24.15  -47.85  0.74E-11
1998  11  24  12 -24.10  -47.85  0.81E-11
1998  11  24  12 -24.05  -47.85  0.15E-11
1998  11  24  12 -24.00  -47.85  0.38E-12
1998  11  24  12 -24.20  -47.80  0.27E-11
1998  11  24  12 -24.15  -47.80  0.72E-11
1998  11  24  12 -24.10  -47.80  0.85E-11
1998  11  24  12 -24.05  -47.80  0.15E-11
1998  11  24  12 -24.25  -47.75  0.52E-12
1998  11  24  12 -24.20  -47.75  0.17E-11
1998  11  24  12 -24.15  -47.75  0.94E-11
1998  11  24  12 -24.10  -47.75  0.84E-11
1998  11  24  12 -24.05  -47.75  0.42E-11
1998  11  24  12 -24.00  -47.75  0.39E-12
1998  11  24  12 -24.20  -47.70  0.26E-11
1998  11  24  12 -24.15  -47.70  0.10E-10
1998  11  24  12 -24.10  -47.70  0.99E-11
1998  11  24  12 -24.05  -47.70  0.54E-11
1998  11  24  12 -24.00  -47.70  0.19E-11
1998  11  24  12 -24.20  -47.65  0.18E-11
1998  11  24  12 -24.15  -47.65  0.72E-11
1998  11  24  12 -24.10  -47.65  0.19E-10
1998  11  24  12 -24.05  -47.65  0.52E-11
1998  11  24  12 -24.00  -47.65  0.32E-11
1998  11  24  12 -24.20  -47.60  0.10E-11
1998  11  24  12 -24.15  -47.60  0.64E-11
1998  11  24  12 -24.10  -47.60  0.12E-10
1998  11  24  12 -24.05  -47.60  0.63E-11
1998  11  24  12 -24.00  -47.60  0.20E-11
1998  11  24  12 -23.95  -47.60  0.12E-11
1998  11  24  12 -24.20  -47.55  0.10E-11
1998  11  24  12 -24.15  -47.55  0.10E-10
1998  11  24  12 -24.10  -47.55  0.15E-10
1998  11  24  12 -24.05  -47.55  0.78E-11
1998  11  24  12 -24.00  -47.55  0.32E-11
1998  11  24  12 -23.95  -47.55  0.20E-11
1998  11  24  12 -24.20  -47.50  0.52E-12
1998  11  24  12 -24.15  -47.50  0.36E-11
1998  11  24  12 -24.10  -47.50  0.15E-10
1998  11  24  12 -24.05  -47.50  0.70E-11
1998  11  24  12 -24.00  -47.50  0.40E-11
1998  11  24  12 -23.95  -47.50  0.39E-12
1998  11  24  12 -24.15  -47.45  0.44E-12
1998  11  24  12 -24.10  -47.45  0.13E-10
1998  11  24  12 -24.05  -47.45  0.10E-10
1998  11  24  12 -24.00  -47.45  0.58E-11
1998  11  24  12 -23.95  -47.45  0.35E-11
1998  11  24  12 -24.20  -47.40  0.52E-12
1998  11  24  12 -24.15  -47.40  0.33E-11
1998  11  24  12 -24.10  -47.40  0.17E-10
1998  11  24  12 -24.05  -47.40  0.11E-10
1998  11  24  12 -24.00  -47.40  0.57E-11
1998  11  24  12 -23.95  -47.40  0.35E-11
1998  11  24  12 -23.90  -47.40  0.12E-11
1998  11  24  12 -24.15  -47.35  0.39E-11
1998  11  24  12 -24.10  -47.35  0.12E-10
1998  11  24  12 -24.05  -47.35  0.15E-10
1998  11  24  12 -24.00  -47.35  0.64E-11
1998  11  24  12 -23.95  -47.35  0.20E-11
1998  11  24  12 -23.90  -47.35  0.20E-11
1998  11  24  12 -24.15  -47.30  0.52E-12
1998  11  24  12 -24.10  -47.30  0.79E-11
1998  11  24  12 -24.05  -47.30  0.20E-10
1998  11  24  12 -24.00  -47.30  0.58E-11
1998  11  24  12 -23.95  -47.30  0.70E-11
1998  11  24  12 -23.90  -47.30  0.16E-11
1998  11  24  12 -24.10  -47.25  0.43E-11
1998  11  24  12 -24.05  -47.25  0.20E-10
1998  11  24  12 -24.00  -47.25  0.78E-11
1998  11  24  12 -23.95  -47.25  0.45E-11
1998  11  24  12 -23.90  -47.25  0.16E-11
1998  11  24  12 -24.10  -47.20  0.19E-11
1998  11  24  12 -24.05  -47.20  0.20E-10
1998  11  24  12 -24.00  -47.20  0.13E-10
1998  11  24  12 -23.95  -47.20  0.43E-11
1998  11  24  12 -23.90  -47.20  0.51E-11
1998  11  24  12 -23.85  -47.20  0.39E-12
1998  11  24  12 -24.10  -47.15  0.19E-11
1998  11  24  12 -24.05  -47.15  0.15E-10
1998  11  24  12 -24.00  -47.15  0.18E-10
1998  11  24  12 -23.95  -47.15  0.60E-11
1998  11  24  12 -23.90  -47.15  0.39E-11
1998  11  24  12 -23.85  -47.15  0.40E-12
1998  11  24  12 -24.10  -47.10  0.88E-12
1998  11  24  12 -24.05  -47.10  0.66E-11
1998  11  24  12 -24.00  -47.10  0.22E-10
1998  11  24  12 -23.95  -47.10  0.47E-11
1998  11  24  12 -23.90  -47.10  0.33E-11
1998  11  24  12 -23.85  -47.10  0.12E-11
1998  11  24  12 -24.05  -47.05  0.75E-11
1998  11  24  12 -24.00  -47.05  0.24E-10
1998  11  24  12 -23.95  -47.05  0.10E-10
1998  11  24  12 -23.90  -47.05  0.82E-11
1998  11  24  12 -23.85  -47.05  0.16E-11
1998  11  24  12 -24.05  -47.00  0.26E-11
1998  11  24  12 -24.00  -47.00  0.30E-10
1998  11  24  12 -23.95  -47.00  0.11E-10
1998  11  24  12 -23.90  -47.00  0.42E-11
1998  11  24  12 -23.85  -47.00  0.32E-11
1998  11  24  12 -23.80  -47.00  0.40E-12
1998  11  24  12 -24.05  -46.95  0.66E-12
1998  11  24  12 -24.00  -46.95  0.28E-10
1998  11  24  12 -23.95  -46.95  0.16E-10
1998  11  24  12 -23.90  -46.95  0.59E-11
1998  11  24  12 -23.85  -46.95  0.60E-11
1998  11  24  12 -24.00  -46.90  0.17E-10
1998  11  24  12 -23.95  -46.90  0.16E-10
1998  11  24  12 -23.90  -46.90  0.11E-10
1998  11  24  12 -23.85  -46.90  0.57E-11
1998  11  24  12 -23.80  -46.90  0.80E-12
1998  11  24  12 -24.00  -46.85  0.42E-11
1998  11  24  12 -23.95  -46.85  0.31E-10
1998  11  24  12 -23.90  -46.85  0.12E-10
1998  11  24  12 -23.85  -46.85  0.82E-11
1998  11  24  12 -23.80  -46.85  0.12E-11
1998  11  24  12 -24.00  -46.80  0.25E-11
1998  11  24  12 -23.95  -46.80  0.32E-10
1998  11  24  12 -23.90  -46.80  0.17E-10
1998  11  24  12 -23.85  -46.80  0.92E-11
1998  11  24  12 -23.80  -46.80  0.80E-12
1998  11  24  12 -24.00  -46.75  0.53E-12
1998  11  24  12 -23.95  -46.75  0.21E-10
1998  11  24  12 -23.90  -46.75  0.26E-10
1998  11  24  12 -23.85  -46.75  0.89E-11
1998  11  24  12 -23.80  -46.75  0.24E-11
1998  11  24  12 -23.95  -46.70  0.14E-10
1998  11  24  12 -23.90  -46.70  0.31E-10
1998  11  24  12 -23.85  -46.70  0.98E-11
1998  11  24  12 -23.80  -46.70  0.24E-11
1998  11  24  12 -23.95  -46.65  0.31E-11
1998  11  24  12 -23.90  -46.65  0.40E-10
1998  11  24  12 -23.85  -46.65  0.20E-10
1998  11  24  12 -23.80  -46.65  0.28E-11
1998  11  24  12 -23.90  -46.60  0.46E-10
1998  11  24  12 -23.85  -46.60  0.31E-10
1998  11  24  12 -23.80  -46.60  0.36E-11
1998  11  24  12 -23.90  -46.55  0.21E-10
1998  11  24  12 -23.85  -46.55  0.57E-10
1998  11  24  12 -23.80  -46.55  0.74E-11
1998  11  24  12 -23.90  -46.50  0.44E-11
1998  11  24  12 -23.85  -46.50  0.75E-10
1998  11  24  12 -23.80  -46.50  0.52E-11
1998  11  24  12 -23.85  -46.45  0.13E-09
1998  11  24  12 -23.80  -46.45  0.98E-12
1998  11  24  12 -23.85  -46.40  0.10E-09
1998  11  25   0 -24.35  -49.60  0.41E-12
1998  11  25   0 -24.35  -49.55  0.83E-12
1998  11  25   0 -24.30  -49.55  0.23E-12
1998  11  25   0 -24.65  -49.50  0.62E-12
1998  11  25   0 -24.55  -49.50  0.23E-12
1998  11  25   0 -24.30  -49.50  0.10E-11
1998  11  25   0 -24.20  -49.50  0.35E-12
1998  11  25   0 -24.10  -49.50  0.23E-12
1998  11  25   0 -24.65  -49.45  0.21E-12
1998  11  25   0 -24.55  -49.45  0.62E-12
1998  11  25   0 -24.50  -49.45  0.21E-12
1998  11  25   0 -24.35  -49.45  0.41E-12
1998  11  25   0 -24.30  -49.45  0.58E-12
1998  11  25   0 -24.20  -49.45  0.44E-12
1998  11  25   0 -24.15  -49.45  0.41E-12
1998  11  25   0 -24.05  -49.45  0.39E-12
1998  11  25   0 -24.55  -49.40  0.35E-12
1998  11  25   0 -24.50  -49.40  0.44E-12
1998  11  25   0 -24.30  -49.40  0.15E-11
1998  11  25   0 -24.25  -49.40  0.23E-12
1998  11  25   0 -24.20  -49.40  0.67E-12
1998  11  25   0 -24.05  -49.40  0.39E-12
1998  11  25   0 -24.75  -49.35  0.21E-12
1998  11  25   0 -24.60  -49.35  0.55E-12
1998  11  25   0 -24.55  -49.35  0.82E-12
1998  11  25   0 -24.50  -49.35  0.21E-12
1998  11  25   0 -24.45  -49.35  0.23E-12
1998  11  25   0 -24.40  -49.35  0.80E-12
1998  11  25   0 -24.35  -49.35  0.23E-12
1998  11  25   0 -24.30  -49.35  0.17E-11
1998  11  25   0 -24.25  -49.35  0.56E-12
1998  11  25   0 -24.20  -49.35  0.85E-12
1998  11  25   0 -24.15  -49.35  0.62E-12
1998  11  25   0 -24.10  -49.35  0.44E-12
1998  11  25   0 -24.55  -49.30  0.23E-12
1998  11  25   0 -24.50  -49.30  0.35E-12
1998  11  25   0 -24.45  -49.30  0.76E-12
1998  11  25   0 -24.40  -49.30  0.22E-11
1998  11  25   0 -24.35  -49.30  0.15E-11
1998  11  25   0 -24.30  -49.30  0.19E-11
1998  11  25   0 -24.25  -49.30  0.14E-11
1998  11  25   0 -24.20  -49.30  0.13E-11
1998  11  25   0 -24.15  -49.30  0.23E-12
1998  11  25   0 -24.10  -49.30  0.35E-12
1998  11  25   0 -24.05  -49.30  0.35E-12
1998  11  25   0 -24.00  -49.30  0.21E-12
1998  11  25   0 -24.55  -49.25  0.42E-12
1998  11  25   0 -24.50  -49.25  0.44E-12
1998  11  25   0 -24.45  -49.25  0.35E-12
1998  11  25   0 -24.40  -49.25  0.20E-11
1998  11  25   0 -24.35  -49.25  0.14E-11
1998  11  25   0 -24.30  -49.25  0.17E-11
1998  11  25   0 -24.25  -49.25  0.22E-11
1998  11  25   0 -24.20  -49.25  0.11E-11
1998  11  25   0 -24.15  -49.25  0.83E-12
1998  11  25   0 -24.10  -49.25  0.35E-12
1998  11  25   0 -24.05  -49.25  0.41E-12
1998  11  25   0 -23.95  -49.25  0.93E-12
1998  11  25   0 -24.65  -49.20  0.23E-12
1998  11  25   0 -24.50  -49.20  0.14E-11
1998  11  25   0 -24.45  -49.20  0.21E-12
1998  11  25   0 -24.40  -49.20  0.19E-11
1998  11  25   0 -24.35  -49.20  0.70E-12
1998  11  25   0 -24.30  -49.20  0.18E-11
1998  11  25   0 -24.25  -49.20  0.62E-12
1998  11  25   0 -24.20  -49.20  0.37E-11
1998  11  25   0 -24.15  -49.20  0.16E-11
1998  11  25   0 -24.10  -49.20  0.15E-11
1998  11  25   0 -24.05  -49.20  0.14E-11
1998  11  25   0 -23.80  -49.20  0.34E-12
1998  11  25   0 -24.65  -49.15  0.23E-12
1998  11  25   0 -24.50  -49.15  0.60E-12
1998  11  25   0 -24.45  -49.15  0.39E-12
1998  11  25   0 -24.40  -49.15  0.25E-11
1998  11  25   0 -24.35  -49.15  0.11E-11
1998  11  25   0 -24.30  -49.15  0.46E-11
1998  11  25   0 -24.25  -49.15  0.23E-11
1998  11  25   0 -24.20  -49.15  0.41E-11
1998  11  25   0 -24.15  -49.15  0.26E-11
1998  11  25   0 -24.10  -49.15  0.21E-11
1998  11  25   0 -24.05  -49.15  0.79E-12
1998  11  25   0 -24.00  -49.15  0.47E-12
1998  11  25   0 -23.90  -49.15  0.23E-12
1998  11  25   0 -23.85  -49.15  0.23E-12
1998  11  25   0 -23.80  -49.15  0.35E-12
1998  11  25   0 -24.50  -49.10  0.81E-12
1998  11  25   0 -24.45  -49.10  0.13E-11
1998  11  25   0 -24.40  -49.10  0.17E-11
1998  11  25   0 -24.35  -49.10  0.17E-11
1998  11  25   0 -24.30  -49.10  0.26E-11
1998  11  25   0 -24.25  -49.10  0.49E-11
1998  11  25   0 -24.20  -49.10  0.48E-11
1998  11  25   0 -24.15  -49.10  0.40E-11
1998  11  25   0 -24.10  -49.10  0.28E-11
1998  11  25   0 -24.05  -49.10  0.12E-11
1998  11  25   0 -24.00  -49.10  0.13E-11
1998  11  25   0 -23.85  -49.10  0.23E-12
1998  11  25   0 -24.65  -49.05  0.47E-12
1998  11  25   0 -24.50  -49.05  0.47E-12
1998  11  25   0 -24.45  -49.05  0.13E-11
1998  11  25   0 -24.40  -49.05  0.24E-11
1998  11  25   0 -24.35  -49.05  0.16E-11
1998  11  25   0 -24.30  -49.05  0.30E-11
1998  11  25   0 -24.25  -49.05  0.47E-11
1998  11  25   0 -24.20  -49.05  0.30E-11
1998  11  25   0 -24.15  -49.05  0.15E-11
1998  11  25   0 -24.10  -49.05  0.43E-11
1998  11  25   0 -24.05  -49.05  0.94E-12
1998  11  25   0 -24.00  -49.05  0.14E-11
1998  11  25   0 -23.95  -49.05  0.13E-11
1998  11  25   0 -23.90  -49.05  0.24E-12
1998  11  25   0 -24.60  -49.00  0.70E-12
1998  11  25   0 -24.55  -49.00  0.39E-12
1998  11  25   0 -24.50  -49.00  0.35E-12
1998  11  25   0 -24.45  -49.00  0.94E-12
1998  11  25   0 -24.40  -49.00  0.19E-11
1998  11  25   0 -24.35  -49.00  0.15E-11
1998  11  25   0 -24.30  -49.00  0.45E-11
1998  11  25   0 -24.25  -49.00  0.45E-11
1998  11  25   0 -24.20  -49.00  0.31E-11
1998  11  25   0 -24.15  -49.00  0.13E-11
1998  11  25   0 -24.10  -49.00  0.51E-11
1998  11  25   0 -24.05  -49.00  0.35E-12
1998  11  25   0 -24.00  -49.00  0.77E-12
1998  11  25   0 -23.95  -49.00  0.23E-12
1998  11  25   0 -23.90  -49.00  0.24E-12
1998  11  25   0 -23.85  -49.00  0.39E-12
1998  11  25   0 -23.75  -49.00  0.24E-12
1998  11  25   0 -24.60  -48.95  0.23E-12
1998  11  25   0 -24.55  -48.95  0.47E-12
1998  11  25   0 -24.50  -48.95  0.12E-11
1998  11  25   0 -24.45  -48.95  0.22E-11
1998  11  25   0 -24.40  -48.95  0.87E-12
1998  11  25   0 -24.35  -48.95  0.24E-11
1998  11  25   0 -24.30  -48.95  0.42E-11
1998  11  25   0 -24.25  -48.95  0.32E-11
1998  11  25   0 -24.20  -48.95  0.35E-11
1998  11  25   0 -24.15  -48.95  0.32E-11
1998  11  25   0 -24.10  -48.95  0.49E-11
1998  11  25   0 -24.05  -48.95  0.66E-12
1998  11  25   0 -24.00  -48.95  0.33E-11
1998  11  25   0 -23.95  -48.95  0.15E-11
1998  11  25   0 -23.90  -48.95  0.39E-12
1998  11  25   0 -23.85  -48.95  0.39E-12
1998  11  25   0 -23.80  -48.95  0.23E-12
1998  11  25   0 -24.65  -48.90  0.24E-12
1998  11  25   0 -24.60  -48.90  0.23E-12
1998  11  25   0 -24.55  -48.90  0.71E-12
1998  11  25   0 -24.40  -48.90  0.18E-11
1998  11  25   0 -24.35  -48.90  0.13E-11
1998  11  25   0 -24.30  -48.90  0.13E-11
1998  11  25   0 -24.25  -48.90  0.29E-11
1998  11  25   0 -24.20  -48.90  0.44E-11
1998  11  25   0 -24.15  -48.90  0.83E-11
1998  11  25   0 -24.10  -48.90  0.46E-11
1998  11  25   0 -24.05  -48.90  0.36E-11
1998  11  25   0 -24.00  -48.90  0.14E-11
1998  11  25   0 -23.95  -48.90  0.78E-12
1998  11  25   0 -23.85  -48.90  0.78E-12
1998  11  25   0 -23.75  -48.90  0.47E-12
1998  11  25   0 -24.60  -48.85  0.24E-12
1998  11  25   0 -24.50  -48.85  0.24E-12
1998  11  25   0 -24.45  -48.85  0.24E-12
1998  11  25   0 -24.40  -48.85  0.63E-12
1998  11  25   0 -24.35  -48.85  0.63E-12
1998  11  25   0 -24.30  -48.85  0.57E-11
1998  11  25   0 -24.25  -48.85  0.47E-11
1998  11  25   0 -24.20  -48.85  0.65E-11
1998  11  25   0 -24.15  -48.85  0.56E-11
1998  11  25   0 -24.10  -48.85  0.71E-11
1998  11  25   0 -24.05  -48.85  0.46E-11
1998  11  25   0 -24.00  -48.85  0.17E-11
1998  11  25   0 -23.95  -48.85  0.23E-11
1998  11  25   0 -23.90  -48.85  0.79E-12
1998  11  25   0 -23.80  -48.85  0.43E-12
1998  11  25   0 -23.75  -48.85  0.39E-12
1998  11  25   0 -23.70  -48.85  0.39E-12
1998  11  25   0 -24.55  -48.80  0.23E-12
1998  11  25   0 -24.50  -48.80  0.40E-12
1998  11  25   0 -24.45  -48.80  0.47E-12
1998  11  25   0 -24.40  -48.80  0.24E-12
1998  11  25   0 -24.35  -48.80  0.20E-11
1998  11  25   0 -24.30  -48.80  0.39E-11
1998  11  25   0 -24.25  -48.80  0.38E-11
1998  11  25   0 -24.20  -48.80  0.83E-11
1998  11  25   0 -24.15  -48.80  0.62E-11
1998  11  25   0 -24.10  -48.80  0.65E-11
1998  11  25   0 -24.05  -48.80  0.27E-11
1998  11  25   0 -24.00  -48.80  0.19E-11
1998  11  25   0 -23.95  -48.80  0.11E-11
1998  11  25   0 -23.85  -48.80  0.80E-12
1998  11  25   0 -23.80  -48.80  0.47E-12
1998  11  25   0 -24.70  -48.75  0.24E-12
1998  11  25   0 -24.45  -48.75  0.79E-12
1998  11  25   0 -24.40  -48.75  0.24E-12
1998  11  25   0 -24.35  -48.75  0.15E-11
1998  11  25   0 -24.30  -48.75  0.32E-11
1998  11  25   0 -24.25  -48.75  0.39E-11
1998  11  25   0 -24.20  -48.75  0.74E-11
1998  11  25   0 -24.15  -48.75  0.62E-11
1998  11  25   0 -24.10  -48.75  0.75E-11
1998  11  25   0 -24.05  -48.75  0.42E-11
1998  11  25   0 -24.00  -48.75  0.35E-11
1998  11  25   0 -23.95  -48.75  0.14E-11
1998  11  25   0 -23.90  -48.75  0.11E-11
1998  11  25   0 -23.85  -48.75  0.79E-12
1998  11  25   0 -23.80  -48.75  0.47E-12
1998  11  25   0 -23.70  -48.75  0.39E-12
1998  11  25   0 -24.55  -48.70  0.47E-12
1998  11  25   0 -24.45  -48.70  0.10E-11
1998  11  25   0 -24.40  -48.70  0.23E-12
1998  11  25   0 -24.35  -48.70  0.95E-12
1998  11  25   0 -24.30  -48.70  0.41E-11
1998  11  25   0 -24.25  -48.70  0.67E-11
1998  11  25   0 -24.20  -48.70  0.61E-11
1998  11  25   0 -24.15  -48.70  0.79E-11
1998  11  25   0 -24.10  -48.70  0.11E-10
1998  11  25   0 -24.05  -48.70  0.72E-11
1998  11  25   0 -24.00  -48.70  0.49E-11
1998  11  25   0 -23.95  -48.70  0.18E-11
1998  11  25   0 -23.90  -48.70  0.24E-11
1998  11  25   0 -23.85  -48.70  0.87E-12
1998  11  25   0 -23.80  -48.70  0.88E-12
1998  11  25   0 -23.75  -48.70  0.14E-11
1998  11  25   0 -23.70  -48.70  0.79E-12
1998  11  25   0 -24.50  -48.65  0.40E-12
1998  11  25   0 -24.45  -48.65  0.40E-12
1998  11  25   0 -24.40  -48.65  0.40E-12
1998  11  25   0 -24.35  -48.65  0.10E-11
1998  11  25   0 -24.30  -48.65  0.29E-11
1998  11  25   0 -24.25  -48.65  0.75E-11
1998  11  25   0 -24.20  -48.65  0.65E-11
1998  11  25   0 -24.15  -48.65  0.74E-11
1998  11  25   0 -24.10  -48.65  0.75E-11
1998  11  25   0 -24.05  -48.65  0.64E-11
1998  11  25   0 -24.00  -48.65  0.36E-11
1998  11  25   0 -23.95  -48.65  0.45E-11
1998  11  25   0 -23.90  -48.65  0.48E-12
1998  11  25   0 -23.85  -48.65  0.88E-12
1998  11  25   0 -23.80  -48.65  0.13E-11
1998  11  25   0 -23.70  -48.65  0.24E-12
1998  11  25   0 -24.50  -48.60  0.24E-12
1998  11  25   0 -24.45  -48.60  0.40E-12
1998  11  25   0 -24.40  -48.60  0.80E-12
1998  11  25   0 -24.35  -48.60  0.11E-11
1998  11  25   0 -24.30  -48.60  0.48E-12
1998  11  25   0 -24.25  -48.60  0.60E-11
1998  11  25   0 -24.20  -48.60  0.78E-11
1998  11  25   0 -24.15  -48.60  0.11E-10
1998  11  25   0 -24.10  -48.60  0.62E-11
1998  11  25   0 -24.05  -48.60  0.84E-11
1998  11  25   0 -24.00  -48.60  0.45E-11
1998  11  25   0 -23.95  -48.60  0.17E-11
1998  11  25   0 -23.90  -48.60  0.95E-12
1998  11  25   0 -23.85  -48.60  0.48E-12
1998  11  25   0 -23.80  -48.60  0.79E-12
1998  11  25   0 -23.75  -48.60  0.63E-12
1998  11  25   0 -23.70  -48.60  0.48E-12
1998  11  25   0 -24.40  -48.55  0.64E-12
1998  11  25   0 -24.35  -48.55  0.13E-11
1998  11  25   0 -24.30  -48.55  0.16E-11
1998  11  25   0 -24.25  -48.55  0.61E-11
1998  11  25   0 -24.20  -48.55  0.90E-11
1998  11  25   0 -24.15  -48.55  0.95E-11
1998  11  25   0 -24.10  -48.55  0.10E-10
1998  11  25   0 -24.05  -48.55  0.85E-11
1998  11  25   0 -24.00  -48.55  0.20E-11
1998  11  25   0 -23.95  -48.55  0.36E-11
1998  11  25   0 -23.90  -48.55  0.21E-11
1998  11  25   0 -23.85  -48.55  0.88E-12
1998  11  25   0 -23.80  -48.55  0.10E-11
1998  11  25   0 -23.75  -48.55  0.64E-12
1998  11  25   0 -23.70  -48.55  0.87E-12
1998  11  25   0 -24.50  -48.50  0.40E-12
1998  11  25   0 -24.45  -48.50  0.24E-12
1998  11  25   0 -24.40  -48.50  0.40E-12
1998  11  25   0 -24.35  -48.50  0.15E-11
1998  11  25   0 -24.30  -48.50  0.14E-11
1998  11  25   0 -24.25  -48.50  0.66E-11
1998  11  25   0 -24.20  -48.50  0.83E-11
1998  11  25   0 -24.15  -48.50  0.82E-11
1998  11  25   0 -24.10  -48.50  0.91E-11
1998  11  25   0 -24.05  -48.50  0.82E-11
1998  11  25   0 -24.00  -48.50  0.78E-11
1998  11  25   0 -23.95  -48.50  0.27E-11
1998  11  25   0 -23.90  -48.50  0.62E-11
1998  11  25   0 -23.85  -48.50  0.24E-11
1998  11  25   0 -23.80  -48.50  0.10E-11
1998  11  25   0 -23.75  -48.50  0.24E-12
1998  11  25   0 -23.70  -48.50  0.64E-12
1998  11  25   0 -24.35  -48.45  0.89E-12
1998  11  25   0 -24.30  -48.45  0.37E-11
1998  11  25   0 -24.25  -48.45  0.41E-11
1998  11  25   0 -24.20  -48.45  0.15E-10
1998  11  25   0 -24.15  -48.45  0.16E-10
1998  11  25   0 -24.10  -48.45  0.82E-11
1998  11  25   0 -24.05  -48.45  0.86E-11
1998  11  25   0 -24.00  -48.45  0.63E-11
1998  11  25   0 -23.95  -48.45  0.41E-11
1998  11  25   0 -23.90  -48.45  0.27E-11
1998  11  25   0 -23.85  -48.45  0.31E-11
1998  11  25   0 -23.80  -48.45  0.40E-12
1998  11  25   0 -23.70  -48.45  0.48E-12
1998  11  25   0 -23.60  -48.45  0.24E-12
1998  11  25   0 -24.40  -48.40  0.72E-12
1998  11  25   0 -24.35  -48.40  0.89E-12
1998  11  25   0 -24.30  -48.40  0.44E-11
1998  11  25   0 -24.25  -48.40  0.43E-11
1998  11  25   0 -24.20  -48.40  0.86E-11
1998  11  25   0 -24.15  -48.40  0.14E-10
1998  11  25   0 -24.10  -48.40  0.11E-10
1998  11  25   0 -24.05  -48.40  0.75E-11
1998  11  25   0 -24.00  -48.40  0.76E-11
1998  11  25   0 -23.95  -48.40  0.57E-11
1998  11  25   0 -23.90  -48.40  0.10E-11
1998  11  25   0 -23.85  -48.40  0.35E-11
1998  11  25   0 -23.80  -48.40  0.88E-12
1998  11  25   0 -23.75  -48.40  0.89E-12
1998  11  25   0 -23.70  -48.40  0.24E-12
1998  11  25   0 -24.30  -48.35  0.26E-11
1998  11  25   0 -24.25  -48.35  0.39E-11
1998  11  25   0 -24.20  -48.35  0.89E-11
1998  11  25   0 -24.15  -48.35  0.20E-10
1998  11  25   0 -24.10  -48.35  0.11E-10
1998  11  25   0 -24.05  -48.35  0.95E-11
1998  11  25   0 -24.00  -48.35  0.11E-10
1998  11  25   0 -23.95  -48.35  0.52E-11
1998  11  25   0 -23.90  -48.35  0.15E-11
1998  11  25   0 -23.85  -48.35  0.45E-11
1998  11  25   0 -23.80  -48.35  0.25E-12
1998  11  25   0 -23.75  -48.35  0.64E-12
1998  11  25   0 -23.70  -48.35  0.19E-11
1998  11  25   0 -24.35  -48.30  0.48E-12
1998  11  25   0 -24.30  -48.30  0.31E-11
1998  11  25   0 -24.25  -48.30  0.46E-11
1998  11  25   0 -24.20  -48.30  0.92E-11
1998  11  25   0 -24.15  -48.30  0.13E-10
1998  11  25   0 -24.10  -48.30  0.14E-10
1998  11  25   0 -24.05  -48.30  0.94E-11
1998  11  25   0 -24.00  -48.30  0.62E-11
1998  11  25   0 -23.95  -48.30  0.37E-11
1998  11  25   0 -23.90  -48.30  0.64E-11
1998  11  25   0 -23.85  -48.30  0.22E-11
1998  11  25   0 -23.80  -48.30  0.15E-11
1998  11  25   0 -23.75  -48.30  0.21E-11
1998  11  25   0 -23.70  -48.30  0.22E-11
1998  11  25   0 -24.35  -48.25  0.21E-11
1998  11  25   0 -24.30  -48.25  0.42E-11
1998  11  25   0 -24.25  -48.25  0.38E-11
1998  11  25   0 -24.20  -48.25  0.97E-11
1998  11  25   0 -24.15  -48.25  0.12E-10
1998  11  25   0 -24.10  -48.25  0.69E-11
1998  11  25   0 -24.05  -48.25  0.11E-10
1998  11  25   0 -24.00  -48.25  0.73E-11
1998  11  25   0 -23.95  -48.25  0.43E-11
1998  11  25   0 -23.90  -48.25  0.62E-11
1998  11  25   0 -23.85  -48.25  0.37E-11
1998  11  25   0 -23.80  -48.25  0.15E-11
1998  11  25   0 -23.75  -48.25  0.34E-11
1998  11  25   0 -23.70  -48.25  0.19E-11
1998  11  25   0 -24.35  -48.20  0.62E-12
1998  11  25   0 -24.30  -48.20  0.62E-12
1998  11  25   0 -24.25  -48.20  0.29E-11
1998  11  25   0 -24.20  -48.20  0.55E-11
1998  11  25   0 -24.15  -48.20  0.10E-10
1998  11  25   0 -24.10  -48.20  0.11E-10
1998  11  25   0 -24.05  -48.20  0.84E-11
1998  11  25   0 -24.00  -48.20  0.60E-11
1998  11  25   0 -23.95  -48.20  0.77E-11
1998  11  25   0 -23.90  -48.20  0.55E-11
1998  11  25   0 -23.85  -48.20  0.25E-11
1998  11  25   0 -23.80  -48.20  0.24E-11
1998  11  25   0 -23.75  -48.20  0.90E-12
1998  11  25   0 -23.70  -48.20  0.91E-12
1998  11  25   0 -23.65  -48.20  0.81E-12
1998  11  25   0 -24.30  -48.15  0.62E-12
1998  11  25   0 -24.25  -48.15  0.29E-11
1998  11  25   0 -24.20  -48.15  0.91E-11
1998  11  25   0 -24.15  -48.15  0.89E-11
1998  11  25   0 -24.10  -48.15  0.11E-10
1998  11  25   0 -24.05  -48.15  0.65E-11
1998  11  25   0 -24.00  -48.15  0.81E-11
1998  11  25   0 -23.95  -48.15  0.75E-11
1998  11  25   0 -23.90  -48.15  0.56E-11
1998  11  25   0 -23.85  -48.15  0.36E-11
1998  11  25   0 -23.80  -48.15  0.52E-11
1998  11  25   0 -23.75  -48.15  0.24E-11
1998  11  25   0 -23.70  -48.15  0.65E-12
1998  11  25   0 -23.60  -48.15  0.25E-12
1998  11  25   0 -24.30  -48.10  0.83E-12
1998  11  25   0 -24.25  -48.10  0.11E-11
1998  11  25   0 -24.20  -48.10  0.11E-10
1998  11  25   0 -24.15  -48.10  0.18E-10
1998  11  25   0 -24.10  -48.10  0.88E-11
1998  11  25   0 -24.05  -48.10  0.14E-10
1998  11  25   0 -24.00  -48.10  0.40E-11
1998  11  25   0 -23.95  -48.10  0.68E-11
1998  11  25   0 -23.90  -48.10  0.84E-11
1998  11  25   0 -23.85  -48.10  0.53E-11
1998  11  25   0 -23.80  -48.10  0.39E-11
1998  11  25   0 -23.75  -48.10  0.76E-12
1998  11  25   0 -23.70  -48.10  0.27E-11
1998  11  25   0 -23.65  -48.10  0.82E-12
1998  11  25   0 -23.55  -48.10  0.41E-12
1998  11  25   0 -24.30  -48.05  0.17E-11
1998  11  25   0 -24.25  -48.05  0.28E-11
1998  11  25   0 -24.20  -48.05  0.78E-11
1998  11  25   0 -24.15  -48.05  0.10E-10
1998  11  25   0 -24.10  -48.05  0.34E-11
1998  11  25   0 -24.05  -48.05  0.11E-10
1998  11  25   0 -24.00  -48.05  0.85E-11
1998  11  25   0 -23.95  -48.05  0.12E-10
1998  11  25   0 -23.90  -48.05  0.57E-11
1998  11  25   0 -23.85  -48.05  0.68E-11
1998  11  25   0 -23.80  -48.05  0.24E-11
1998  11  25   0 -23.75  -48.05  0.74E-12
1998  11  25   0 -23.70  -48.05  0.23E-11
1998  11  25   0 -23.60  -48.05  0.67E-12
1998  11  25   0 -24.25  -48.00  0.62E-12
1998  11  25   0 -24.20  -48.00  0.82E-11
1998  11  25   0 -24.15  -48.00  0.66E-11
1998  11  25   0 -24.10  -48.00  0.92E-11
1998  11  25   0 -24.05  -48.00  0.12E-10
1998  11  25   0 -24.00  -48.00  0.72E-11
1998  11  25   0 -23.95  -48.00  0.75E-11
1998  11  25   0 -23.90  -48.00  0.92E-11
1998  11  25   0 -23.85  -48.00  0.75E-11
1998  11  25   0 -23.80  -48.00  0.60E-11
1998  11  25   0 -23.75  -48.00  0.65E-11
1998  11  25   0 -23.70  -48.00  0.18E-11
1998  11  25   0 -23.65  -48.00  0.40E-12
1998  11  25   0 -23.60  -48.00  0.42E-12
1998  11  25   0 -23.55  -48.00  0.67E-12
1998  11  25   0 -24.30  -47.95  0.26E-12
1998  11  25   0 -24.25  -47.95  0.56E-11
1998  11  25   0 -24.20  -47.95  0.59E-11
1998  11  25   0 -24.15  -47.95  0.67E-11
1998  11  25   0 -24.10  -47.95  0.74E-11
1998  11  25   0 -24.05  -47.95  0.13E-10
1998  11  25   0 -24.00  -47.95  0.12E-10
1998  11  25   0 -23.95  -47.95  0.10E-10
1998  11  25   0 -23.90  -47.95  0.71E-11
1998  11  25   0 -23.85  -47.95  0.77E-11
1998  11  25   0 -23.80  -47.95  0.34E-11
1998  11  25   0 -23.75  -47.95  0.38E-11
1998  11  25   0 -23.70  -47.95  0.22E-11
1998  11  25   0 -23.65  -47.95  0.41E-12
1998  11  25   0 -23.55  -47.95  0.42E-12
1998  11  25   0 -24.35  -47.90  0.68E-12
1998  11  25   0 -24.30  -47.90  0.41E-12
1998  11  25   0 -24.25  -47.90  0.88E-12
1998  11  25   0 -24.20  -47.90  0.50E-11
1998  11  25   0 -24.15  -47.90  0.11E-10
1998  11  25   0 -24.10  -47.90  0.92E-11
1998  11  25   0 -24.05  -47.90  0.95E-11
1998  11  25   0 -24.00  -47.90  0.94E-11
1998  11  25   0 -23.95  -47.90  0.89E-11
1998  11  25   0 -23.90  -47.90  0.82E-11
1998  11  25   0 -23.85  -47.90  0.10E-10
1998  11  25   0 -23.80  -47.90  0.50E-11
1998  11  25   0 -23.75  -47.90  0.38E-11
1998  11  25   0 -23.70  -47.90  0.11E-11
1998  11  25   0 -23.65  -47.90  0.16E-11
1998  11  25   0 -23.60  -47.90  0.43E-12
1998  11  25   0 -23.55  -47.90  0.25E-12
1998  11  25   0 -24.35  -47.85  0.26E-12
1998  11  25   0 -24.25  -47.85  0.64E-12
1998  11  25   0 -24.20  -47.85  0.15E-11
1998  11  25   0 -24.15  -47.85  0.79E-11
1998  11  25   0 -24.10  -47.85  0.14E-10
1998  11  25   0 -24.05  -47.85  0.12E-10
1998  11  25   0 -24.00  -47.85  0.13E-10
1998  11  25   0 -23.95  -47.85  0.92E-11
1998  11  25   0 -23.90  -47.85  0.84E-11
1998  11  25   0 -23.85  -47.85  0.14E-10
1998  11  25   0 -23.80  -47.85  0.63E-11
1998  11  25   0 -23.75  -47.85  0.52E-11
1998  11  25   0 -23.70  -47.85  0.11E-11
1998  11  25   0 -23.65  -47.85  0.68E-12
1998  11  25   0 -23.60  -47.85  0.15E-11
1998  11  25   0 -23.50  -47.85  0.42E-12
1998  11  25   0 -24.35  -47.80  0.25E-12
1998  11  25   0 -24.20  -47.80  0.38E-11
1998  11  25   0 -24.15  -47.80  0.49E-11
1998  11  25   0 -24.10  -47.80  0.79E-11
1998  11  25   0 -24.05  -47.80  0.93E-11
1998  11  25   0 -24.00  -47.80  0.99E-11
1998  11  25   0 -23.95  -47.80  0.10E-10
1998  11  25   0 -23.90  -47.80  0.11E-10
1998  11  25   0 -23.85  -47.80  0.76E-11
1998  11  25   0 -23.80  -47.80  0.81E-11
1998  11  25   0 -23.75  -47.80  0.44E-11
1998  11  25   0 -23.70  -47.80  0.24E-11
1998  11  25   0 -23.65  -47.80  0.30E-11
1998  11  25   0 -23.60  -47.80  0.69E-12
1998  11  25   0 -23.55  -47.80  0.25E-12
1998  11  25   0 -24.30  -47.75  0.26E-12
1998  11  25   0 -24.20  -47.75  0.43E-11
1998  11  25   0 -24.15  -47.75  0.90E-11
1998  11  25   0 -24.10  -47.75  0.81E-11
1998  11  25   0 -24.05  -47.75  0.13E-10
1998  11  25   0 -24.00  -47.75  0.14E-10
1998  11  25   0 -23.95  -47.75  0.11E-10
1998  11  25   0 -23.90  -47.75  0.12E-10
1998  11  25   0 -23.85  -47.75  0.97E-11
1998  11  25   0 -23.80  -47.75  0.88E-11
1998  11  25   0 -23.75  -47.75  0.47E-11
1998  11  25   0 -23.70  -47.75  0.36E-11
1998  11  25   0 -23.65  -47.75  0.26E-11
1998  11  25   0 -23.60  -47.75  0.42E-12
1998  11  25   0 -24.25  -47.70  0.26E-12
1998  11  25   0 -24.20  -47.70  0.46E-11
1998  11  25   0 -24.15  -47.70  0.73E-11
1998  11  25   0 -24.10  -47.70  0.87E-11
1998  11  25   0 -24.05  -47.70  0.15E-10
1998  11  25   0 -24.00  -47.70  0.98E-11
1998  11  25   0 -23.95  -47.70  0.85E-11
1998  11  25   0 -23.90  -47.70  0.12E-10
1998  11  25   0 -23.85  -47.70  0.11E-10
1998  11  25   0 -23.80  -47.70  0.85E-11
1998  11  25   0 -23.75  -47.70  0.63E-11
1998  11  25   0 -23.70  -47.70  0.20E-11
1998  11  25   0 -23.65  -47.70  0.39E-11
1998  11  25   0 -23.60  -47.70  0.85E-12
1998  11  25   0 -24.25  -47.65  0.53E-12
1998  11  25   0 -24.20  -47.65  0.78E-12
1998  11  25   0 -24.15  -47.65  0.11E-10
1998  11  25   0 -24.10  -47.65  0.77E-11
1998  11  25   0 -24.05  -47.65  0.10E-10
1998  11  25   0 -24.00  -47.65  0.12E-10
1998  11  25   0 -23.95  -47.65  0.11E-10
1998  11  25   0 -23.90  -47.65  0.14E-10
1998  11  25   0 -23.85  -47.65  0.13E-10
1998  11  25   0 -23.80  -47.65  0.83E-11
1998  11  25   0 -23.75  -47.65  0.72E-11
1998  11  25   0 -23.70  -47.65  0.42E-11
1998  11  25   0 -23.65  -47.65  0.24E-11
1998  11  25   0 -23.60  -47.65  0.17E-11
1998  11  25   0 -23.55  -47.65  0.41E-12
1998  11  25   0 -23.50  -47.65  0.86E-12
1998  11  25   0 -24.25  -47.60  0.52E-12
1998  11  25   0 -24.20  -47.60  0.84E-12
1998  11  25   0 -24.15  -47.60  0.59E-11
1998  11  25   0 -24.10  -47.60  0.96E-11
1998  11  25   0 -24.05  -47.60  0.63E-11
1998  11  25   0 -24.00  -47.60  0.11E-10
1998  11  25   0 -23.95  -47.60  0.86E-11
1998  11  25   0 -23.90  -47.60  0.11E-10
1998  11  25   0 -23.85  -47.60  0.16E-10
1998  11  25   0 -23.80  -47.60  0.10E-10
1998  11  25   0 -23.75  -47.60  0.58E-11
1998  11  25   0 -23.70  -47.60  0.41E-11
1998  11  25   0 -23.65  -47.60  0.25E-11
1998  11  25   0 -23.60  -47.60  0.44E-12
1998  11  25   0 -24.20  -47.55  0.12E-11
1998  11  25   0 -24.15  -47.55  0.24E-11
1998  11  25   0 -24.10  -47.55  0.46E-11
1998  11  25   0 -24.05  -47.55  0.45E-11
1998  11  25   0 -24.00  -47.55  0.13E-10
1998  11  25   0 -23.95  -47.55  0.12E-10
1998  11  25   0 -23.90  -47.55  0.12E-10
1998  11  25   0 -23.85  -47.55  0.96E-11
1998  11  25   0 -23.80  -47.55  0.86E-11
1998  11  25   0 -23.75  -47.55  0.90E-11
1998  11  25   0 -23.70  -47.55  0.25E-11
1998  11  25   0 -23.65  -47.55  0.23E-11
1998  11  25   0 -23.60  -47.55  0.13E-11
1998  11  25   0 -24.20  -47.50  0.10E-11
1998  11  25   0 -24.15  -47.50  0.18E-11
1998  11  25   0 -24.10  -47.50  0.13E-10
1998  11  25   0 -24.05  -47.50  0.93E-11
1998  11  25   0 -24.00  -47.50  0.56E-11
1998  11  25   0 -23.95  -47.50  0.93E-11
1998  11  25   0 -23.90  -47.50  0.11E-10
1998  11  25   0 -23.85  -47.50  0.11E-10
1998  11  25   0 -23.80  -47.50  0.82E-11
1998  11  25   0 -23.75  -47.50  0.91E-11
1998  11  25   0 -23.70  -47.50  0.48E-11
1998  11  25   0 -23.65  -47.50  0.42E-11
1998  11  25   0 -23.60  -47.50  0.93E-12
1998  11  25   0 -23.55  -47.50  0.26E-12
1998  11  25   0 -23.50  -47.50  0.43E-12
1998  11  25   0 -24.15  -47.45  0.23E-11
1998  11  25   0 -24.10  -47.45  0.71E-11
1998  11  25   0 -24.05  -47.45  0.16E-10
1998  11  25   0 -24.00  -47.45  0.11E-10
1998  11  25   0 -23.95  -47.45  0.13E-10
1998  11  25   0 -23.90  -47.45  0.18E-10
1998  11  25   0 -23.85  -47.45  0.16E-10
1998  11  25   0 -23.80  -47.45  0.10E-10
1998  11  25   0 -23.75  -47.45  0.67E-11
1998  11  25   0 -23.70  -47.45  0.68E-11
1998  11  25   0 -23.65  -47.45  0.34E-11
1998  11  25   0 -23.60  -47.45  0.94E-12
1998  11  25   0 -23.55  -47.45  0.43E-12
1998  11  25   0 -24.20  -47.40  0.52E-12
1998  11  25   0 -24.15  -47.40  0.25E-11
1998  11  25   0 -24.10  -47.40  0.52E-11
1998  11  25   0 -24.05  -47.40  0.92E-11
1998  11  25   0 -24.00  -47.40  0.12E-10
1998  11  25   0 -23.95  -47.40  0.12E-10
1998  11  25   0 -23.90  -47.40  0.12E-10
1998  11  25   0 -23.85  -47.40  0.13E-10
1998  11  25   0 -23.80  -47.40  0.93E-11
1998  11  25   0 -23.75  -47.40  0.56E-11
1998  11  25   0 -23.70  -47.40  0.71E-11
1998  11  25   0 -23.65  -47.40  0.22E-11
1998  11  25   0 -23.60  -47.40  0.44E-12
1998  11  25   0 -23.55  -47.40  0.52E-12
1998  11  25   0 -24.15  -47.35  0.97E-12
1998  11  25   0 -24.10  -47.35  0.35E-11
1998  11  25   0 -24.05  -47.35  0.12E-10
1998  11  25   0 -24.00  -47.35  0.10E-10
1998  11  25   0 -23.95  -47.35  0.13E-10
1998  11  25   0 -23.90  -47.35  0.16E-10
1998  11  25   0 -23.85  -47.35  0.17E-10
1998  11  25   0 -23.80  -47.35  0.15E-10
1998  11  25   0 -23.75  -47.35  0.77E-11
1998  11  25   0 -23.70  -47.35  0.54E-11
1998  11  25   0 -23.65  -47.35  0.31E-11
1998  11  25   0 -23.60  -47.35  0.86E-12
1998  11  25   0 -23.55  -47.35  0.52E-12
1998  11  25   0 -24.15  -47.30  0.21E-11
1998  11  25   0 -24.10  -47.30  0.68E-11
1998  11  25   0 -24.05  -47.30  0.96E-11
1998  11  25   0 -24.00  -47.30  0.12E-10
1998  11  25   0 -23.95  -47.30  0.13E-10
1998  11  25   0 -23.90  -47.30  0.16E-10
1998  11  25   0 -23.85  -47.30  0.15E-10
1998  11  25   0 -23.80  -47.30  0.16E-10
1998  11  25   0 -23.75  -47.30  0.12E-10
1998  11  25   0 -23.70  -47.30  0.54E-11
1998  11  25   0 -23.65  -47.30  0.20E-11
1998  11  25   0 -23.60  -47.30  0.13E-11
1998  11  25   0 -23.50  -47.30  0.86E-12
1998  11  25   0 -24.20  -47.25  0.27E-12
1998  11  25   0 -24.10  -47.25  0.24E-11
1998  11  25   0 -24.05  -47.25  0.10E-10
1998  11  25   0 -24.00  -47.25  0.84E-11
1998  11  25   0 -23.95  -47.25  0.12E-10
1998  11  25   0 -23.90  -47.25  0.16E-10
1998  11  25   0 -23.85  -47.25  0.17E-10
1998  11  25   0 -23.80  -47.25  0.17E-10
1998  11  25   0 -23.75  -47.25  0.78E-11
1998  11  25   0 -23.70  -47.25  0.25E-11
1998  11  25   0 -23.65  -47.25  0.29E-11
1998  11  25   0 -23.60  -47.25  0.43E-12
1998  11  25   0 -23.55  -47.25  0.52E-12
1998  11  25   0 -24.20  -47.20  0.14E-11
1998  11  25   0 -24.10  -47.20  0.22E-11
1998  11  25   0 -24.05  -47.20  0.98E-11
1998  11  25   0 -24.00  -47.20  0.12E-10
1998  11  25   0 -23.95  -47.20  0.18E-10
1998  11  25   0 -23.90  -47.20  0.13E-10
1998  11  25   0 -23.85  -47.20  0.15E-10
1998  11  25   0 -23.80  -47.20  0.10E-10
1998  11  25   0 -23.75  -47.20  0.13E-10
1998  11  25   0 -23.70  -47.20  0.47E-11
1998  11  25   0 -23.65  -47.20  0.52E-11
1998  11  25   0 -23.60  -47.20  0.89E-12
1998  11  25   0 -24.10  -47.15  0.12E-11
1998  11  25   0 -24.05  -47.15  0.52E-11
1998  11  25   0 -24.00  -47.15  0.19E-10
1998  11  25   0 -23.95  -47.15  0.16E-10
1998  11  25   0 -23.90  -47.15  0.15E-10
1998  11  25   0 -23.85  -47.15  0.22E-10
1998  11  25   0 -23.80  -47.15  0.12E-10
1998  11  25   0 -23.75  -47.15  0.95E-11
1998  11  25   0 -23.70  -47.15  0.53E-11
1998  11  25   0 -23.65  -47.15  0.52E-11
1998  11  25   0 -23.60  -47.15  0.51E-12
1998  11  25   0 -24.15  -47.10  0.27E-12
1998  11  25   0 -24.10  -47.10  0.12E-11
1998  11  25   0 -24.05  -47.10  0.69E-11
1998  11  25   0 -24.00  -47.10  0.17E-10
1998  11  25   0 -23.95  -47.10  0.17E-10
1998  11  25   0 -23.90  -47.10  0.17E-10
1998  11  25   0 -23.85  -47.10  0.16E-10
1998  11  25   0 -23.80  -47.10  0.15E-10
1998  11  25   0 -23.75  -47.10  0.64E-11
1998  11  25   0 -23.70  -47.10  0.30E-11
1998  11  25   0 -23.65  -47.10  0.28E-11
1998  11  25   0 -24.15  -47.05  0.82E-12
1998  11  25   0 -24.10  -47.05  0.14E-11
1998  11  25   0 -24.05  -47.05  0.56E-11
1998  11  25   0 -24.00  -47.05  0.13E-10
1998  11  25   0 -23.95  -47.05  0.21E-10
1998  11  25   0 -23.90  -47.05  0.27E-10
1998  11  25   0 -23.85  -47.05  0.16E-10
1998  11  25   0 -23.80  -47.05  0.11E-10
1998  11  25   0 -23.75  -47.05  0.10E-10
1998  11  25   0 -23.70  -47.05  0.28E-11
1998  11  25   0 -23.65  -47.05  0.97E-12
1998  11  25   0 -24.10  -47.00  0.27E-12
1998  11  25   0 -24.05  -47.00  0.41E-11
1998  11  25   0 -24.00  -47.00  0.10E-10
1998  11  25   0 -23.95  -47.00  0.20E-10
1998  11  25   0 -23.90  -47.00  0.24E-10
1998  11  25   0 -23.85  -47.00  0.29E-10
1998  11  25   0 -23.80  -47.00  0.13E-10
1998  11  25   0 -23.75  -47.00  0.94E-11
1998  11  25   0 -23.70  -47.00  0.41E-11
1998  11  25   0 -23.65  -47.00  0.52E-12
1998  11  25   0 -23.60  -47.00  0.52E-12
1998  11  25   0 -24.05  -46.95  0.31E-11
1998  11  25   0 -24.00  -46.95  0.99E-11
1998  11  25   0 -23.95  -46.95  0.16E-10
1998  11  25   0 -23.90  -46.95  0.29E-10
1998  11  25   0 -23.85  -46.95  0.23E-10
1998  11  25   0 -23.80  -46.95  0.17E-10
1998  11  25   0 -23.75  -46.95  0.13E-10
1998  11  25   0 -23.70  -46.95  0.21E-11
1998  11  25   0 -24.05  -46.90  0.16E-11
1998  11  25   0 -24.00  -46.90  0.61E-11
1998  11  25   0 -23.95  -46.90  0.22E-10
1998  11  25   0 -23.90  -46.90  0.25E-10
1998  11  25   0 -23.85  -46.90  0.29E-10
1998  11  25   0 -23.80  -46.90  0.19E-10
1998  11  25   0 -23.75  -46.90  0.13E-10
1998  11  25   0 -23.70  -46.90  0.45E-11
1998  11  25   0 -23.65  -46.90  0.53E-12
1998  11  25   0 -24.05  -46.85  0.27E-12
1998  11  25   0 -24.00  -46.85  0.39E-11
1998  11  25   0 -23.95  -46.85  0.15E-10
1998  11  25   0 -23.90  -46.85  0.18E-10
1998  11  25   0 -23.85  -46.85  0.28E-10
1998  11  25   0 -23.80  -46.85  0.21E-10
1998  11  25   0 -23.75  -46.85  0.98E-11
1998  11  25   0 -23.70  -46.85  0.11E-11
1998  11  25   0 -24.00  -46.80  0.31E-11
1998  11  25   0 -23.95  -46.80  0.14E-10
1998  11  25   0 -23.90  -46.80  0.38E-10
1998  11  25   0 -23.85  -46.80  0.34E-10
1998  11  25   0 -23.80  -46.80  0.24E-10
1998  11  25   0 -23.75  -46.80  0.15E-10
1998  11  25   0 -23.70  -46.80  0.43E-11
1998  11  25   0 -23.65  -46.80  0.11E-11
1998  11  25   0 -24.00  -46.75  0.16E-11
1998  11  25   0 -23.95  -46.75  0.10E-10
1998  11  25   0 -23.90  -46.75  0.23E-10
1998  11  25   0 -23.85  -46.75  0.39E-10
1998  11  25   0 -23.80  -46.75  0.22E-10
1998  11  25   0 -23.75  -46.75  0.11E-10
1998  11  25   0 -23.70  -46.75  0.36E-11
1998  11  25   0 -23.95  -46.70  0.78E-11
1998  11  25   0 -23.90  -46.70  0.29E-10
1998  11  25   0 -23.85  -46.70  0.37E-10
1998  11  25   0 -23.80  -46.70  0.22E-10
1998  11  25   0 -23.75  -46.70  0.12E-10
1998  11  25   0 -23.70  -46.70  0.13E-11
1998  11  25   0 -23.95  -46.65  0.73E-11
1998  11  25   0 -23.90  -46.65  0.29E-10
1998  11  25   0 -23.85  -46.65  0.37E-10
1998  11  25   0 -23.80  -46.65  0.27E-10
1998  11  25   0 -23.75  -46.65  0.39E-11
1998  11  25   0 -23.70  -46.65  0.14E-11
1998  11  25   0 -23.95  -46.60  0.73E-12
1998  11  25   0 -23.90  -46.60  0.20E-10
1998  11  25   0 -23.85  -46.60  0.58E-10
1998  11  25   0 -23.80  -46.60  0.23E-10
1998  11  25   0 -23.75  -46.60  0.34E-11
1998  11  25   0 -23.90  -46.55  0.16E-10
1998  11  25   0 -23.85  -46.55  0.68E-10
1998  11  25   0 -23.80  -46.55  0.34E-10
1998  11  25   0 -23.75  -46.55  0.67E-12
1998  11  25   0 -23.90  -46.50  0.37E-11
1998  11  25   0 -23.85  -46.50  0.80E-10
1998  11  25   0 -23.80  -46.50  0.20E-10
1998  11  25   0 -23.85  -46.45  0.88E-10
1998  11  25   0 -23.80  -46.45  0.66E-11
1998  11  25   0 -23.85  -46.40  0.65E-10
