YEAR  MO  DA  HR    LAT     LON Rn2200005
2015   5  11  12 -23.88  -46.59  0.48E+01
2015   5  11  12 -23.83  -46.59  0.48E+01
2015   5  11  12 -23.98  -46.54  0.95E+00
2015   5  11  12 -23.93  -46.54  0.12E+02
2015   5  11  12 -23.88  -46.54  0.60E+01
2015   5  11  12 -23.83  -46.54  0.19E+02
2015   5  11  12 -23.78  -46.54  0.12E+01
2015   5  11  12 -24.08  -46.49  0.19E+01
2015   5  11  12 -24.03  -46.49  0.95E+00
2015   5  11  12 -23.98  -46.49  0.43E+01
2015   5  11  12 -23.93  -46.49  0.12E+02
2015   5  11  12 -23.88  -46.49  0.28E+02
2015   5  11  12 -23.83  -46.49  0.28E+02
2015   5  11  12 -24.13  -46.44  0.47E+00
2015   5  11  12 -24.08  -46.44  0.19E+01
2015   5  11  12 -24.03  -46.44  0.57E+01
2015   5  11  12 -23.98  -46.44  0.69E+01
2015   5  11  12 -23.93  -46.44  0.80E+01
2015   5  11  12 -23.88  -46.44  0.25E+02
2015   5  11  12 -23.83  -46.44  0.61E+02
2015   5  11  12 -24.23  -46.39  0.94E+00
2015   5  11  12 -24.18  -46.39  0.47E+00
2015   5  11  12 -24.13  -46.39  0.14E+01
2015   5  11  12 -24.08  -46.39  0.70E+01
2015   5  11  12 -24.03  -46.39  0.11E+02
2015   5  11  12 -23.98  -46.39  0.79E+01
2015   5  11  12 -23.93  -46.39  0.24E+02
2015   5  11  12 -23.88  -46.39  0.61E+02
2015   5  11  12 -23.83  -46.39  0.12E+03
2015   5  11  12 -24.18  -46.34  0.29E+01
2015   5  11  12 -24.13  -46.34  0.35E+01
2015   5  11  12 -24.08  -46.34  0.52E+01
2015   5  11  12 -24.03  -46.34  0.70E+01
2015   5  11  12 -23.98  -46.34  0.16E+02
2015   5  11  12 -23.93  -46.34  0.26E+02
2015   5  11  12 -23.88  -46.34  0.48E+02
2015   5  11  12 -23.83  -46.34  0.48E+01
2015   5  11  12 -24.33  -46.29  0.47E+00
2015   5  11  12 -24.23  -46.29  0.19E+01
2015   5  11  12 -24.18  -46.29  0.70E+01
2015   5  11  12 -24.13  -46.29  0.51E+01
2015   5  11  12 -24.08  -46.29  0.10E+02
2015   5  11  12 -24.03  -46.29  0.11E+02
2015   5  11  12 -23.98  -46.29  0.22E+02
2015   5  11  12 -23.93  -46.29  0.17E+02
2015   5  11  12 -23.88  -46.29  0.53E+01
2015   5  11  12 -24.33  -46.24  0.94E+00
2015   5  11  12 -24.28  -46.24  0.19E+01
2015   5  11  12 -24.23  -46.24  0.54E+01
2015   5  11  12 -24.18  -46.24  0.26E+01
2015   5  11  12 -24.13  -46.24  0.54E+01
2015   5  11  12 -24.08  -46.24  0.11E+02
2015   5  11  12 -24.03  -46.24  0.12E+02
2015   5  11  12 -23.98  -46.24  0.96E+01
2015   5  11  12 -23.93  -46.24  0.16E+01
2015   5  11  12 -23.88  -46.24  0.53E+00
2015   5  11  12 -23.83  -46.24  0.53E+00
2015   5  11  12 -24.43  -46.19  0.47E+00
2015   5  11  12 -24.33  -46.19  0.24E+01
2015   5  11  12 -24.28  -46.19  0.30E+01
2015   5  11  12 -24.23  -46.19  0.37E+01
2015   5  11  12 -24.18  -46.19  0.75E+01
2015   5  11  12 -24.13  -46.19  0.86E+01
2015   5  11  12 -24.08  -46.19  0.70E+01
2015   5  11  12 -24.03  -46.19  0.53E+01
2015   5  11  12 -23.98  -46.19  0.32E+01
2015   5  11  12 -23.88  -46.19  0.53E+00
2015   5  11  12 -24.43  -46.14  0.47E+00
2015   5  11  12 -24.38  -46.14  0.99E+00
2015   5  11  12 -24.33  -46.14  0.25E+01
2015   5  11  12 -24.28  -46.14  0.16E+01
2015   5  11  12 -24.23  -46.14  0.64E+01
2015   5  11  12 -24.18  -46.14  0.53E+01
2015   5  11  12 -24.13  -46.14  0.70E+01
2015   5  11  12 -24.08  -46.14  0.48E+01
2015   5  11  12 -24.03  -46.14  0.11E+01
2015   5  11  12 -23.98  -46.14  0.11E+01
2015   5  11  12 -24.53  -46.09  0.47E+00
2015   5  11  12 -24.48  -46.09  0.10E+01
2015   5  11  12 -24.43  -46.09  0.15E+01
2015   5  11  12 -24.38  -46.09  0.25E+01
2015   5  11  12 -24.33  -46.09  0.27E+01
2015   5  11  12 -24.28  -46.09  0.59E+01
2015   5  11  12 -24.23  -46.09  0.75E+01
2015   5  11  12 -24.18  -46.09  0.32E+01
2015   5  11  12 -24.13  -46.09  0.37E+01
2015   5  11  12 -24.08  -46.09  0.16E+01
2015   5  11  12 -24.03  -46.09  0.11E+01
2015   5  11  12 -23.98  -46.09  0.53E+00
2015   5  11  12 -23.93  -46.09  0.53E+00
2015   5  11  12 -24.48  -46.04  0.34E+01
2015   5  11  12 -24.43  -46.04  0.99E+00
2015   5  11  12 -24.38  -46.04  0.52E+00
2015   5  11  12 -24.33  -46.04  0.42E+01
2015   5  11  12 -24.28  -46.04  0.37E+01
2015   5  11  12 -24.23  -46.04  0.27E+01
2015   5  11  12 -24.18  -46.04  0.43E+01
2015   5  11  12 -24.13  -46.04  0.11E+01
2015   5  11  12 -24.08  -46.04  0.11E+01
2015   5  11  12 -24.03  -46.04  0.53E+00
2015   5  11  12 -23.98  -46.04  0.53E+00
2015   5  11  12 -24.58  -45.99  0.46E+00
2015   5  11  12 -24.53  -45.99  0.18E+01
2015   5  11  12 -24.48  -45.99  0.14E+01
2015   5  11  12 -24.43  -45.99  0.53E+00
2015   5  11  12 -24.38  -45.99  0.26E+01
2015   5  11  12 -24.33  -45.99  0.32E+01
2015   5  11  12 -24.28  -45.99  0.32E+01
2015   5  11  12 -24.23  -45.99  0.32E+01
2015   5  11  12 -24.18  -45.99  0.21E+01
2015   5  11  12 -24.13  -45.99  0.11E+01
2015   5  11  12 -24.08  -45.99  0.16E+01
2015   5  11  12 -24.03  -45.99  0.16E+01
2015   5  11  12 -23.98  -45.99  0.53E+00
2015   5  11  12 -24.58  -45.94  0.46E+00
2015   5  11  12 -24.53  -45.94  0.19E+01
2015   5  11  12 -24.48  -45.94  0.14E+01
2015   5  11  12 -24.43  -45.94  0.26E+01
2015   5  11  12 -24.38  -45.94  0.26E+01
2015   5  11  12 -24.33  -45.94  0.27E+01
2015   5  11  12 -24.28  -45.94  0.21E+01
2015   5  11  12 -24.23  -45.94  0.52E+00
2015   5  11  12 -24.18  -45.94  0.53E+00
2015   5  11  12 -24.08  -45.94  0.11E+01
2015   5  11  12 -24.68  -45.89  0.46E+00
2015   5  11  12 -24.58  -45.89  0.51E+00
2015   5  11  12 -24.53  -45.89  0.52E+00
2015   5  11  12 -24.48  -45.89  0.16E+01
2015   5  11  12 -24.43  -45.89  0.32E+01
2015   5  11  12 -24.38  -45.89  0.52E+00
2015   5  11  12 -24.33  -45.89  0.11E+01
2015   5  11  12 -24.28  -45.89  0.16E+01
2015   5  11  12 -24.23  -45.89  0.52E+00
2015   5  11  12 -24.18  -45.89  0.11E+01
2015   5  11  12 -24.13  -45.89  0.53E+00
2015   5  11  12 -24.63  -45.84  0.21E+01
2015   5  11  12 -24.58  -45.84  0.26E+01
2015   5  11  12 -24.53  -45.84  0.26E+01
2015   5  11  12 -24.48  -45.84  0.16E+01
2015   5  11  12 -24.43  -45.84  0.26E+01
2015   5  11  12 -24.38  -45.84  0.52E+00
2015   5  11  12 -24.33  -45.84  0.52E+00
2015   5  11  12 -24.28  -45.84  0.52E+00
2015   5  11  12 -24.23  -45.84  0.10E+01
2015   5  11  12 -24.18  -45.84  0.10E+01
2015   5  11  12 -24.73  -45.79  0.91E+00
2015   5  11  12 -24.63  -45.79  0.25E+01
2015   5  11  12 -24.58  -45.79  0.31E+01
2015   5  11  12 -24.53  -45.79  0.16E+01
2015   5  11  12 -24.48  -45.79  0.54E+00
2015   5  11  12 -24.43  -45.79  0.32E+01
2015   5  11  12 -24.38  -45.79  0.54E+00
2015   5  11  12 -24.28  -45.79  0.10E+01
2015   5  11  12 -24.23  -45.79  0.10E+01
2015   5  11  12 -24.73  -45.74  0.15E+01
2015   5  11  12 -24.68  -45.74  0.19E+01
2015   5  11  12 -24.63  -45.74  0.16E+01
2015   5  11  12 -24.58  -45.74  0.20E+01
2015   5  11  12 -24.53  -45.74  0.16E+01
2015   5  11  12 -24.48  -45.74  0.21E+01
2015   5  11  12 -24.38  -45.74  0.52E+00
2015   5  11  12 -24.33  -45.74  0.21E+01
2015   5  11  12 -24.23  -45.74  0.52E+00
2015   5  11  12 -24.78  -45.69  0.46E+00
2015   5  11  12 -24.73  -45.69  0.98E+00
2015   5  11  12 -24.68  -45.69  0.20E+01
2015   5  11  12 -24.63  -45.69  0.16E+01
2015   5  11  12 -24.53  -45.69  0.16E+01
2015   5  11  12 -24.48  -45.69  0.11E+01
2015   5  11  12 -24.43  -45.69  0.54E+00
2015   5  11  12 -24.38  -45.69  0.10E+01
2015   5  11  12 -24.33  -45.69  0.52E+00
2015   5  11  12 -24.23  -45.69  0.52E+00
2015   5  11  12 -24.83  -45.64  0.99E+00
2015   5  11  12 -24.78  -45.64  0.53E+00
2015   5  11  12 -24.73  -45.64  0.20E+01
2015   5  11  12 -24.68  -45.64  0.11E+01
2015   5  11  12 -24.63  -45.64  0.21E+01
2015   5  11  12 -24.58  -45.64  0.11E+01
2015   5  11  12 -24.53  -45.64  0.21E+01
2015   5  11  12 -24.48  -45.64  0.52E+00
2015   5  11  12 -24.43  -45.64  0.54E+00
2015   5  11  12 -24.33  -45.64  0.10E+01
2015   5  11  12 -24.83  -45.59  0.25E+01
2015   5  11  12 -24.78  -45.59  0.53E+00
2015   5  11  12 -24.73  -45.59  0.21E+01
2015   5  11  12 -24.68  -45.59  0.11E+01
2015   5  11  12 -24.58  -45.59  0.11E+01
2015   5  11  12 -24.43  -45.59  0.52E+00
2015   5  11  12 -24.88  -45.54  0.15E+01
2015   5  11  12 -24.83  -45.54  0.99E+00
2015   5  11  12 -24.78  -45.54  0.21E+01
2015   5  11  12 -24.73  -45.54  0.99E+00
2015   5  11  12 -24.68  -45.54  0.11E+01
2015   5  11  12 -24.63  -45.54  0.51E+00
2015   5  11  12 -24.58  -45.54  0.11E+01
2015   5  11  12 -24.43  -45.54  0.52E+00
2015   5  11  12 -24.33  -45.54  0.52E+00
2015   5  11  12 -24.93  -45.49  0.51E+00
2015   5  11  12 -24.83  -45.49  0.15E+01
2015   5  11  12 -24.78  -45.49  0.11E+01
2015   5  11  12 -24.73  -45.49  0.10E+01
2015   5  11  12 -24.63  -45.49  0.11E+01
2015   5  11  12 -24.58  -45.49  0.51E+00
2015   5  11  12 -24.83  -45.44  0.51E+00
2015   5  11  12 -24.68  -45.44  0.21E+01
2015   5  11  12 -24.53  -45.44  0.52E+00
2015   5  11  12 -24.38  -45.44  0.52E+00
2015   5  11  12 -24.93  -45.39  0.46E+00
2015   5  11  12 -24.88  -45.39  0.51E+00
2015   5  11  12 -24.98  -45.34  0.53E+00
2015   5  11  12 -25.03  -45.29  0.53E+00
2015   5  11  12 -24.78  -45.29  0.54E+00
2015   5  11  12 -24.83  -45.14  0.11E+01
2015   5  12   0 -23.83  -46.49  0.45E+00
2015   5  12   0 -23.83  -46.39  0.18E+02
2015   5  12   0 -23.88  -46.34  0.32E+01
2015   5  12   0 -23.83  -46.34  0.20E+02
2015   5  12   0 -23.78  -46.34  0.14E+01
2015   5  12   0 -23.73  -46.34  0.45E+00
2015   5  12   0 -23.93  -46.29  0.90E+00
2015   5  12   0 -23.88  -46.29  0.23E+01
2015   5  12   0 -23.83  -46.29  0.10E+02
2015   5  12   0 -23.78  -46.29  0.82E+01
2015   5  12   0 -23.68  -46.29  0.45E+00
2015   5  12   0 -23.88  -46.24  0.18E+01
2015   5  12   0 -23.83  -46.24  0.45E+01
2015   5  12   0 -23.78  -46.24  0.27E+01
2015   5  12   0 -23.73  -46.24  0.45E+00
2015   5  12   0 -23.93  -46.19  0.90E+00
2015   5  12   0 -23.88  -46.19  0.22E+01
2015   5  12   0 -23.83  -46.19  0.27E+01
2015   5  12   0 -23.78  -46.19  0.23E+01
2015   5  12   0 -23.73  -46.19  0.27E+01
2015   5  12   0 -23.63  -46.19  0.45E+00
2015   5  12   0 -24.03  -46.14  0.45E+00
2015   5  12   0 -23.98  -46.14  0.44E+00
2015   5  12   0 -23.93  -46.14  0.44E+00
2015   5  12   0 -23.88  -46.14  0.14E+01
2015   5  12   0 -23.83  -46.14  0.18E+01
2015   5  12   0 -23.78  -46.14  0.41E+01
2015   5  12   0 -23.73  -46.14  0.41E+01
2015   5  12   0 -23.68  -46.14  0.14E+01
2015   5  12   0 -24.03  -46.09  0.44E+00
2015   5  12   0 -23.93  -46.09  0.89E+00
2015   5  12   0 -23.88  -46.09  0.18E+01
2015   5  12   0 -23.83  -46.09  0.23E+01
2015   5  12   0 -23.78  -46.09  0.27E+01
2015   5  12   0 -23.73  -46.09  0.18E+01
2015   5  12   0 -23.68  -46.09  0.13E+01
2015   5  12   0 -23.63  -46.09  0.90E+00
2015   5  12   0 -23.58  -46.09  0.90E+00
2015   5  12   0 -23.53  -46.09  0.90E+00
2015   5  12   0 -23.48  -46.09  0.90E+00
2015   5  12   0 -24.13  -46.04  0.44E+00
2015   5  12   0 -24.03  -46.04  0.44E+00
2015   5  12   0 -23.98  -46.04  0.18E+01
2015   5  12   0 -23.93  -46.04  0.44E+00
2015   5  12   0 -23.83  -46.04  0.22E+01
2015   5  12   0 -23.78  -46.04  0.13E+01
2015   5  12   0 -23.73  -46.04  0.90E+00
2015   5  12   0 -23.68  -46.04  0.13E+01
2015   5  12   0 -23.63  -46.04  0.45E+00
2015   5  12   0 -23.58  -46.04  0.45E+00
2015   5  12   0 -23.43  -46.04  0.45E+00
2015   5  12   0 -23.98  -45.99  0.89E+00
2015   5  12   0 -23.93  -45.99  0.89E+00
2015   5  12   0 -23.88  -45.99  0.45E+00
2015   5  12   0 -23.83  -45.99  0.13E+01
2015   5  12   0 -23.78  -45.99  0.89E+00
2015   5  12   0 -23.73  -45.99  0.13E+01
2015   5  12   0 -23.68  -45.99  0.45E+00
2015   5  12   0 -23.63  -45.99  0.90E+00
2015   5  12   0 -23.53  -45.99  0.45E+00
2015   5  12   0 -24.13  -45.94  0.88E+00
2015   5  12   0 -24.08  -45.94  0.45E+00
2015   5  12   0 -24.03  -45.94  0.89E+00
2015   5  12   0 -23.88  -45.94  0.45E+00
2015   5  12   0 -23.78  -45.94  0.89E+00
2015   5  12   0 -23.73  -45.94  0.89E+00
2015   5  12   0 -23.68  -45.94  0.13E+01
2015   5  12   0 -23.63  -45.94  0.45E+00
2015   5  12   0 -23.58  -45.94  0.13E+01
2015   5  12   0 -23.53  -45.94  0.44E+00
2015   5  12   0 -23.38  -45.94  0.44E+00
2015   5  12   0 -24.18  -45.89  0.43E+00
2015   5  12   0 -24.08  -45.89  0.13E+01
2015   5  12   0 -24.03  -45.89  0.44E+00
2015   5  12   0 -23.93  -45.89  0.44E+00
2015   5  12   0 -23.78  -45.89  0.90E+00
2015   5  12   0 -23.73  -45.89  0.45E+00
2015   5  12   0 -23.68  -45.89  0.90E+00
2015   5  12   0 -23.63  -45.89  0.89E+00
2015   5  12   0 -23.58  -45.89  0.89E+00
2015   5  12   0 -23.93  -45.84  0.13E+01
2015   5  12   0 -23.88  -45.84  0.90E+00
2015   5  12   0 -23.83  -45.84  0.89E+00
2015   5  12   0 -23.73  -45.84  0.13E+01
2015   5  12   0 -23.63  -45.84  0.18E+01
2015   5  12   0 -23.58  -45.84  0.89E+00
2015   5  12   0 -23.53  -45.84  0.45E+00
2015   5  12   0 -23.28  -45.84  0.44E+00
2015   5  12   0 -23.23  -45.84  0.44E+00
2015   5  12   0 -24.23  -45.79  0.87E+00
2015   5  12   0 -24.13  -45.79  0.17E+01
2015   5  12   0 -24.08  -45.79  0.44E+00
2015   5  12   0 -23.93  -45.79  0.89E+00
2015   5  12   0 -23.83  -45.79  0.89E+00
2015   5  12   0 -23.78  -45.79  0.44E+00
2015   5  12   0 -23.73  -45.79  0.13E+01
2015   5  12   0 -23.68  -45.79  0.13E+01
2015   5  12   0 -23.63  -45.79  0.13E+01
2015   5  12   0 -23.58  -45.79  0.44E+00
2015   5  12   0 -23.53  -45.79  0.45E+00
2015   5  12   0 -23.48  -45.79  0.45E+00
2015   5  12   0 -23.38  -45.79  0.44E+00
2015   5  12   0 -23.28  -45.79  0.44E+00
2015   5  12   0 -24.18  -45.74  0.13E+01
2015   5  12   0 -24.13  -45.74  0.87E+00
2015   5  12   0 -23.88  -45.74  0.45E+00
2015   5  12   0 -23.83  -45.74  0.44E+00
2015   5  12   0 -23.68  -45.74  0.13E+01
2015   5  12   0 -23.63  -45.74  0.44E+00
2015   5  12   0 -23.58  -45.74  0.44E+00
2015   5  12   0 -23.53  -45.74  0.89E+00
2015   5  12   0 -23.38  -45.74  0.44E+00
2015   5  12   0 -24.58  -45.69  0.43E+00
2015   5  12   0 -24.33  -45.69  0.86E+00
2015   5  12   0 -24.28  -45.69  0.87E+00
2015   5  12   0 -24.18  -45.69  0.13E+01
2015   5  12   0 -24.13  -45.69  0.13E+01
2015   5  12   0 -24.08  -45.69  0.44E+00
2015   5  12   0 -23.98  -45.69  0.45E+00
2015   5  12   0 -23.93  -45.69  0.89E+00
2015   5  12   0 -23.83  -45.69  0.44E+00
2015   5  12   0 -23.78  -45.69  0.13E+01
2015   5  12   0 -23.73  -45.69  0.45E+00
2015   5  12   0 -23.68  -45.69  0.44E+00
2015   5  12   0 -23.58  -45.69  0.13E+01
2015   5  12   0 -23.53  -45.69  0.44E+00
2015   5  12   0 -23.48  -45.69  0.44E+00
2015   5  12   0 -23.43  -45.69  0.44E+00
2015   5  12   0 -24.53  -45.64  0.43E+00
2015   5  12   0 -24.43  -45.64  0.87E+00
2015   5  12   0 -24.38  -45.64  0.43E+00
2015   5  12   0 -24.28  -45.64  0.43E+00
2015   5  12   0 -24.13  -45.64  0.87E+00
2015   5  12   0 -24.03  -45.64  0.44E+00
2015   5  12   0 -23.98  -45.64  0.44E+00
2015   5  12   0 -23.78  -45.64  0.13E+01
2015   5  12   0 -23.68  -45.64  0.45E+00
2015   5  12   0 -23.63  -45.64  0.89E+00
2015   5  12   0 -23.58  -45.64  0.44E+00
2015   5  12   0 -23.53  -45.64  0.44E+00
2015   5  12   0 -23.48  -45.64  0.44E+00
2015   5  12   0 -23.38  -45.64  0.44E+00
2015   5  12   0 -23.33  -45.64  0.44E+00
2015   5  12   0 -24.88  -45.59  0.38E+00
2015   5  12   0 -24.78  -45.59  0.42E+00
2015   5  12   0 -24.73  -45.59  0.80E+00
2015   5  12   0 -24.68  -45.59  0.43E+00
2015   5  12   0 -24.48  -45.59  0.43E+00
2015   5  12   0 -24.43  -45.59  0.43E+00
2015   5  12   0 -24.38  -45.59  0.43E+00
2015   5  12   0 -24.33  -45.59  0.43E+00
2015   5  12   0 -24.28  -45.59  0.43E+00
2015   5  12   0 -24.18  -45.59  0.88E+00
2015   5  12   0 -24.03  -45.59  0.44E+00
2015   5  12   0 -23.98  -45.59  0.43E+00
2015   5  12   0 -23.88  -45.59  0.44E+00
2015   5  12   0 -23.83  -45.59  0.13E+01
2015   5  12   0 -23.73  -45.59  0.44E+00
2015   5  12   0 -23.68  -45.59  0.44E+00
2015   5  12   0 -23.63  -45.59  0.44E+00
2015   5  12   0 -23.58  -45.59  0.89E+00
2015   5  12   0 -23.53  -45.59  0.44E+00
2015   5  12   0 -23.38  -45.59  0.44E+00
2015   5  12   0 -24.88  -45.54  0.38E+00
2015   5  12   0 -24.73  -45.54  0.43E+00
2015   5  12   0 -24.63  -45.54  0.43E+00
2015   5  12   0 -24.48  -45.54  0.86E+00
2015   5  12   0 -24.33  -45.54  0.44E+00
2015   5  12   0 -24.28  -45.54  0.43E+00
2015   5  12   0 -24.18  -45.54  0.44E+00
2015   5  12   0 -24.08  -45.54  0.13E+01
2015   5  12   0 -24.03  -45.54  0.87E+00
2015   5  12   0 -23.88  -45.54  0.43E+00
2015   5  12   0 -23.73  -45.54  0.89E+00
2015   5  12   0 -23.68  -45.54  0.44E+00
2015   5  12   0 -23.63  -45.54  0.44E+00
2015   5  12   0 -23.58  -45.54  0.13E+01
2015   5  12   0 -23.48  -45.54  0.13E+01
2015   5  12   0 -23.43  -45.54  0.44E+00
2015   5  12   0 -23.38  -45.54  0.44E+00
2015   5  12   0 -24.88  -45.49  0.43E+00
2015   5  12   0 -24.83  -45.49  0.44E+00
2015   5  12   0 -24.78  -45.49  0.13E+01
2015   5  12   0 -24.73  -45.49  0.42E+00
2015   5  12   0 -24.63  -45.49  0.42E+00
2015   5  12   0 -24.53  -45.49  0.86E+00
2015   5  12   0 -24.38  -45.49  0.43E+00
2015   5  12   0 -24.33  -45.49  0.87E+00
2015   5  12   0 -24.18  -45.49  0.42E+00
2015   5  12   0 -24.13  -45.49  0.43E+00
2015   5  12   0 -24.03  -45.49  0.43E+00
2015   5  12   0 -23.98  -45.49  0.43E+00
2015   5  12   0 -23.88  -45.49  0.44E+00
2015   5  12   0 -23.78  -45.49  0.44E+00
2015   5  12   0 -23.73  -45.49  0.89E+00
2015   5  12   0 -23.68  -45.49  0.44E+00
2015   5  12   0 -23.58  -45.49  0.89E+00
2015   5  12   0 -23.53  -45.49  0.44E+00
2015   5  12   0 -23.48  -45.49  0.43E+00
2015   5  12   0 -23.28  -45.49  0.44E+00
2015   5  12   0 -24.98  -45.44  0.81E+00
2015   5  12   0 -24.93  -45.44  0.12E+01
2015   5  12   0 -24.88  -45.44  0.86E+00
2015   5  12   0 -24.83  -45.44  0.43E+00
2015   5  12   0 -24.78  -45.44  0.87E+00
2015   5  12   0 -24.68  -45.44  0.83E+00
2015   5  12   0 -24.58  -45.44  0.43E+00
2015   5  12   0 -24.48  -45.44  0.43E+00
2015   5  12   0 -24.28  -45.44  0.44E+00
2015   5  12   0 -24.13  -45.44  0.43E+00
2015   5  12   0 -24.08  -45.44  0.87E+00
2015   5  12   0 -23.68  -45.44  0.44E+00
2015   5  12   0 -23.63  -45.44  0.88E+00
2015   5  12   0 -23.58  -45.44  0.44E+00
2015   5  12   0 -23.53  -45.44  0.88E+00
2015   5  12   0 -23.38  -45.44  0.44E+00
2015   5  12   0 -24.93  -45.39  0.44E+00
2015   5  12   0 -24.88  -45.39  0.79E+00
2015   5  12   0 -24.83  -45.39  0.44E+00
2015   5  12   0 -24.78  -45.39  0.17E+01
2015   5  12   0 -24.73  -45.39  0.17E+01
2015   5  12   0 -24.68  -45.39  0.42E+00
2015   5  12   0 -24.63  -45.39  0.85E+00
2015   5  12   0 -24.58  -45.39  0.42E+00
2015   5  12   0 -24.53  -45.39  0.86E+00
2015   5  12   0 -24.48  -45.39  0.86E+00
2015   5  12   0 -24.38  -45.39  0.43E+00
2015   5  12   0 -24.23  -45.39  0.43E+00
2015   5  12   0 -24.08  -45.39  0.87E+00
2015   5  12   0 -23.93  -45.39  0.86E+00
2015   5  12   0 -23.88  -45.39  0.43E+00
2015   5  12   0 -23.63  -45.39  0.44E+00
2015   5  12   0 -23.53  -45.39  0.88E+00
2015   5  12   0 -23.48  -45.39  0.44E+00
2015   5  12   0 -23.28  -45.39  0.44E+00
2015   5  12   0 -24.98  -45.34  0.17E+01
2015   5  12   0 -24.93  -45.34  0.44E+00
2015   5  12   0 -24.78  -45.34  0.17E+01
2015   5  12   0 -24.73  -45.34  0.85E+00
2015   5  12   0 -24.68  -45.34  0.42E+00
2015   5  12   0 -24.53  -45.34  0.42E+00
2015   5  12   0 -24.48  -45.34  0.86E+00
2015   5  12   0 -24.43  -45.34  0.43E+00
2015   5  12   0 -24.38  -45.34  0.42E+00
2015   5  12   0 -24.13  -45.34  0.43E+00
2015   5  12   0 -23.93  -45.34  0.44E+00
2015   5  12   0 -23.83  -45.34  0.44E+00
2015   5  12   0 -23.78  -45.34  0.44E+00
2015   5  12   0 -23.58  -45.34  0.44E+00
2015   5  12   0 -23.53  -45.34  0.88E+00
2015   5  12   0 -23.43  -45.34  0.44E+00
2015   5  12   0 -24.98  -45.29  0.12E+01
2015   5  12   0 -24.93  -45.29  0.37E+00
2015   5  12   0 -24.88  -45.29  0.16E+01
2015   5  12   0 -24.83  -45.29  0.12E+01
2015   5  12   0 -24.78  -45.29  0.42E+00
2015   5  12   0 -24.73  -45.29  0.85E+00
2015   5  12   0 -24.68  -45.29  0.21E+01
2015   5  12   0 -24.53  -45.29  0.85E+00
2015   5  12   0 -24.33  -45.29  0.43E+00
2015   5  12   0 -24.28  -45.29  0.43E+00
2015   5  12   0 -24.13  -45.29  0.86E+00
2015   5  12   0 -24.03  -45.29  0.43E+00
2015   5  12   0 -23.93  -45.29  0.43E+00
2015   5  12   0 -23.88  -45.29  0.44E+00
2015   5  12   0 -23.78  -45.29  0.43E+00
2015   5  12   0 -23.73  -45.29  0.88E+00
2015   5  12   0 -23.63  -45.29  0.88E+00
2015   5  12   0 -23.58  -45.29  0.44E+00
2015   5  12   0 -23.48  -45.29  0.18E+01
2015   5  12   0 -23.43  -45.29  0.44E+00
2015   5  12   0 -23.38  -45.29  0.44E+00
2015   5  12   0 -23.33  -45.29  0.44E+00
2015   5  12   0 -25.03  -45.24  0.42E+00
2015   5  12   0 -24.98  -45.24  0.37E+00
2015   5  12   0 -24.93  -45.24  0.12E+01
2015   5  12   0 -24.88  -45.24  0.85E+00
2015   5  12   0 -24.83  -45.24  0.12E+01
2015   5  12   0 -24.78  -45.24  0.42E+00
2015   5  12   0 -24.73  -45.24  0.17E+01
2015   5  12   0 -24.68  -45.24  0.13E+01
2015   5  12   0 -24.58  -45.24  0.85E+00
2015   5  12   0 -24.48  -45.24  0.43E+00
2015   5  12   0 -24.43  -45.24  0.43E+00
2015   5  12   0 -24.13  -45.24  0.86E+00
2015   5  12   0 -23.98  -45.24  0.43E+00
2015   5  12   0 -23.88  -45.24  0.44E+00
2015   5  12   0 -23.63  -45.24  0.44E+00
2015   5  12   0 -23.58  -45.24  0.44E+00
2015   5  12   0 -23.53  -45.24  0.44E+00
2015   5  12   0 -23.38  -45.24  0.44E+00
2015   5  12   0 -25.03  -45.19  0.13E+01
2015   5  12   0 -24.98  -45.19  0.17E+01
2015   5  12   0 -24.88  -45.19  0.37E+00
2015   5  12   0 -24.78  -45.19  0.21E+01
2015   5  12   0 -24.73  -45.19  0.12E+01
2015   5  12   0 -24.68  -45.19  0.42E+00
2015   5  12   0 -24.58  -45.19  0.86E+00
2015   5  12   0 -24.53  -45.19  0.17E+01
2015   5  12   0 -24.48  -45.19  0.43E+00
2015   5  12   0 -24.43  -45.19  0.42E+00
2015   5  12   0 -24.23  -45.19  0.43E+00
2015   5  12   0 -24.18  -45.19  0.86E+00
2015   5  12   0 -23.78  -45.19  0.43E+00
2015   5  12   0 -23.58  -45.19  0.44E+00
2015   5  12   0 -23.43  -45.19  0.87E+00
2015   5  12   0 -25.08  -45.14  0.79E+00
2015   5  12   0 -24.98  -45.14  0.80E+00
2015   5  12   0 -24.88  -45.14  0.86E+00
2015   5  12   0 -24.83  -45.14  0.86E+00
2015   5  12   0 -24.78  -45.14  0.13E+01
2015   5  12   0 -24.68  -45.14  0.85E+00
2015   5  12   0 -24.63  -45.14  0.43E+00
2015   5  12   0 -24.58  -45.14  0.43E+00
2015   5  12   0 -24.53  -45.14  0.85E+00
2015   5  12   0 -24.48  -45.14  0.43E+00
2015   5  12   0 -23.73  -45.14  0.88E+00
2015   5  12   0 -23.63  -45.14  0.44E+00
2015   5  12   0 -23.58  -45.14  0.44E+00
2015   5  12   0 -23.53  -45.14  0.44E+00
2015   5  12   0 -23.43  -45.14  0.44E+00
2015   5  12   0 -23.38  -45.14  0.44E+00
2015   5  12   0 -23.33  -45.14  0.44E+00
2015   5  12   0 -25.03  -45.09  0.86E+00
2015   5  12   0 -24.98  -45.09  0.43E+00
2015   5  12   0 -24.93  -45.09  0.13E+01
2015   5  12   0 -24.88  -45.09  0.85E+00
2015   5  12   0 -24.83  -45.09  0.86E+00
2015   5  12   0 -24.78  -45.09  0.21E+01
2015   5  12   0 -24.73  -45.09  0.42E+00
2015   5  12   0 -24.68  -45.09  0.86E+00
2015   5  12   0 -24.58  -45.09  0.43E+00
2015   5  12   0 -24.53  -45.09  0.42E+00
2015   5  12   0 -24.48  -45.09  0.42E+00
2015   5  12   0 -24.43  -45.09  0.42E+00
2015   5  12   0 -24.28  -45.09  0.43E+00
2015   5  12   0 -24.23  -45.09  0.42E+00
2015   5  12   0 -24.18  -45.09  0.43E+00
2015   5  12   0 -23.88  -45.09  0.44E+00
2015   5  12   0 -23.73  -45.09  0.44E+00
2015   5  12   0 -23.63  -45.09  0.44E+00
2015   5  12   0 -23.58  -45.09  0.43E+00
2015   5  12   0 -23.28  -45.09  0.44E+00
2015   5  12   0 -25.03  -45.04  0.80E+00
2015   5  12   0 -24.93  -45.04  0.73E+00
2015   5  12   0 -24.88  -45.04  0.12E+01
2015   5  12   0 -24.83  -45.04  0.41E+00
2015   5  12   0 -24.78  -45.04  0.79E+00
2015   5  12   0 -24.73  -45.04  0.17E+01
2015   5  12   0 -24.63  -45.04  0.37E+00
2015   5  12   0 -24.58  -45.04  0.13E+01
2015   5  12   0 -24.48  -45.04  0.85E+00
2015   5  12   0 -24.43  -45.04  0.43E+00
2015   5  12   0 -24.13  -45.04  0.85E+00
2015   5  12   0 -24.08  -45.04  0.43E+00
2015   5  12   0 -23.88  -45.04  0.44E+00
2015   5  12   0 -23.63  -45.04  0.44E+00
2015   5  12   0 -23.58  -45.04  0.44E+00
2015   5  12   0 -23.53  -45.04  0.43E+00
2015   5  12   0 -23.48  -45.04  0.44E+00
2015   5  12   0 -23.28  -45.04  0.87E+00
2015   5  12   0 -25.08  -44.99  0.41E+00
2015   5  12   0 -25.03  -44.99  0.43E+00
2015   5  12   0 -24.93  -44.99  0.13E+01
2015   5  12   0 -24.88  -44.99  0.44E+00
2015   5  12   0 -24.83  -44.99  0.80E+00
2015   5  12   0 -24.78  -44.99  0.42E+00
2015   5  12   0 -24.73  -44.99  0.43E+00
2015   5  12   0 -24.68  -44.99  0.43E+00
2015   5  12   0 -24.58  -44.99  0.79E+00
2015   5  12   0 -24.53  -44.99  0.42E+00
2015   5  12   0 -24.38  -44.99  0.43E+00
2015   5  12   0 -24.33  -44.99  0.42E+00
2015   5  12   0 -24.28  -44.99  0.43E+00
2015   5  12   0 -24.13  -44.99  0.42E+00
2015   5  12   0 -24.03  -44.99  0.85E+00
2015   5  12   0 -23.88  -44.99  0.43E+00
2015   5  12   0 -23.83  -44.99  0.43E+00
2015   5  12   0 -23.78  -44.99  0.43E+00
2015   5  12   0 -23.68  -44.99  0.87E+00
2015   5  12   0 -23.53  -44.99  0.44E+00
2015   5  12   0 -24.93  -44.94  0.17E+01
2015   5  12   0 -24.88  -44.94  0.84E+00
2015   5  12   0 -24.83  -44.94  0.13E+01
2015   5  12   0 -24.73  -44.94  0.85E+00
2015   5  12   0 -24.63  -44.94  0.42E+00
2015   5  12   0 -24.58  -44.94  0.83E+00
2015   5  12   0 -24.38  -44.94  0.42E+00
2015   5  12   0 -24.18  -44.94  0.42E+00
2015   5  12   0 -23.98  -44.94  0.43E+00
2015   5  12   0 -23.83  -44.94  0.43E+00
2015   5  12   0 -23.78  -44.94  0.43E+00
2015   5  12   0 -23.73  -44.94  0.43E+00
2015   5  12   0 -23.58  -44.94  0.44E+00
2015   5  12   0 -23.48  -44.94  0.43E+00
2015   5  12   0 -23.33  -44.94  0.44E+00
2015   5  12   0 -25.08  -44.89  0.41E+00
2015   5  12   0 -25.03  -44.89  0.41E+00
2015   5  12   0 -24.98  -44.89  0.42E+00
2015   5  12   0 -24.93  -44.89  0.17E+01
2015   5  12   0 -24.88  -44.89  0.13E+01
2015   5  12   0 -24.83  -44.89  0.83E+00
2015   5  12   0 -24.73  -44.89  0.42E+00
2015   5  12   0 -24.58  -44.89  0.43E+00
2015   5  12   0 -24.53  -44.89  0.42E+00
2015   5  12   0 -24.23  -44.89  0.43E+00
2015   5  12   0 -24.18  -44.89  0.43E+00
2015   5  12   0 -23.78  -44.89  0.43E+00
2015   5  12   0 -23.68  -44.89  0.43E+00
2015   5  12   0 -23.63  -44.89  0.44E+00
2015   5  12   0 -23.48  -44.89  0.43E+00
2015   5  12   0 -23.43  -44.89  0.43E+00
2015   5  12   0 -25.03  -44.84  0.74E+00
2015   5  12   0 -24.88  -44.84  0.42E+00
2015   5  12   0 -24.78  -44.84  0.12E+01
2015   5  12   0 -24.68  -44.84  0.41E+00
2015   5  12   0 -24.53  -44.84  0.42E+00
2015   5  12   0 -24.48  -44.84  0.42E+00
2015   5  12   0 -24.38  -44.84  0.42E+00
2015   5  12   0 -24.28  -44.84  0.85E+00
2015   5  12   0 -24.03  -44.84  0.43E+00
2015   5  12   0 -23.98  -44.84  0.43E+00
2015   5  12   0 -23.38  -44.84  0.43E+00
2015   5  12   0 -23.33  -44.84  0.43E+00
2015   5  12   0 -24.98  -44.79  0.80E+00
2015   5  12   0 -24.93  -44.79  0.44E+00
2015   5  12   0 -24.88  -44.79  0.21E+01
2015   5  12   0 -24.83  -44.79  0.83E+00
2015   5  12   0 -24.78  -44.79  0.79E+00
2015   5  12   0 -24.73  -44.79  0.83E+00
2015   5  12   0 -24.68  -44.79  0.41E+00
2015   5  12   0 -24.48  -44.79  0.42E+00
2015   5  12   0 -24.43  -44.79  0.42E+00
2015   5  12   0 -24.23  -44.79  0.42E+00
2015   5  12   0 -24.13  -44.79  0.85E+00
2015   5  12   0 -23.93  -44.79  0.42E+00
2015   5  12   0 -23.83  -44.79  0.43E+00
2015   5  12   0 -23.78  -44.79  0.43E+00
2015   5  12   0 -23.73  -44.79  0.43E+00
2015   5  12   0 -23.63  -44.79  0.44E+00
2015   5  12   0 -23.53  -44.79  0.43E+00
2015   5  12   0 -23.48  -44.79  0.86E+00
2015   5  12   0 -23.28  -44.79  0.43E+00
2015   5  12   0 -25.13  -44.74  0.41E+00
2015   5  12   0 -24.98  -44.74  0.86E+00
2015   5  12   0 -24.83  -44.74  0.41E+00
2015   5  12   0 -24.78  -44.74  0.83E+00
2015   5  12   0 -24.68  -44.74  0.82E+00
2015   5  12   0 -24.63  -44.74  0.42E+00
2015   5  12   0 -24.48  -44.74  0.43E+00
2015   5  12   0 -24.43  -44.74  0.13E+01
2015   5  12   0 -24.23  -44.74  0.42E+00
2015   5  12   0 -23.83  -44.74  0.43E+00
2015   5  12   0 -23.58  -44.74  0.87E+00
2015   5  12   0 -23.53  -44.74  0.43E+00
2015   5  12   0 -23.33  -44.74  0.86E+00
2015   5  12   0 -23.13  -44.74  0.43E+00
2015   5  12   0 -25.08  -44.69  0.41E+00
2015   5  12   0 -25.03  -44.69  0.81E+00
2015   5  12   0 -24.98  -44.69  0.42E+00
2015   5  12   0 -24.93  -44.69  0.83E+00
2015   5  12   0 -24.83  -44.69  0.17E+01
2015   5  12   0 -24.78  -44.69  0.42E+00
2015   5  12   0 -24.73  -44.69  0.40E+00
2015   5  12   0 -24.68  -44.69  0.83E+00
2015   5  12   0 -24.63  -44.69  0.12E+01
2015   5  12   0 -24.53  -44.69  0.41E+00
2015   5  12   0 -24.43  -44.69  0.42E+00
2015   5  12   0 -24.38  -44.69  0.42E+00
2015   5  12   0 -24.28  -44.69  0.13E+01
2015   5  12   0 -24.03  -44.69  0.42E+00
2015   5  12   0 -23.98  -44.69  0.42E+00
2015   5  12   0 -23.88  -44.69  0.42E+00
2015   5  12   0 -23.73  -44.69  0.42E+00
2015   5  12   0 -23.63  -44.69  0.43E+00
2015   5  12   0 -23.53  -44.69  0.43E+00
2015   5  12   0 -23.38  -44.69  0.43E+00
2015   5  12   0 -23.18  -44.69  0.13E+01
2015   5  12   0 -23.13  -44.69  0.43E+00
2015   5  12   0 -25.03  -44.64  0.41E+00
2015   5  12   0 -24.98  -44.64  0.84E+00
2015   5  12   0 -24.93  -44.64  0.84E+00
2015   5  12   0 -24.88  -44.64  0.85E+00
2015   5  12   0 -24.83  -44.64  0.13E+01
2015   5  12   0 -24.78  -44.64  0.41E+00
2015   5  12   0 -24.73  -44.64  0.83E+00
2015   5  12   0 -24.68  -44.64  0.82E+00
2015   5  12   0 -24.63  -44.64  0.42E+00
2015   5  12   0 -24.53  -44.64  0.84E+00
2015   5  12   0 -24.48  -44.64  0.83E+00
2015   5  12   0 -24.38  -44.64  0.42E+00
2015   5  12   0 -24.33  -44.64  0.42E+00
2015   5  12   0 -24.28  -44.64  0.43E+00
2015   5  12   0 -24.13  -44.64  0.42E+00
2015   5  12   0 -23.98  -44.64  0.42E+00
2015   5  12   0 -23.93  -44.64  0.42E+00
2015   5  12   0 -23.88  -44.64  0.43E+00
2015   5  12   0 -23.83  -44.64  0.42E+00
2015   5  12   0 -23.73  -44.64  0.85E+00
2015   5  12   0 -23.68  -44.64  0.42E+00
2015   5  12   0 -23.58  -44.64  0.43E+00
2015   5  12   0 -23.53  -44.64  0.44E+00
2015   5  12   0 -24.98  -44.59  0.41E+00
2015   5  12   0 -24.93  -44.59  0.82E+00
2015   5  12   0 -24.88  -44.59  0.84E+00
2015   5  12   0 -24.83  -44.59  0.41E+00
2015   5  12   0 -24.78  -44.59  0.17E+01
2015   5  12   0 -24.68  -44.59  0.83E+00
2015   5  12   0 -24.58  -44.59  0.41E+00
2015   5  12   0 -24.53  -44.59  0.13E+01
2015   5  12   0 -24.48  -44.59  0.42E+00
2015   5  12   0 -24.43  -44.59  0.83E+00
2015   5  12   0 -24.23  -44.59  0.85E+00
2015   5  12   0 -24.18  -44.59  0.42E+00
2015   5  12   0 -24.13  -44.59  0.42E+00
2015   5  12   0 -24.08  -44.59  0.43E+00
2015   5  12   0 -24.03  -44.59  0.42E+00
2015   5  12   0 -23.93  -44.59  0.41E+00
2015   5  12   0 -23.83  -44.59  0.43E+00
2015   5  12   0 -23.78  -44.59  0.13E+01
2015   5  12   0 -23.73  -44.59  0.42E+00
2015   5  12   0 -23.53  -44.59  0.13E+01
2015   5  12   0 -23.48  -44.59  0.43E+00
2015   5  12   0 -24.93  -44.54  0.82E+00
2015   5  12   0 -24.83  -44.54  0.36E+00
2015   5  12   0 -24.78  -44.54  0.12E+01
2015   5  12   0 -24.73  -44.54  0.41E+00
2015   5  12   0 -24.68  -44.54  0.43E+00
2015   5  12   0 -24.58  -44.54  0.82E+00
2015   5  12   0 -24.53  -44.54  0.42E+00
2015   5  12   0 -24.43  -44.54  0.42E+00
2015   5  12   0 -23.98  -44.54  0.42E+00
2015   5  12   0 -23.88  -44.54  0.13E+01
2015   5  12   0 -23.78  -44.54  0.43E+00
2015   5  12   0 -23.58  -44.54  0.42E+00
2015   5  12   0 -23.38  -44.54  0.86E+00
2015   5  12   0 -23.33  -44.54  0.43E+00
2015   5  12   0 -23.23  -44.54  0.43E+00
2015   5  12   0 -24.93  -44.49  0.77E+00
2015   5  12   0 -24.88  -44.49  0.42E+00
2015   5  12   0 -24.78  -44.49  0.79E+00
2015   5  12   0 -24.73  -44.49  0.41E+00
2015   5  12   0 -24.68  -44.49  0.29E+01
2015   5  12   0 -24.63  -44.49  0.83E+00
2015   5  12   0 -24.48  -44.49  0.42E+00
2015   5  12   0 -24.43  -44.49  0.41E+00
2015   5  12   0 -24.33  -44.49  0.42E+00
2015   5  12   0 -24.23  -44.49  0.42E+00
2015   5  12   0 -23.78  -44.49  0.43E+00
2015   5  12   0 -23.73  -44.49  0.43E+00
2015   5  12   0 -23.68  -44.49  0.43E+00
2015   5  12   0 -23.33  -44.49  0.43E+00
2015   5  12   0 -23.18  -44.49  0.43E+00
2015   5  12   0 -25.03  -44.44  0.77E+00
2015   5  12   0 -24.93  -44.44  0.41E+00
2015   5  12   0 -24.88  -44.44  0.78E+00
2015   5  12   0 -24.78  -44.44  0.12E+01
2015   5  12   0 -24.73  -44.44  0.36E+00
2015   5  12   0 -24.68  -44.44  0.80E+00
2015   5  12   0 -24.58  -44.44  0.41E+00
2015   5  12   0 -24.43  -44.44  0.42E+00
2015   5  12   0 -24.13  -44.44  0.42E+00
2015   5  12   0 -24.03  -44.44  0.42E+00
2015   5  12   0 -23.93  -44.44  0.85E+00
2015   5  12   0 -23.83  -44.44  0.42E+00
2015   5  12   0 -23.63  -44.44  0.43E+00
2015   5  12   0 -23.13  -44.44  0.42E+00
2015   5  12   0 -24.88  -44.39  0.36E+00
2015   5  12   0 -24.78  -44.39  0.85E+00
2015   5  12   0 -24.68  -44.39  0.81E+00
2015   5  12   0 -24.63  -44.39  0.36E+00
2015   5  12   0 -24.58  -44.39  0.16E+01
2015   5  12   0 -24.53  -44.39  0.41E+00
2015   5  12   0 -24.48  -44.39  0.42E+00
2015   5  12   0 -24.43  -44.39  0.42E+00
2015   5  12   0 -24.38  -44.39  0.41E+00
2015   5  12   0 -24.33  -44.39  0.12E+01
2015   5  12   0 -24.23  -44.39  0.41E+00
2015   5  12   0 -24.18  -44.39  0.83E+00
2015   5  12   0 -23.98  -44.39  0.43E+00
2015   5  12   0 -23.88  -44.39  0.42E+00
2015   5  12   0 -23.83  -44.39  0.84E+00
2015   5  12   0 -23.73  -44.39  0.43E+00
2015   5  12   0 -23.48  -44.39  0.43E+00
2015   5  12   0 -24.98  -44.34  0.42E+00
2015   5  12   0 -24.93  -44.34  0.43E+00
2015   5  12   0 -24.83  -44.34  0.78E+00
2015   5  12   0 -24.68  -44.34  0.76E+00
2015   5  12   0 -24.63  -44.34  0.84E+00
2015   5  12   0 -24.58  -44.34  0.81E+00
2015   5  12   0 -24.43  -44.34  0.39E+00
2015   5  12   0 -24.33  -44.34  0.41E+00
2015   5  12   0 -24.18  -44.34  0.83E+00
2015   5  12   0 -24.13  -44.34  0.42E+00
2015   5  12   0 -24.03  -44.34  0.43E+00
2015   5  12   0 -23.88  -44.34  0.42E+00
2015   5  12   0 -23.53  -44.34  0.43E+00
2015   5  12   0 -23.33  -44.34  0.43E+00
2015   5  12   0 -24.78  -44.29  0.40E+00
2015   5  12   0 -24.73  -44.29  0.78E+00
2015   5  12   0 -24.63  -44.29  0.41E+00
2015   5  12   0 -24.58  -44.29  0.41E+00
2015   5  12   0 -24.53  -44.29  0.41E+00
2015   5  12   0 -24.43  -44.29  0.80E+00
2015   5  12   0 -24.38  -44.29  0.41E+00
2015   5  12   0 -24.33  -44.29  0.41E+00
2015   5  12   0 -24.13  -44.29  0.41E+00
2015   5  12   0 -24.08  -44.29  0.42E+00
2015   5  12   0 -23.88  -44.29  0.42E+00
2015   5  12   0 -23.68  -44.29  0.42E+00
2015   5  12   0 -23.23  -44.29  0.43E+00
2015   5  12   0 -24.83  -44.24  0.78E+00
2015   5  12   0 -24.78  -44.24  0.12E+01
2015   5  12   0 -24.73  -44.24  0.12E+01
2015   5  12   0 -24.68  -44.24  0.15E+01
2015   5  12   0 -24.63  -44.24  0.12E+01
2015   5  12   0 -24.58  -44.24  0.41E+00
2015   5  12   0 -24.53  -44.24  0.40E+00
2015   5  12   0 -24.48  -44.24  0.40E+00
2015   5  12   0 -24.43  -44.24  0.41E+00
2015   5  12   0 -24.13  -44.24  0.42E+00
2015   5  12   0 -24.03  -44.24  0.42E+00
2015   5  12   0 -23.88  -44.24  0.41E+00
2015   5  12   0 -23.83  -44.24  0.41E+00
2015   5  12   0 -23.78  -44.24  0.42E+00
2015   5  12   0 -23.68  -44.24  0.43E+00
2015   5  12   0 -23.53  -44.24  0.42E+00
2015   5  12   0 -23.48  -44.24  0.43E+00
2015   5  12   0 -23.38  -44.24  0.43E+00
2015   5  12   0 -23.03  -44.24  0.43E+00
2015   5  12   0 -24.83  -44.19  0.83E+00
2015   5  12   0 -24.78  -44.19  0.40E+00
2015   5  12   0 -24.73  -44.19  0.42E+00
2015   5  12   0 -24.68  -44.19  0.36E+00
2015   5  12   0 -24.63  -44.19  0.12E+01
2015   5  12   0 -24.58  -44.19  0.70E+00
2015   5  12   0 -24.53  -44.19  0.12E+01
2015   5  12   0 -24.48  -44.19  0.40E+00
2015   5  12   0 -24.43  -44.19  0.41E+00
2015   5  12   0 -24.33  -44.19  0.81E+00
2015   5  12   0 -23.98  -44.19  0.42E+00
2015   5  12   0 -23.93  -44.19  0.83E+00
2015   5  12   0 -23.88  -44.19  0.42E+00
2015   5  12   0 -23.78  -44.19  0.42E+00
2015   5  12   0 -23.73  -44.19  0.43E+00
2015   5  12   0 -23.68  -44.19  0.84E+00
2015   5  12   0 -23.43  -44.19  0.42E+00
2015   5  12   0 -23.38  -44.19  0.43E+00
2015   5  12   0 -22.98  -44.19  0.85E+00
2015   5  12   0 -24.88  -44.14  0.82E+00
2015   5  12   0 -24.78  -44.14  0.71E+00
2015   5  12   0 -24.73  -44.14  0.35E+00
2015   5  12   0 -24.68  -44.14  0.41E+00
2015   5  12   0 -24.63  -44.14  0.40E+00
2015   5  12   0 -24.58  -44.14  0.20E+01
2015   5  12   0 -24.53  -44.14  0.41E+00
2015   5  12   0 -24.48  -44.14  0.24E+01
2015   5  12   0 -24.38  -44.14  0.35E+00
2015   5  12   0 -24.33  -44.14  0.40E+00
2015   5  12   0 -24.28  -44.14  0.82E+00
2015   5  12   0 -24.23  -44.14  0.41E+00
2015   5  12   0 -24.18  -44.14  0.40E+00
2015   5  12   0 -23.63  -44.14  0.42E+00
2015   5  12   0 -23.18  -44.14  0.42E+00
2015   5  12   0 -24.93  -44.09  0.39E+00
2015   5  12   0 -24.68  -44.09  0.41E+00
2015   5  12   0 -24.63  -44.09  0.75E+00
2015   5  12   0 -24.58  -44.09  0.81E+00
2015   5  12   0 -24.53  -44.09  0.80E+00
2015   5  12   0 -24.48  -44.09  0.39E+00
2015   5  12   0 -24.38  -44.09  0.81E+00
2015   5  12   0 -24.03  -44.09  0.83E+00
2015   5  12   0 -23.98  -44.09  0.42E+00
2015   5  12   0 -23.88  -44.09  0.42E+00
2015   5  12   0 -23.83  -44.09  0.41E+00
2015   5  12   0 -23.73  -44.09  0.41E+00
2015   5  12   0 -23.58  -44.09  0.43E+00
2015   5  12   0 -23.53  -44.09  0.43E+00
2015   5  12   0 -23.33  -44.09  0.42E+00
2015   5  12   0 -24.78  -44.04  0.78E+00
2015   5  12   0 -24.63  -44.04  0.40E+00
2015   5  12   0 -24.53  -44.04  0.11E+01
2015   5  12   0 -24.38  -44.04  0.41E+00
2015   5  12   0 -24.23  -44.04  0.41E+00
2015   5  12   0 -24.18  -44.04  0.81E+00
2015   5  12   0 -23.98  -44.04  0.41E+00
2015   5  12   0 -23.88  -44.04  0.41E+00
2015   5  12   0 -23.68  -44.04  0.42E+00
2015   5  12   0 -23.63  -44.04  0.84E+00
2015   5  12   0 -23.58  -44.04  0.43E+00
2015   5  12   0 -23.08  -44.04  0.42E+00
2015   5  12   0 -24.93  -43.99  0.39E+00
2015   5  12   0 -24.83  -43.99  0.41E+00
2015   5  12   0 -24.68  -43.99  0.40E+00
2015   5  12   0 -24.58  -43.99  0.83E+00
2015   5  12   0 -24.53  -43.99  0.78E+00
2015   5  12   0 -24.48  -43.99  0.16E+01
2015   5  12   0 -24.33  -43.99  0.40E+00
2015   5  12   0 -23.98  -43.99  0.41E+00
2015   5  12   0 -23.83  -43.99  0.43E+00
2015   5  12   0 -23.73  -43.99  0.82E+00
2015   5  12   0 -23.63  -43.99  0.84E+00
2015   5  12   0 -23.58  -43.99  0.43E+00
2015   5  12   0 -23.08  -43.99  0.42E+00
2015   5  12   0 -24.78  -43.94  0.41E+00
2015   5  12   0 -24.73  -43.94  0.12E+01
2015   5  12   0 -24.68  -43.94  0.12E+01
2015   5  12   0 -24.63  -43.94  0.40E+00
2015   5  12   0 -24.48  -43.94  0.40E+00
2015   5  12   0 -24.43  -43.94  0.39E+00
2015   5  12   0 -24.38  -43.94  0.41E+00
2015   5  12   0 -23.88  -43.94  0.41E+00
2015   5  12   0 -23.83  -43.94  0.85E+00
2015   5  12   0 -23.73  -43.94  0.41E+00
2015   5  12   0 -24.58  -43.89  0.80E+00
2015   5  12   0 -24.53  -43.89  0.80E+00
2015   5  12   0 -24.48  -43.89  0.12E+01
2015   5  12   0 -24.43  -43.89  0.41E+00
2015   5  12   0 -24.28  -43.89  0.40E+00
2015   5  12   0 -24.18  -43.89  0.41E+00
2015   5  12   0 -24.13  -43.89  0.42E+00
2015   5  12   0 -23.88  -43.89  0.41E+00
2015   5  12   0 -23.68  -43.89  0.17E+01
2015   5  12   0 -23.53  -43.89  0.41E+00
2015   5  12   0 -23.33  -43.89  0.42E+00
2015   5  12   0 -24.63  -43.84  0.41E+00
2015   5  12   0 -24.58  -43.84  0.12E+01
2015   5  12   0 -24.53  -43.84  0.79E+00
2015   5  12   0 -24.43  -43.84  0.39E+00
2015   5  12   0 -24.33  -43.84  0.40E+00
2015   5  12   0 -24.23  -43.84  0.41E+00
2015   5  12   0 -24.18  -43.84  0.40E+00
2015   5  12   0 -23.73  -43.84  0.41E+00
2015   5  12   0 -23.63  -43.84  0.42E+00
2015   5  12   0 -23.58  -43.84  0.41E+00
2015   5  12   0 -23.48  -43.84  0.42E+00
2015   5  12   0 -23.43  -43.84  0.42E+00
2015   5  12   0 -24.63  -43.79  0.39E+00
2015   5  12   0 -24.53  -43.79  0.39E+00
2015   5  12   0 -24.48  -43.79  0.40E+00
2015   5  12   0 -24.43  -43.79  0.41E+00
2015   5  12   0 -24.38  -43.79  0.81E+00
2015   5  12   0 -24.33  -43.79  0.40E+00
2015   5  12   0 -24.18  -43.79  0.79E+00
2015   5  12   0 -24.08  -43.79  0.41E+00
2015   5  12   0 -23.98  -43.79  0.80E+00
2015   5  12   0 -23.78  -43.79  0.41E+00
2015   5  12   0 -23.63  -43.79  0.42E+00
2015   5  12   0 -23.48  -43.79  0.42E+00
2015   5  12   0 -22.78  -43.79  0.43E+00
2015   5  12   0 -22.73  -43.79  0.43E+00
2015   5  12   0 -24.73  -43.74  0.41E+00
2015   5  12   0 -24.68  -43.74  0.39E+00
2015   5  12   0 -24.63  -43.74  0.79E+00
2015   5  12   0 -24.53  -43.74  0.79E+00
2015   5  12   0 -24.43  -43.74  0.39E+00
2015   5  12   0 -24.38  -43.74  0.41E+00
2015   5  12   0 -24.08  -43.74  0.81E+00
2015   5  12   0 -23.68  -43.74  0.40E+00
2015   5  12   0 -22.73  -43.74  0.43E+00
2015   5  12   0 -25.13  -43.69  0.41E+00
2015   5  12   0 -24.43  -43.69  0.41E+00
2015   5  12   0 -24.08  -43.69  0.41E+00
2015   5  12   0 -24.03  -43.69  0.40E+00
2015   5  12   0 -23.83  -43.69  0.42E+00
2015   5  12   0 -22.68  -43.69  0.42E+00
2015   5  12   0 -24.78  -43.64  0.12E+01
2015   5  12   0 -24.68  -43.64  0.40E+00
2015   5  12   0 -24.43  -43.64  0.40E+00
2015   5  12   0 -24.38  -43.64  0.40E+00
2015   5  12   0 -24.28  -43.64  0.40E+00
2015   5  12   0 -24.03  -43.64  0.40E+00
2015   5  12   0 -23.98  -43.64  0.40E+00
2015   5  12   0 -23.88  -43.64  0.40E+00
2015   5  12   0 -23.83  -43.64  0.42E+00
2015   5  12   0 -23.73  -43.64  0.81E+00
2015   5  12   0 -23.58  -43.64  0.42E+00
2015   5  12   0 -24.73  -43.59  0.39E+00
2015   5  12   0 -24.13  -43.59  0.40E+00
2015   5  12   0 -24.73  -43.54  0.40E+00
2015   5  12   0 -24.13  -43.54  0.40E+00
2015   5  12   0 -23.88  -43.54  0.40E+00
2015   5  12   0 -23.68  -43.54  0.41E+00
2015   5  12   0 -24.63  -43.49  0.41E+00
2015   5  12   0 -24.23  -43.49  0.41E+00
2015   5  12   0 -23.93  -43.49  0.41E+00
2015   5  12   0 -24.63  -43.44  0.41E+00
2015   5  12   0 -24.53  -43.44  0.40E+00
2015   5  12   0 -24.08  -43.44  0.39E+00
2015   5  12   0 -23.98  -43.44  0.41E+00
2015   5  12   0 -23.88  -43.44  0.41E+00
2015   5  12   0 -24.23  -43.39  0.41E+00
2015   5  12   0 -24.03  -43.29  0.41E+00
2015   5  12   0 -24.73  -43.24  0.40E+00
2015   5  12   0 -24.38  -43.19  0.39E+00
2015   5  12   0 -24.03  -43.19  0.40E+00
