YEAR  MO  DA  HR    LAT     LON Rn2200005
2015   9  16  12 -24.18  -47.94  0.38E+00
2015   9  16  12 -24.18  -47.89  0.46E+00
2015   9  16  12 -24.13  -47.89  0.45E+00
2015   9  16  12 -24.38  -47.84  0.20E+01
2015   9  16  12 -24.38  -47.79  0.83E+00
2015   9  16  12 -24.28  -47.79  0.91E+00
2015   9  16  12 -24.18  -47.79  0.21E+01
2015   9  16  12 -24.08  -47.79  0.38E+00
2015   9  16  12 -24.23  -47.74  0.91E+00
2015   9  16  12 -24.18  -47.74  0.52E+00
2015   9  16  12 -24.08  -47.74  0.98E+00
2015   9  16  12 -24.03  -47.74  0.10E+01
2015   9  16  12 -24.28  -47.69  0.32E+01
2015   9  16  12 -24.23  -47.69  0.24E+01
2015   9  16  12 -24.18  -47.69  0.52E+00
2015   9  16  12 -24.13  -47.69  0.17E+01
2015   9  16  12 -24.08  -47.69  0.90E+00
2015   9  16  12 -23.98  -47.69  0.15E+01
2015   9  16  12 -24.38  -47.64  0.15E+01
2015   9  16  12 -24.28  -47.64  0.45E+00
2015   9  16  12 -24.23  -47.64  0.38E+01
2015   9  16  12 -24.18  -47.64  0.10E+01
2015   9  16  12 -24.13  -47.64  0.24E+01
2015   9  16  12 -24.08  -47.64  0.52E+00
2015   9  16  12 -23.98  -47.64  0.38E+00
2015   9  16  12 -24.28  -47.59  0.16E+01
2015   9  16  12 -24.23  -47.59  0.17E+01
2015   9  16  12 -24.18  -47.59  0.25E+01
2015   9  16  12 -24.13  -47.59  0.52E+00
2015   9  16  12 -24.08  -47.59  0.23E+01
2015   9  16  12 -24.03  -47.59  0.18E+01
2015   9  16  12 -24.33  -47.54  0.52E+00
2015   9  16  12 -24.28  -47.54  0.44E+00
2015   9  16  12 -24.23  -47.54  0.16E+01
2015   9  16  12 -24.18  -47.54  0.31E+01
2015   9  16  12 -24.13  -47.54  0.44E+00
2015   9  16  12 -24.08  -47.54  0.26E+01
2015   9  16  12 -24.03  -47.54  0.97E+00
2015   9  16  12 -23.98  -47.54  0.11E+01
2015   9  16  12 -23.93  -47.54  0.46E+00
2015   9  16  12 -24.23  -47.49  0.26E+01
2015   9  16  12 -24.18  -47.49  0.26E+01
2015   9  16  12 -24.13  -47.49  0.53E+00
2015   9  16  12 -24.03  -47.49  0.55E+01
2015   9  16  12 -23.98  -47.49  0.14E+01
2015   9  16  12 -23.93  -47.49  0.14E+01
2015   9  16  12 -24.33  -47.44  0.31E+01
2015   9  16  12 -24.23  -47.44  0.42E+01
2015   9  16  12 -24.18  -47.44  0.32E+01
2015   9  16  12 -24.13  -47.44  0.16E+01
2015   9  16  12 -24.08  -47.44  0.42E+01
2015   9  16  12 -24.03  -47.44  0.55E+01
2015   9  16  12 -23.98  -47.44  0.14E+01
2015   9  16  12 -23.93  -47.44  0.18E+01
2015   9  16  12 -24.33  -47.39  0.40E+01
2015   9  16  12 -24.23  -47.39  0.11E+01
2015   9  16  12 -24.18  -47.39  0.44E+00
2015   9  16  12 -24.13  -47.39  0.21E+01
2015   9  16  12 -24.08  -47.39  0.64E+01
2015   9  16  12 -24.03  -47.39  0.45E+01
2015   9  16  12 -23.98  -47.39  0.18E+01
2015   9  16  12 -23.93  -47.39  0.46E+00
2015   9  16  12 -24.33  -47.34  0.16E+01
2015   9  16  12 -24.23  -47.34  0.32E+01
2015   9  16  12 -24.18  -47.34  0.16E+01
2015   9  16  12 -24.13  -47.34  0.57E+01
2015   9  16  12 -24.08  -47.34  0.90E+01
2015   9  16  12 -24.03  -47.34  0.97E+00
2015   9  16  12 -23.98  -47.34  0.29E+01
2015   9  16  12 -23.93  -47.34  0.14E+01
2015   9  16  12 -24.23  -47.29  0.14E+01
2015   9  16  12 -24.18  -47.29  0.15E+01
2015   9  16  12 -24.13  -47.29  0.30E+01
2015   9  16  12 -24.08  -47.29  0.11E+02
2015   9  16  12 -24.03  -47.29  0.54E+01
2015   9  16  12 -23.98  -47.29  0.42E+01
2015   9  16  12 -23.93  -47.29  0.46E+00
2015   9  16  12 -24.18  -47.24  0.20E+01
2015   9  16  12 -24.13  -47.24  0.92E+01
2015   9  16  12 -24.08  -47.24  0.63E+01
2015   9  16  12 -24.03  -47.24  0.81E+01
2015   9  16  12 -23.98  -47.24  0.21E+01
2015   9  16  12 -24.33  -47.19  0.98E+00
2015   9  16  12 -24.18  -47.19  0.19E+01
2015   9  16  12 -24.13  -47.19  0.86E+01
2015   9  16  12 -24.08  -47.19  0.15E+02
2015   9  16  12 -24.03  -47.19  0.14E+02
2015   9  16  12 -23.98  -47.19  0.57E+01
2015   9  16  12 -24.33  -47.14  0.14E+01
2015   9  16  12 -24.18  -47.14  0.27E+01
2015   9  16  12 -24.13  -47.14  0.41E+01
2015   9  16  12 -24.08  -47.14  0.16E+02
2015   9  16  12 -24.03  -47.14  0.15E+02
2015   9  16  12 -23.98  -47.14  0.45E+01
2015   9  16  12 -24.18  -47.09  0.15E+01
2015   9  16  12 -24.13  -47.09  0.13E+02
2015   9  16  12 -24.08  -47.09  0.15E+02
2015   9  16  12 -24.03  -47.09  0.13E+02
2015   9  16  12 -23.98  -47.09  0.60E+01
2015   9  16  12 -24.18  -47.04  0.54E+00
2015   9  16  12 -24.13  -47.04  0.13E+02
2015   9  16  12 -24.08  -47.04  0.18E+02
2015   9  16  12 -24.03  -47.04  0.19E+02
2015   9  16  12 -23.98  -47.04  0.90E+01
2015   9  16  12 -23.93  -47.04  0.47E+00
2015   9  16  12 -24.13  -46.99  0.73E+01
2015   9  16  12 -24.08  -46.99  0.19E+02
2015   9  16  12 -24.03  -46.99  0.25E+02
2015   9  16  12 -23.98  -46.99  0.11E+02
2015   9  16  12 -24.13  -46.94  0.42E+01
2015   9  16  12 -24.08  -46.94  0.15E+02
2015   9  16  12 -24.03  -46.94  0.28E+02
2015   9  16  12 -23.98  -46.94  0.17E+02
2015   9  16  12 -23.93  -46.94  0.11E+01
2015   9  16  12 -23.88  -46.94  0.11E+01
2015   9  16  12 -24.18  -46.89  0.95E+00
2015   9  16  12 -24.13  -46.89  0.35E+01
2015   9  16  12 -24.08  -46.89  0.75E+01
2015   9  16  12 -24.03  -46.89  0.35E+02
2015   9  16  12 -23.98  -46.89  0.26E+02
2015   9  16  12 -23.93  -46.89  0.16E+01
2015   9  16  12 -23.88  -46.89  0.55E+00
2015   9  16  12 -24.23  -46.84  0.19E+01
2015   9  16  12 -24.13  -46.84  0.20E+01
2015   9  16  12 -24.08  -46.84  0.11E+01
2015   9  16  12 -24.03  -46.84  0.19E+02
2015   9  16  12 -23.98  -46.84  0.42E+02
2015   9  16  12 -23.93  -46.84  0.33E+01
2015   9  16  12 -23.88  -46.84  0.55E+00
2015   9  16  12 -24.18  -46.79  0.96E+00
2015   9  16  12 -24.08  -46.79  0.55E+00
2015   9  16  12 -24.03  -46.79  0.17E+02
2015   9  16  12 -23.98  -46.79  0.58E+02
2015   9  16  12 -23.93  -46.79  0.82E+01
2015   9  16  12 -23.88  -46.79  0.33E+01
2015   9  16  12 -24.08  -46.74  0.21E+01
2015   9  16  12 -24.03  -46.74  0.50E+01
2015   9  16  12 -23.98  -46.74  0.65E+02
2015   9  16  12 -23.93  -46.74  0.24E+02
2015   9  16  12 -23.88  -46.74  0.17E+01
2015   9  16  12 -24.23  -46.69  0.11E+01
2015   9  16  12 -24.03  -46.69  0.22E+01
2015   9  16  12 -23.98  -46.69  0.41E+02
2015   9  16  12 -23.93  -46.69  0.61E+02
2015   9  16  12 -23.88  -46.69  0.32E+01
2015   9  16  12 -23.98  -46.64  0.91E+01
2015   9  16  12 -23.93  -46.64  0.98E+02
2015   9  16  12 -23.88  -46.64  0.69E+01
2015   9  16  12 -24.03  -46.59  0.11E+01
2015   9  16  12 -23.98  -46.59  0.28E+01
2015   9  16  12 -23.93  -46.59  0.11E+03
2015   9  16  12 -23.88  -46.59  0.40E+02
2015   9  16  12 -23.93  -46.54  0.32E+02
2015   9  16  12 -23.88  -46.54  0.16E+03
2015   9  16  12 -23.83  -46.54  0.22E+01
2015   9  16  12 -23.93  -46.49  0.21E+01
2015   9  16  12 -23.88  -46.49  0.24E+03
2015   9  16  12 -23.83  -46.49  0.14E+02
2015   9  16  12 -23.88  -46.44  0.11E+03
2015   9  16  12 -23.83  -46.44  0.24E+03
2015   9  16  12 -23.83  -46.39  0.20E+03
2015   9  17   0 -25.28  -48.34  0.33E+00
2015   9  17   0 -25.23  -48.34  0.33E+00
2015   9  17   0 -25.53  -48.24  0.17E+01
2015   9  17   0 -25.53  -48.19  0.19E+01
2015   9  17   0 -25.48  -48.19  0.24E+00
2015   9  17   0 -25.33  -48.19  0.13E+01
2015   9  17   0 -25.28  -48.19  0.33E+00
2015   9  17   0 -24.83  -48.19  0.33E+00
2015   9  17   0 -24.68  -48.19  0.37E+00
2015   9  17   0 -25.48  -48.14  0.22E+01
2015   9  17   0 -25.43  -48.14  0.13E+01
2015   9  17   0 -25.38  -48.14  0.49E+00
2015   9  17   0 -25.28  -48.14  0.13E+01
2015   9  17   0 -25.23  -48.14  0.33E+00
2015   9  17   0 -24.23  -48.14  0.38E+00
2015   9  17   0 -25.38  -48.09  0.49E+00
2015   9  17   0 -25.33  -48.09  0.33E+00
2015   9  17   0 -25.18  -48.09  0.99E+00
2015   9  17   0 -24.23  -48.09  0.38E+00
2015   9  17   0 -25.33  -48.04  0.17E+01
2015   9  17   0 -25.13  -48.04  0.13E+01
2015   9  17   0 -25.08  -48.04  0.67E+00
2015   9  17   0 -24.88  -48.04  0.29E+00
2015   9  17   0 -26.13  -47.99  0.24E+00
2015   9  17   0 -25.93  -47.99  0.85E+00
2015   9  17   0 -25.53  -47.99  0.25E+00
2015   9  17   0 -25.33  -47.99  0.13E+01
2015   9  17   0 -25.28  -47.99  0.10E+01
2015   9  17   0 -25.08  -47.99  0.33E+00
2015   9  17   0 -25.03  -47.99  0.33E+00
2015   9  17   0 -24.38  -47.99  0.38E+00
2015   9  17   0 -24.08  -47.99  0.37E+00
2015   9  17   0 -26.13  -47.94  0.16E+01
2015   9  17   0 -25.93  -47.94  0.11E+01
2015   9  17   0 -25.53  -47.94  0.27E+01
2015   9  17   0 -25.18  -47.94  0.34E+00
2015   9  17   0 -24.98  -47.94  0.12E+01
2015   9  17   0 -24.88  -47.94  0.33E+00
2015   9  17   0 -24.58  -47.94  0.85E+00
2015   9  17   0 -24.43  -47.94  0.43E+00
2015   9  17   0 -24.33  -47.94  0.37E+00
2015   9  17   0 -24.13  -47.94  0.75E+00
2015   9  17   0 -26.13  -47.89  0.20E+01
2015   9  17   0 -25.53  -47.89  0.12E+01
2015   9  17   0 -25.23  -47.89  0.20E+01
2015   9  17   0 -24.93  -47.89  0.59E+00
2015   9  17   0 -24.88  -47.89  0.34E+00
2015   9  17   0 -24.48  -47.89  0.11E+01
2015   9  17   0 -24.28  -47.89  0.12E+01
2015   9  17   0 -24.03  -47.89  0.37E+00
2015   9  17   0 -26.13  -47.84  0.13E+01
2015   9  17   0 -26.08  -47.84  0.13E+01
2015   9  17   0 -25.48  -47.84  0.20E+01
2015   9  17   0 -25.23  -47.84  0.33E+00
2015   9  17   0 -25.18  -47.84  0.23E+01
2015   9  17   0 -25.08  -47.84  0.34E+00
2015   9  17   0 -24.93  -47.84  0.67E+00
2015   9  17   0 -24.58  -47.84  0.37E+00
2015   9  17   0 -24.38  -47.84  0.12E+01
2015   9  17   0 -24.33  -47.84  0.80E+00
2015   9  17   0 -24.28  -47.84  0.38E+00
2015   9  17   0 -24.23  -47.84  0.38E+00
2015   9  17   0 -24.13  -47.84  0.43E+00
2015   9  17   0 -24.08  -47.84  0.75E+00
2015   9  17   0 -26.08  -47.79  0.26E+01
2015   9  17   0 -25.43  -47.79  0.34E+00
2015   9  17   0 -25.18  -47.79  0.34E+00
2015   9  17   0 -25.13  -47.79  0.20E+01
2015   9  17   0 -25.08  -47.79  0.10E+01
2015   9  17   0 -25.03  -47.79  0.10E+01
2015   9  17   0 -24.83  -47.79  0.69E+00
2015   9  17   0 -24.78  -47.79  0.34E+00
2015   9  17   0 -24.58  -47.79  0.37E+00
2015   9  17   0 -24.53  -47.79  0.43E+00
2015   9  17   0 -24.43  -47.79  0.43E+00
2015   9  17   0 -24.38  -47.79  0.21E+01
2015   9  17   0 -24.33  -47.79  0.86E+00
2015   9  17   0 -24.23  -47.79  0.80E+00
2015   9  17   0 -24.18  -47.79  0.86E+00
2015   9  17   0 -24.13  -47.79  0.87E+00
2015   9  17   0 -24.03  -47.79  0.43E+00
2015   9  17   0 -26.08  -47.74  0.33E+00
2015   9  17   0 -25.43  -47.74  0.34E+00
2015   9  17   0 -25.38  -47.74  0.34E+00
2015   9  17   0 -25.13  -47.74  0.14E+01
2015   9  17   0 -25.08  -47.74  0.14E+01
2015   9  17   0 -25.03  -47.74  0.68E+00
2015   9  17   0 -24.98  -47.74  0.68E+00
2015   9  17   0 -24.93  -47.74  0.34E+00
2015   9  17   0 -24.88  -47.74  0.34E+00
2015   9  17   0 -24.83  -47.74  0.71E+00
2015   9  17   0 -24.78  -47.74  0.38E+00
2015   9  17   0 -24.73  -47.74  0.35E+00
2015   9  17   0 -24.58  -47.74  0.37E+00
2015   9  17   0 -24.53  -47.74  0.75E+00
2015   9  17   0 -24.48  -47.74  0.43E+00
2015   9  17   0 -24.43  -47.74  0.21E+01
2015   9  17   0 -24.38  -47.74  0.43E+00
2015   9  17   0 -24.33  -47.74  0.26E+01
2015   9  17   0 -24.28  -47.74  0.16E+01
2015   9  17   0 -24.23  -47.74  0.75E+00
2015   9  17   0 -24.13  -47.74  0.43E+00
2015   9  17   0 -26.03  -47.69  0.27E+01
2015   9  17   0 -25.38  -47.69  0.27E+01
2015   9  17   0 -25.33  -47.69  0.34E+00
2015   9  17   0 -25.08  -47.69  0.10E+01
2015   9  17   0 -25.03  -47.69  0.14E+01
2015   9  17   0 -24.98  -47.69  0.10E+01
2015   9  17   0 -24.83  -47.69  0.71E+00
2015   9  17   0 -24.73  -47.69  0.69E+00
2015   9  17   0 -24.58  -47.69  0.38E+00
2015   9  17   0 -24.53  -47.69  0.43E+00
2015   9  17   0 -24.48  -47.69  0.34E+00
2015   9  17   0 -24.43  -47.69  0.12E+01
2015   9  17   0 -24.38  -47.69  0.38E+00
2015   9  17   0 -24.33  -47.69  0.17E+01
2015   9  17   0 -24.28  -47.69  0.25E+01
2015   9  17   0 -24.23  -47.69  0.44E+00
2015   9  17   0 -24.18  -47.69  0.87E+00
2015   9  17   0 -24.13  -47.69  0.44E+00
2015   9  17   0 -24.08  -47.69  0.44E+00
2015   9  17   0 -25.98  -47.64  0.67E+00
2015   9  17   0 -25.33  -47.64  0.34E+00
2015   9  17   0 -25.03  -47.64  0.14E+01
2015   9  17   0 -24.98  -47.64  0.68E+00
2015   9  17   0 -24.93  -47.64  0.34E+00
2015   9  17   0 -24.88  -47.64  0.11E+01
2015   9  17   0 -24.83  -47.64  0.43E+00
2015   9  17   0 -24.78  -47.64  0.37E+00
2015   9  17   0 -24.73  -47.64  0.67E+00
2015   9  17   0 -24.68  -47.64  0.33E+00
2015   9  17   0 -24.63  -47.64  0.35E+00
2015   9  17   0 -24.58  -47.64  0.38E+00
2015   9  17   0 -24.53  -47.64  0.35E+00
2015   9  17   0 -24.43  -47.64  0.44E+00
2015   9  17   0 -24.38  -47.64  0.87E+00
2015   9  17   0 -24.33  -47.64  0.43E+00
2015   9  17   0 -24.28  -47.64  0.87E+00
2015   9  17   0 -24.23  -47.64  0.13E+01
2015   9  17   0 -24.18  -47.64  0.87E+00
2015   9  17   0 -24.08  -47.64  0.87E+00
2015   9  17   0 -23.98  -47.64  0.43E+00
2015   9  17   0 -25.28  -47.59  0.17E+01
2015   9  17   0 -25.23  -47.59  0.68E+00
2015   9  17   0 -24.98  -47.59  0.10E+01
2015   9  17   0 -24.88  -47.59  0.10E+01
2015   9  17   0 -24.78  -47.59  0.81E+00
2015   9  17   0 -24.68  -47.59  0.35E+00
2015   9  17   0 -24.63  -47.59  0.43E+00
2015   9  17   0 -24.58  -47.59  0.69E+00
2015   9  17   0 -24.48  -47.59  0.44E+00
2015   9  17   0 -24.43  -47.59  0.13E+01
2015   9  17   0 -24.38  -47.59  0.12E+01
2015   9  17   0 -24.33  -47.59  0.31E+01
2015   9  17   0 -24.23  -47.59  0.13E+01
2015   9  17   0 -24.18  -47.59  0.13E+01
2015   9  17   0 -24.13  -47.59  0.44E+00
2015   9  17   0 -24.03  -47.59  0.43E+00
2015   9  17   0 -25.23  -47.54  0.10E+01
2015   9  17   0 -24.78  -47.54  0.43E+00
2015   9  17   0 -24.68  -47.54  0.69E+00
2015   9  17   0 -24.63  -47.54  0.35E+00
2015   9  17   0 -24.53  -47.54  0.44E+00
2015   9  17   0 -24.43  -47.54  0.44E+00
2015   9  17   0 -24.38  -47.54  0.21E+01
2015   9  17   0 -24.33  -47.54  0.25E+01
2015   9  17   0 -24.28  -47.54  0.22E+01
2015   9  17   0 -24.23  -47.54  0.87E+00
2015   9  17   0 -24.18  -47.54  0.87E+00
2015   9  17   0 -24.13  -47.54  0.26E+01
2015   9  17   0 -24.08  -47.54  0.88E+00
2015   9  17   0 -24.03  -47.54  0.44E+00
2015   9  17   0 -24.88  -47.49  0.37E+00
2015   9  17   0 -24.78  -47.49  0.10E+01
2015   9  17   0 -24.58  -47.49  0.69E+00
2015   9  17   0 -24.53  -47.49  0.35E+00
2015   9  17   0 -24.48  -47.49  0.35E+00
2015   9  17   0 -24.38  -47.49  0.87E+00
2015   9  17   0 -24.33  -47.49  0.20E+01
2015   9  17   0 -24.28  -47.49  0.22E+01
2015   9  17   0 -24.23  -47.49  0.13E+01
2015   9  17   0 -24.18  -47.49  0.13E+01
2015   9  17   0 -24.13  -47.49  0.18E+01
2015   9  17   0 -24.08  -47.49  0.31E+01
2015   9  17   0 -25.23  -47.44  0.68E+00
2015   9  17   0 -25.18  -47.44  0.34E+00
2015   9  17   0 -25.08  -47.44  0.10E+01
2015   9  17   0 -24.93  -47.44  0.38E+00
2015   9  17   0 -24.88  -47.44  0.69E+00
2015   9  17   0 -24.68  -47.44  0.44E+00
2015   9  17   0 -24.58  -47.44  0.10E+01
2015   9  17   0 -24.53  -47.44  0.44E+00
2015   9  17   0 -24.48  -47.44  0.43E+00
2015   9  17   0 -24.43  -47.44  0.44E+00
2015   9  17   0 -24.33  -47.44  0.88E+00
2015   9  17   0 -24.28  -47.44  0.44E+00
2015   9  17   0 -24.23  -47.44  0.13E+01
2015   9  17   0 -24.18  -47.44  0.18E+01
2015   9  17   0 -24.13  -47.44  0.18E+01
2015   9  17   0 -24.08  -47.44  0.18E+01
2015   9  17   0 -24.03  -47.44  0.44E+00
2015   9  17   0 -25.78  -47.39  0.98E+00
2015   9  17   0 -25.73  -47.39  0.33E+00
2015   9  17   0 -25.18  -47.39  0.10E+01
2015   9  17   0 -24.88  -47.39  0.34E+00
2015   9  17   0 -24.73  -47.39  0.77E+00
2015   9  17   0 -24.68  -47.39  0.35E+00
2015   9  17   0 -24.63  -47.39  0.44E+00
2015   9  17   0 -24.58  -47.39  0.66E+00
2015   9  17   0 -24.53  -47.39  0.34E+00
2015   9  17   0 -24.48  -47.39  0.44E+00
2015   9  17   0 -24.38  -47.39  0.16E+01
2015   9  17   0 -24.33  -47.39  0.44E+00
2015   9  17   0 -24.28  -47.39  0.13E+01
2015   9  17   0 -24.23  -47.39  0.31E+01
2015   9  17   0 -24.18  -47.39  0.18E+01
2015   9  17   0 -24.13  -47.39  0.18E+01
2015   9  17   0 -24.08  -47.39  0.88E+00
2015   9  17   0 -24.03  -47.39  0.88E+00
2015   9  17   0 -25.73  -47.34  0.20E+01
2015   9  17   0 -25.68  -47.34  0.33E+00
2015   9  17   0 -25.33  -47.34  0.34E+00
2015   9  17   0 -25.28  -47.34  0.67E+00
2015   9  17   0 -25.13  -47.34  0.34E+00
2015   9  17   0 -24.98  -47.34  0.35E+00
2015   9  17   0 -24.93  -47.34  0.35E+00
2015   9  17   0 -24.63  -47.34  0.88E+00
2015   9  17   0 -24.58  -47.34  0.67E+00
2015   9  17   0 -24.48  -47.34  0.34E+00
2015   9  17   0 -24.43  -47.34  0.34E+00
2015   9  17   0 -24.38  -47.34  0.44E+00
2015   9  17   0 -24.33  -47.34  0.44E+00
2015   9  17   0 -24.28  -47.34  0.89E+00
2015   9  17   0 -24.18  -47.34  0.18E+01
2015   9  17   0 -24.13  -47.34  0.40E+01
2015   9  17   0 -24.03  -47.34  0.89E+00
2015   9  17   0 -26.58  -47.29  0.58E+00
2015   9  17   0 -25.28  -47.29  0.91E+00
2015   9  17   0 -24.88  -47.29  0.43E+00
2015   9  17   0 -24.83  -47.29  0.33E+00
2015   9  17   0 -24.58  -47.29  0.34E+00
2015   9  17   0 -24.48  -47.29  0.12E+01
2015   9  17   0 -24.38  -47.29  0.78E+00
2015   9  17   0 -24.33  -47.29  0.44E+00
2015   9  17   0 -24.28  -47.29  0.17E+01
2015   9  17   0 -24.23  -47.29  0.17E+01
2015   9  17   0 -24.18  -47.29  0.22E+01
2015   9  17   0 -24.13  -47.29  0.27E+01
2015   9  17   0 -24.03  -47.29  0.45E+00
2015   9  17   0 -26.48  -47.24  0.24E+00
2015   9  17   0 -26.18  -47.24  0.29E+00
2015   9  17   0 -26.13  -47.24  0.63E+00
2015   9  17   0 -25.48  -47.24  0.14E+01
2015   9  17   0 -25.28  -47.24  0.14E+01
2015   9  17   0 -25.23  -47.24  0.17E+01
2015   9  17   0 -25.18  -47.24  0.34E+00
2015   9  17   0 -25.03  -47.24  0.34E+00
2015   9  17   0 -24.78  -47.24  0.79E+00
2015   9  17   0 -24.58  -47.24  0.34E+00
2015   9  17   0 -24.53  -47.24  0.34E+00
2015   9  17   0 -24.43  -47.24  0.76E+00
2015   9  17   0 -24.38  -47.24  0.34E+00
2015   9  17   0 -24.28  -47.24  0.13E+01
2015   9  17   0 -24.23  -47.24  0.13E+01
2015   9  17   0 -24.18  -47.24  0.17E+01
2015   9  17   0 -24.13  -47.24  0.22E+01
2015   9  17   0 -24.08  -47.24  0.43E+00
2015   9  17   0 -26.68  -47.19  0.13E+01
2015   9  17   0 -26.38  -47.19  0.18E+01
2015   9  17   0 -26.13  -47.19  0.33E+00
2015   9  17   0 -26.08  -47.19  0.13E+01
2015   9  17   0 -25.93  -47.19  0.89E+00
2015   9  17   0 -25.88  -47.19  0.32E+00
2015   9  17   0 -25.73  -47.19  0.25E+00
2015   9  17   0 -25.68  -47.19  0.12E+01
2015   9  17   0 -25.23  -47.19  0.18E+01
2015   9  17   0 -25.18  -47.19  0.10E+01
2015   9  17   0 -25.03  -47.19  0.69E+00
2015   9  17   0 -24.98  -47.19  0.34E+00
2015   9  17   0 -24.78  -47.19  0.44E+00
2015   9  17   0 -24.68  -47.19  0.33E+00
2015   9  17   0 -24.63  -47.19  0.34E+00
2015   9  17   0 -24.58  -47.19  0.67E+00
2015   9  17   0 -24.43  -47.19  0.44E+00
2015   9  17   0 -24.33  -47.19  0.43E+00
2015   9  17   0 -24.28  -47.19  0.43E+00
2015   9  17   0 -24.23  -47.19  0.31E+01
2015   9  17   0 -24.18  -47.19  0.85E+00
2015   9  17   0 -24.13  -47.19  0.39E+01
2015   9  17   0 -24.08  -47.19  0.22E+01
2015   9  17   0 -26.63  -47.14  0.13E+01
2015   9  17   0 -26.53  -47.14  0.33E+00
2015   9  17   0 -26.48  -47.14  0.67E+00
2015   9  17   0 -26.38  -47.14  0.59E+00
2015   9  17   0 -26.33  -47.14  0.12E+01
2015   9  17   0 -26.28  -47.14  0.34E+00
2015   9  17   0 -26.08  -47.14  0.33E+00
2015   9  17   0 -26.03  -47.14  0.67E+00
2015   9  17   0 -25.98  -47.14  0.10E+01
2015   9  17   0 -25.88  -47.14  0.65E+00
2015   9  17   0 -25.68  -47.14  0.15E+01
2015   9  17   0 -25.18  -47.14  0.64E+00
2015   9  17   0 -25.08  -47.14  0.68E+00
2015   9  17   0 -24.98  -47.14  0.34E+00
2015   9  17   0 -24.93  -47.14  0.33E+00
2015   9  17   0 -24.78  -47.14  0.69E+00
2015   9  17   0 -24.53  -47.14  0.34E+00
2015   9  17   0 -24.48  -47.14  0.34E+00
2015   9  17   0 -24.43  -47.14  0.10E+01
2015   9  17   0 -24.38  -47.14  0.34E+00
2015   9  17   0 -24.28  -47.14  0.34E+00
2015   9  17   0 -24.23  -47.14  0.86E+00
2015   9  17   0 -24.18  -47.14  0.13E+01
2015   9  17   0 -24.13  -47.14  0.39E+01
2015   9  17   0 -24.08  -47.14  0.30E+01
2015   9  17   0 -26.58  -47.09  0.10E+01
2015   9  17   0 -26.48  -47.09  0.67E+00
2015   9  17   0 -26.43  -47.09  0.33E+00
2015   9  17   0 -26.28  -47.09  0.88E+00
2015   9  17   0 -26.23  -47.09  0.34E+00
2015   9  17   0 -26.03  -47.09  0.67E+00
2015   9  17   0 -25.93  -47.09  0.34E+00
2015   9  17   0 -25.73  -47.09  0.34E+00
2015   9  17   0 -25.68  -47.09  0.34E+00
2015   9  17   0 -25.18  -47.09  0.32E+00
2015   9  17   0 -25.13  -47.09  0.66E+00
2015   9  17   0 -24.73  -47.09  0.33E+00
2015   9  17   0 -24.58  -47.09  0.34E+00
2015   9  17   0 -24.43  -47.09  0.43E+00
2015   9  17   0 -24.38  -47.09  0.34E+00
2015   9  17   0 -24.33  -47.09  0.86E+00
2015   9  17   0 -24.23  -47.09  0.77E+00
2015   9  17   0 -24.18  -47.09  0.86E+00
2015   9  17   0 -24.13  -47.09  0.17E+01
2015   9  17   0 -24.08  -47.09  0.39E+01
2015   9  17   0 -24.03  -47.09  0.13E+01
2015   9  17   0 -26.48  -47.04  0.67E+00
2015   9  17   0 -26.38  -47.04  0.34E+00
2015   9  17   0 -26.23  -47.04  0.29E+00
2015   9  17   0 -25.83  -47.04  0.98E+00
2015   9  17   0 -25.68  -47.04  0.34E+00
2015   9  17   0 -24.73  -47.04  0.34E+00
2015   9  17   0 -24.63  -47.04  0.44E+00
2015   9  17   0 -24.58  -47.04  0.34E+00
2015   9  17   0 -24.53  -47.04  0.34E+00
2015   9  17   0 -24.38  -47.04  0.34E+00
2015   9  17   0 -24.18  -47.04  0.86E+00
2015   9  17   0 -24.13  -47.04  0.39E+01
2015   9  17   0 -24.08  -47.04  0.43E+01
2015   9  17   0 -24.03  -47.04  0.17E+01
2015   9  17   0 -27.23  -46.99  0.49E+00
2015   9  17   0 -26.53  -46.99  0.33E+00
2015   9  17   0 -26.48  -46.99  0.33E+00
2015   9  17   0 -26.38  -46.99  0.67E+00
2015   9  17   0 -26.18  -46.99  0.30E+00
2015   9  17   0 -26.08  -46.99  0.25E+00
2015   9  17   0 -25.83  -46.99  0.33E+00
2015   9  17   0 -25.78  -46.99  0.13E+01
2015   9  17   0 -25.68  -46.99  0.22E+01
2015   9  17   0 -25.08  -46.99  0.23E+00
2015   9  17   0 -25.03  -46.99  0.23E+00
2015   9  17   0 -24.98  -46.99  0.33E+00
2015   9  17   0 -24.88  -46.99  0.35E+00
2015   9  17   0 -24.78  -46.99  0.34E+00
2015   9  17   0 -24.58  -46.99  0.42E+00
2015   9  17   0 -24.53  -46.99  0.34E+00
2015   9  17   0 -24.38  -46.99  0.69E+00
2015   9  17   0 -24.28  -46.99  0.12E+01
2015   9  17   0 -24.23  -46.99  0.86E+00
2015   9  17   0 -24.18  -46.99  0.86E+00
2015   9  17   0 -24.13  -46.99  0.26E+01
2015   9  17   0 -24.08  -46.99  0.47E+01
2015   9  17   0 -24.03  -46.99  0.26E+01
2015   9  17   0 -27.23  -46.94  0.15E+01
2015   9  17   0 -26.53  -46.94  0.33E+00
2015   9  17   0 -26.08  -46.94  0.12E+01
2015   9  17   0 -25.68  -46.94  0.18E+01
2015   9  17   0 -25.63  -46.94  0.25E+00
2015   9  17   0 -25.58  -46.94  0.34E+00
2015   9  17   0 -25.13  -46.94  0.33E+00
2015   9  17   0 -25.08  -46.94  0.33E+00
2015   9  17   0 -24.98  -46.94  0.33E+00
2015   9  17   0 -24.93  -46.94  0.35E+00
2015   9  17   0 -24.88  -46.94  0.35E+00
2015   9  17   0 -24.58  -46.94  0.68E+00
2015   9  17   0 -24.43  -46.94  0.34E+00
2015   9  17   0 -24.38  -46.94  0.34E+00
2015   9  17   0 -24.28  -46.94  0.43E+00
2015   9  17   0 -24.23  -46.94  0.86E+00
2015   9  17   0 -24.18  -46.94  0.86E+00
2015   9  17   0 -24.13  -46.94  0.17E+01
2015   9  17   0 -24.08  -46.94  0.30E+01
2015   9  17   0 -24.03  -46.94  0.30E+01
2015   9  17   0 -27.28  -46.89  0.49E+00
2015   9  17   0 -27.23  -46.89  0.49E+00
2015   9  17   0 -26.48  -46.89  0.33E+00
2015   9  17   0 -26.28  -46.89  0.34E+00
2015   9  17   0 -26.03  -46.89  0.87E+00
2015   9  17   0 -25.73  -46.89  0.33E+00
2015   9  17   0 -25.68  -46.89  0.66E+00
2015   9  17   0 -25.63  -46.89  0.18E+01
2015   9  17   0 -25.58  -46.89  0.69E+00
2015   9  17   0 -25.53  -46.89  0.67E+00
2015   9  17   0 -25.38  -46.89  0.77E+00
2015   9  17   0 -24.98  -46.89  0.35E+00
2015   9  17   0 -24.93  -46.89  0.35E+00
2015   9  17   0 -24.88  -46.89  0.35E+00
2015   9  17   0 -24.78  -46.89  0.23E+00
2015   9  17   0 -24.58  -46.89  0.68E+00
2015   9  17   0 -24.43  -46.89  0.35E+00
2015   9  17   0 -24.33  -46.89  0.34E+00
2015   9  17   0 -24.28  -46.89  0.35E+00
2015   9  17   0 -24.18  -46.89  0.77E+00
2015   9  17   0 -24.13  -46.89  0.43E+00
2015   9  17   0 -24.08  -46.89  0.26E+01
2015   9  17   0 -24.03  -46.89  0.56E+01
2015   9  17   0 -27.28  -46.84  0.33E+00
2015   9  17   0 -26.03  -46.84  0.30E+00
2015   9  17   0 -25.63  -46.84  0.10E+01
2015   9  17   0 -25.58  -46.84  0.11E+01
2015   9  17   0 -25.53  -46.84  0.34E+00
2015   9  17   0 -25.28  -46.84  0.67E+00
2015   9  17   0 -25.08  -46.84  0.33E+00
2015   9  17   0 -24.93  -46.84  0.34E+00
2015   9  17   0 -24.88  -46.84  0.67E+00
2015   9  17   0 -24.58  -46.84  0.35E+00
2015   9  17   0 -24.53  -46.84  0.34E+00
2015   9  17   0 -24.38  -46.84  0.35E+00
2015   9  17   0 -24.23  -46.84  0.44E+00
2015   9  17   0 -24.18  -46.84  0.87E+00
2015   9  17   0 -24.08  -46.84  0.35E+01
2015   9  17   0 -24.03  -46.84  0.12E+02
2015   9  17   0 -23.98  -46.84  0.13E+01
2015   9  17   0 -26.18  -46.79  0.58E+00
2015   9  17   0 -26.13  -46.79  0.68E+00
2015   9  17   0 -25.53  -46.79  0.25E+00
2015   9  17   0 -25.48  -46.79  0.34E+00
2015   9  17   0 -25.43  -46.79  0.34E+00
2015   9  17   0 -25.33  -46.79  0.25E+00
2015   9  17   0 -25.28  -46.79  0.92E+00
2015   9  17   0 -25.23  -46.79  0.51E+00
2015   9  17   0 -24.93  -46.79  0.34E+00
2015   9  17   0 -24.83  -46.79  0.13E+01
2015   9  17   0 -24.23  -46.79  0.88E+00
2015   9  17   0 -24.13  -46.79  0.88E+00
2015   9  17   0 -24.08  -46.79  0.44E+00
2015   9  17   0 -24.03  -46.79  0.48E+01
2015   9  17   0 -23.98  -46.79  0.39E+01
2015   9  17   0 -26.18  -46.74  0.11E+01
2015   9  17   0 -25.43  -46.74  0.10E+01
2015   9  17   0 -25.33  -46.74  0.51E+00
2015   9  17   0 -25.23  -46.74  0.13E+01
2015   9  17   0 -25.13  -46.74  0.64E+00
2015   9  17   0 -25.08  -46.74  0.32E+00
2015   9  17   0 -25.03  -46.74  0.67E+00
2015   9  17   0 -24.48  -46.74  0.70E+00
2015   9  17   0 -24.43  -46.74  0.35E+00
2015   9  17   0 -24.38  -46.74  0.35E+00
2015   9  17   0 -24.28  -46.74  0.10E+01
2015   9  17   0 -24.23  -46.74  0.44E+00
2015   9  17   0 -24.18  -46.74  0.13E+01
2015   9  17   0 -24.13  -46.74  0.45E+00
2015   9  17   0 -24.08  -46.74  0.13E+01
2015   9  17   0 -24.03  -46.74  0.31E+01
2015   9  17   0 -23.98  -46.74  0.96E+01
2015   9  17   0 -26.18  -46.69  0.32E+00
2015   9  17   0 -26.13  -46.69  0.65E+00
2015   9  17   0 -25.38  -46.69  0.34E+00
2015   9  17   0 -25.28  -46.69  0.26E+00
2015   9  17   0 -25.23  -46.69  0.49E+00
2015   9  17   0 -24.73  -46.69  0.32E+00
2015   9  17   0 -24.68  -46.69  0.68E+00
2015   9  17   0 -24.48  -46.69  0.35E+00
2015   9  17   0 -24.38  -46.69  0.35E+00
2015   9  17   0 -24.33  -46.69  0.32E+00
2015   9  17   0 -24.18  -46.69  0.35E+00
2015   9  17   0 -24.08  -46.69  0.44E+00
2015   9  17   0 -24.03  -46.69  0.89E+00
2015   9  17   0 -23.98  -46.69  0.11E+02
2015   9  17   0 -23.93  -46.69  0.26E+01
2015   9  17   0 -27.23  -46.64  0.66E+00
2015   9  17   0 -26.48  -46.64  0.25E+00
2015   9  17   0 -25.63  -46.64  0.51E+00
2015   9  17   0 -25.58  -46.64  0.10E+01
2015   9  17   0 -25.28  -46.64  0.34E+00
2015   9  17   0 -25.03  -46.64  0.63E+00
2015   9  17   0 -24.78  -46.64  0.35E+00
2015   9  17   0 -24.48  -46.64  0.35E+00
2015   9  17   0 -24.43  -46.64  0.70E+00
2015   9  17   0 -24.28  -46.64  0.70E+00
2015   9  17   0 -24.13  -46.64  0.44E+00
2015   9  17   0 -24.03  -46.64  0.89E+00
2015   9  17   0 -23.98  -46.64  0.27E+01
2015   9  17   0 -23.93  -46.64  0.48E+01
2015   9  17   0 -27.23  -46.59  0.66E+00
2015   9  17   0 -26.48  -46.59  0.25E+00
2015   9  17   0 -26.43  -46.59  0.74E+00
2015   9  17   0 -25.58  -46.59  0.14E+01
2015   9  17   0 -25.38  -46.59  0.69E+00
2015   9  17   0 -25.23  -46.59  0.69E+00
2015   9  17   0 -24.98  -46.59  0.64E+00
2015   9  17   0 -24.88  -46.59  0.34E+00
2015   9  17   0 -24.68  -46.59  0.24E+00
2015   9  17   0 -24.58  -46.59  0.32E+00
2015   9  17   0 -24.38  -46.59  0.36E+00
2015   9  17   0 -24.18  -46.59  0.60E+00
2015   9  17   0 -24.13  -46.59  0.45E+00
2015   9  17   0 -24.08  -46.59  0.81E+00
2015   9  17   0 -24.03  -46.59  0.18E+01
2015   9  17   0 -23.98  -46.59  0.35E+01
2015   9  17   0 -23.93  -46.59  0.12E+02
2015   9  17   0 -23.88  -46.59  0.90E+00
2015   9  17   0 -26.08  -46.54  0.65E+00
2015   9  17   0 -25.33  -46.54  0.70E+00
2015   9  17   0 -25.23  -46.54  0.35E+00
2015   9  17   0 -25.18  -46.54  0.24E+00
2015   9  17   0 -25.08  -46.54  0.55E+00
2015   9  17   0 -25.03  -46.54  0.94E+00
2015   9  17   0 -24.93  -46.54  0.32E+00
2015   9  17   0 -24.88  -46.54  0.32E+00
2015   9  17   0 -24.63  -46.54  0.36E+00
2015   9  17   0 -24.48  -46.54  0.36E+00
2015   9  17   0 -24.33  -46.54  0.36E+00
2015   9  17   0 -24.23  -46.54  0.57E+00
2015   9  17   0 -24.08  -46.54  0.17E+01
2015   9  17   0 -24.03  -46.54  0.22E+01
2015   9  17   0 -23.98  -46.54  0.14E+01
2015   9  17   0 -23.93  -46.54  0.73E+01
2015   9  17   0 -23.88  -46.54  0.57E+01
2015   9  17   0 -25.98  -46.49  0.10E+01
2015   9  17   0 -25.93  -46.49  0.51E+00
2015   9  17   0 -25.53  -46.49  0.35E+00
2015   9  17   0 -25.48  -46.49  0.34E+00
2015   9  17   0 -25.18  -46.49  0.35E+00
2015   9  17   0 -25.13  -46.49  0.47E+00
2015   9  17   0 -25.03  -46.49  0.47E+00
2015   9  17   0 -24.98  -46.49  0.47E+00
2015   9  17   0 -24.88  -46.49  0.32E+00
2015   9  17   0 -24.68  -46.49  0.32E+00
2015   9  17   0 -24.58  -46.49  0.36E+00
2015   9  17   0 -24.43  -46.49  0.24E+00
2015   9  17   0 -24.38  -46.49  0.56E+00
2015   9  17   0 -24.23  -46.49  0.36E+00
2015   9  17   0 -24.13  -46.49  0.11E+01
2015   9  17   0 -24.08  -46.49  0.65E+00
2015   9  17   0 -24.03  -46.49  0.36E+00
2015   9  17   0 -23.98  -46.49  0.31E+01
2015   9  17   0 -23.93  -46.49  0.34E+01
2015   9  17   0 -23.88  -46.49  0.14E+02
2015   9  17   0 -26.38  -46.44  0.33E+00
2015   9  17   0 -26.03  -46.44  0.33E+00
2015   9  17   0 -25.98  -46.44  0.66E+00
2015   9  17   0 -25.93  -46.44  0.33E+00
2015   9  17   0 -25.08  -46.44  0.32E+00
2015   9  17   0 -25.03  -46.44  0.35E+00
2015   9  17   0 -24.98  -46.44  0.24E+00
2015   9  17   0 -24.83  -46.44  0.35E+00
2015   9  17   0 -24.43  -46.44  0.36E+00
2015   9  17   0 -24.38  -46.44  0.35E+00
2015   9  17   0 -24.33  -46.44  0.36E+00
2015   9  17   0 -24.28  -46.44  0.68E+00
2015   9  17   0 -24.23  -46.44  0.49E+00
2015   9  17   0 -24.18  -46.44  0.65E+00
2015   9  17   0 -24.13  -46.44  0.32E+00
2015   9  17   0 -24.03  -46.44  0.25E+01
2015   9  17   0 -23.98  -46.44  0.27E+01
2015   9  17   0 -23.93  -46.44  0.56E+01
2015   9  17   0 -23.88  -46.44  0.16E+02
2015   9  17   0 -23.83  -46.44  0.10E+02
2015   9  17   0 -26.38  -46.39  0.66E+00
2015   9  17   0 -26.33  -46.39  0.64E+00
2015   9  17   0 -25.98  -46.39  0.33E+00
2015   9  17   0 -25.93  -46.39  0.66E+00
2015   9  17   0 -25.13  -46.39  0.35E+00
2015   9  17   0 -25.03  -46.39  0.34E+00
2015   9  17   0 -24.88  -46.39  0.32E+00
2015   9  17   0 -24.58  -46.39  0.32E+00
2015   9  17   0 -24.43  -46.39  0.24E+00
2015   9  17   0 -24.38  -46.39  0.64E+00
2015   9  17   0 -24.33  -46.39  0.68E+00
2015   9  17   0 -24.28  -46.39  0.32E+00
2015   9  17   0 -24.13  -46.39  0.65E+00
2015   9  17   0 -24.08  -46.39  0.36E+00
2015   9  17   0 -24.03  -46.39  0.98E+00
2015   9  17   0 -23.98  -46.39  0.65E+00
2015   9  17   0 -23.93  -46.39  0.29E+01
2015   9  17   0 -23.88  -46.39  0.78E+01
2015   9  17   0 -23.83  -46.39  0.29E+02
2015   9  17   0 -27.03  -46.34  0.34E+00
2015   9  17   0 -26.98  -46.34  0.34E+00
2015   9  17   0 -26.28  -46.34  0.32E+00
2015   9  17   0 -25.83  -46.34  0.34E+00
2015   9  17   0 -24.68  -46.34  0.36E+00
2015   9  17   0 -24.58  -46.34  0.32E+00
2015   9  17   0 -24.48  -46.34  0.32E+00
2015   9  17   0 -24.43  -46.34  0.36E+00
2015   9  17   0 -24.33  -46.34  0.64E+00
2015   9  17   0 -24.28  -46.34  0.36E+00
2015   9  17   0 -24.18  -46.34  0.32E+00
2015   9  17   0 -24.13  -46.34  0.32E+00
2015   9  17   0 -24.03  -46.34  0.33E+00
2015   9  17   0 -23.98  -46.34  0.33E+00
2015   9  17   0 -23.93  -46.34  0.10E+01
2015   9  17   0 -23.88  -46.34  0.78E+00
2015   9  17   0 -26.98  -46.29  0.67E+00
2015   9  17   0 -26.93  -46.29  0.34E+00
2015   9  17   0 -26.28  -46.29  0.32E+00
2015   9  17   0 -25.78  -46.29  0.34E+00
2015   9  17   0 -24.88  -46.29  0.35E+00
2015   9  17   0 -24.83  -46.29  0.35E+00
2015   9  17   0 -24.73  -46.29  0.35E+00
2015   9  17   0 -24.58  -46.29  0.32E+00
2015   9  17   0 -24.33  -46.29  0.32E+00
2015   9  17   0 -24.28  -46.29  0.32E+00
2015   9  17   0 -24.23  -46.29  0.32E+00
2015   9  17   0 -24.13  -46.29  0.32E+00
2015   9  17   0 -24.08  -46.29  0.33E+00
2015   9  17   0 -23.98  -46.29  0.65E+00
2015   9  17   0 -23.88  -46.29  0.33E+00
2015   9  17   0 -25.78  -46.24  0.34E+00
2015   9  17   0 -24.93  -46.24  0.35E+00
2015   9  17   0 -24.88  -46.24  0.32E+00
2015   9  17   0 -24.53  -46.24  0.32E+00
2015   9  17   0 -24.48  -46.24  0.32E+00
2015   9  17   0 -24.43  -46.24  0.13E+01
2015   9  17   0 -24.33  -46.24  0.32E+00
2015   9  17   0 -24.13  -46.24  0.32E+00
2015   9  17   0 -23.93  -46.24  0.33E+00
2015   9  17   0 -25.73  -46.19  0.34E+00
2015   9  17   0 -25.03  -46.19  0.35E+00
2015   9  17   0 -24.73  -46.19  0.24E+00
2015   9  17   0 -24.68  -46.19  0.32E+00
2015   9  17   0 -24.63  -46.19  0.32E+00
2015   9  17   0 -24.48  -46.19  0.68E+00
2015   9  17   0 -24.43  -46.19  0.81E+00
2015   9  17   0 -24.38  -46.19  0.48E+00
2015   9  17   0 -24.23  -46.19  0.65E+00
2015   9  17   0 -25.68  -46.14  0.35E+00
2015   9  17   0 -25.53  -46.14  0.26E+00
2015   9  17   0 -25.48  -46.14  0.26E+00
2015   9  17   0 -24.98  -46.14  0.11E+01
2015   9  17   0 -24.73  -46.14  0.32E+00
2015   9  17   0 -24.68  -46.14  0.95E+00
2015   9  17   0 -24.63  -46.14  0.67E+00
2015   9  17   0 -24.58  -46.14  0.63E+00
2015   9  17   0 -24.33  -46.14  0.32E+00
2015   9  17   0 -24.18  -46.14  0.32E+00
2015   9  17   0 -24.43  -46.09  0.36E+00
2015   9  17   0 -24.38  -46.09  0.32E+00
2015   9  17   0 -24.28  -46.09  0.32E+00
2015   9  17   0 -24.23  -46.09  0.32E+00
2015   9  17   0 -25.23  -46.04  0.35E+00
2015   9  17   0 -24.98  -46.04  0.32E+00
2015   9  17   0 -24.58  -46.04  0.32E+00
2015   9  17   0 -24.38  -46.04  0.32E+00
2015   9  17   0 -24.63  -45.99  0.32E+00
2015   9  17   0 -25.13  -45.94  0.35E+00
2015   9  17   0 -24.88  -45.94  0.23E+00
2015   9  17   0 -24.78  -45.94  0.35E+00
2015   9  17   0 -24.48  -45.94  0.36E+00
2015   9  17   0 -26.08  -45.89  0.50E+00
2015   9  17   0 -25.13  -45.89  0.35E+00
2015   9  17   0 -24.83  -45.89  0.23E+00
2015   9  17   0 -24.68  -45.89  0.55E+00
2015   9  17   0 -24.58  -45.89  0.35E+00
2015   9  17   0 -26.43  -45.79  0.48E+00
2015   9  17   0 -26.38  -45.79  0.24E+00
2015   9  17   0 -25.03  -45.79  0.35E+00
2015   9  17   0 -26.38  -45.74  0.73E+00
2015   9  17   0 -26.18  -45.74  0.24E+00
2015   9  17   0 -26.38  -45.69  0.24E+00
2015   9  17   0 -26.13  -45.69  0.57E+00
2015   9  17   0 -24.93  -45.69  0.31E+00
2015   9  17   0 -24.78  -45.59  0.94E+00
2015   9  17   0 -24.73  -45.59  0.31E+00
2015   9  17   0 -26.18  -45.54  0.33E+00
2015   9  17   0 -26.13  -45.54  0.33E+00
2015   9  17   0 -25.93  -45.49  0.26E+00
2015   9  17   0 -25.93  -45.44  0.10E+01
2015   9  17   0 -25.88  -45.39  0.26E+00
2015   9  17   0 -25.88  -45.34  0.26E+00
2015   9  17   0 -28.28  -44.09  0.34E+00
