YEAR  MO  DA  HR    LAT     LON Rn2200005
2015  12   4  12 -23.68  -48.39  0.75E+00
2015  12   4  12 -23.68  -48.29  0.76E+00
2015  12   4  12 -24.08  -48.24  0.75E+00
2015  12   4  12 -23.88  -48.24  0.76E+00
2015  12   4  12 -24.13  -48.19  0.75E+00
2015  12   4  12 -23.93  -48.19  0.76E+00
2015  12   4  12 -24.38  -48.14  0.15E+01
2015  12   4  12 -24.03  -48.14  0.84E+00
2015  12   4  12 -23.98  -48.14  0.77E+00
2015  12   4  12 -23.88  -48.14  0.76E+00
2015  12   4  12 -23.88  -48.09  0.76E+00
2015  12   4  12 -24.23  -48.04  0.85E+00
2015  12   4  12 -24.13  -48.04  0.76E+00
2015  12   4  12 -24.28  -47.99  0.86E+00
2015  12   4  12 -24.08  -47.99  0.85E+00
2015  12   4  12 -23.98  -47.99  0.85E+00
2015  12   4  12 -23.93  -47.99  0.85E+00
2015  12   4  12 -24.28  -47.94  0.77E+00
2015  12   4  12 -24.08  -47.94  0.86E+00
2015  12   4  12 -24.03  -47.94  0.77E+00
2015  12   4  12 -23.88  -47.89  0.76E+00
2015  12   4  12 -24.43  -47.84  0.86E+00
2015  12   4  12 -24.28  -47.84  0.87E+00
2015  12   4  12 -24.23  -47.84  0.86E+00
2015  12   4  12 -24.18  -47.84  0.85E+00
2015  12   4  12 -24.08  -47.79  0.86E+00
2015  12   4  12 -23.98  -47.79  0.86E+00
2015  12   4  12 -23.93  -47.79  0.86E+00
2015  12   4  12 -24.38  -47.74  0.85E+00
2015  12   4  12 -24.33  -47.74  0.17E+01
2015  12   4  12 -24.23  -47.74  0.86E+00
2015  12   4  12 -24.13  -47.74  0.87E+00
2015  12   4  12 -24.03  -47.74  0.86E+00
2015  12   4  12 -23.98  -47.74  0.86E+00
2015  12   4  12 -23.83  -47.74  0.16E+01
2015  12   4  12 -24.18  -47.69  0.17E+01
2015  12   4  12 -24.13  -47.69  0.87E+00
2015  12   4  12 -24.08  -47.69  0.86E+00
2015  12   4  12 -23.98  -47.69  0.86E+00
2015  12   4  12 -23.83  -47.69  0.16E+01
2015  12   4  12 -24.08  -47.64  0.87E+00
2015  12   4  12 -23.98  -47.64  0.86E+00
2015  12   4  12 -23.73  -47.64  0.78E+00
2015  12   4  12 -24.13  -47.59  0.17E+01
2015  12   4  12 -24.03  -47.59  0.17E+01
2015  12   4  12 -23.88  -47.59  0.43E+01
2015  12   4  12 -23.68  -47.59  0.78E+00
2015  12   4  12 -23.98  -47.54  0.87E+00
2015  12   4  12 -23.93  -47.54  0.17E+01
2015  12   4  12 -23.88  -47.54  0.17E+01
2015  12   4  12 -23.83  -47.54  0.78E+00
2015  12   4  12 -23.78  -47.54  0.78E+00
2015  12   4  12 -23.68  -47.54  0.87E+00
2015  12   4  12 -24.28  -47.49  0.87E+00
2015  12   4  12 -24.08  -47.49  0.87E+00
2015  12   4  12 -23.88  -47.49  0.79E+00
2015  12   4  12 -23.83  -47.49  0.16E+01
2015  12   4  12 -23.78  -47.49  0.34E+01
2015  12   4  12 -24.08  -47.44  0.88E+00
2015  12   4  12 -24.03  -47.44  0.26E+01
2015  12   4  12 -23.98  -47.44  0.87E+00
2015  12   4  12 -23.93  -47.44  0.88E+00
2015  12   4  12 -23.88  -47.44  0.87E+00
2015  12   4  12 -23.83  -47.44  0.87E+00
2015  12   4  12 -23.78  -47.44  0.17E+01
2015  12   4  12 -23.73  -47.44  0.17E+01
2015  12   4  12 -24.13  -47.39  0.87E+00
2015  12   4  12 -24.08  -47.39  0.87E+00
2015  12   4  12 -24.03  -47.39  0.87E+00
2015  12   4  12 -23.98  -47.39  0.17E+01
2015  12   4  12 -23.93  -47.39  0.26E+01
2015  12   4  12 -23.83  -47.39  0.79E+00
2015  12   4  12 -24.13  -47.34  0.87E+00
2015  12   4  12 -24.03  -47.34  0.18E+01
2015  12   4  12 -23.98  -47.34  0.88E+00
2015  12   4  12 -23.83  -47.34  0.79E+00
2015  12   4  12 -23.78  -47.34  0.26E+01
2015  12   4  12 -23.98  -47.29  0.88E+00
2015  12   4  12 -23.93  -47.29  0.88E+00
2015  12   4  12 -23.88  -47.29  0.17E+01
2015  12   4  12 -23.83  -47.29  0.18E+01
2015  12   4  12 -24.18  -47.24  0.88E+00
2015  12   4  12 -24.08  -47.24  0.18E+01
2015  12   4  12 -24.03  -47.24  0.26E+01
2015  12   4  12 -23.98  -47.24  0.44E+01
2015  12   4  12 -23.93  -47.24  0.88E+00
2015  12   4  12 -23.88  -47.24  0.88E+00
2015  12   4  12 -23.83  -47.24  0.26E+01
2015  12   4  12 -23.78  -47.24  0.88E+00
2015  12   4  12 -23.73  -47.24  0.88E+00
2015  12   4  12 -24.03  -47.19  0.18E+01
2015  12   4  12 -23.93  -47.19  0.88E+00
2015  12   4  12 -23.88  -47.19  0.34E+01
2015  12   4  12 -23.83  -47.19  0.18E+01
2015  12   4  12 -23.73  -47.19  0.18E+01
2015  12   4  12 -24.03  -47.14  0.18E+01
2015  12   4  12 -23.98  -47.14  0.18E+01
2015  12   4  12 -23.88  -47.14  0.80E+00
2015  12   4  12 -23.83  -47.14  0.17E+01
2015  12   4  12 -23.93  -47.09  0.89E+00
2015  12   4  12 -23.88  -47.09  0.27E+01
2015  12   4  12 -23.83  -47.09  0.17E+01
2015  12   4  12 -23.73  -47.09  0.88E+00
2015  12   4  12 -24.03  -47.04  0.89E+00
2015  12   4  12 -23.98  -47.04  0.27E+01
2015  12   4  12 -23.93  -47.04  0.18E+01
2015  12   4  12 -23.88  -47.04  0.27E+01
2015  12   4  12 -23.83  -47.04  0.18E+01
2015  12   4  12 -23.78  -47.04  0.89E+00
2015  12   4  12 -23.73  -47.04  0.89E+00
2015  12   4  12 -23.98  -46.99  0.27E+01
2015  12   4  12 -23.93  -46.99  0.89E+00
2015  12   4  12 -23.88  -46.99  0.26E+01
2015  12   4  12 -23.83  -46.99  0.80E+00
2015  12   4  12 -23.78  -46.99  0.18E+01
2015  12   4  12 -23.73  -46.99  0.80E+00
2015  12   4  12 -23.98  -46.94  0.18E+01
2015  12   4  12 -23.93  -46.94  0.89E+00
2015  12   4  12 -23.88  -46.94  0.27E+01
2015  12   4  12 -23.83  -46.94  0.18E+01
2015  12   4  12 -23.78  -46.94  0.17E+01
2015  12   4  12 -23.73  -46.94  0.89E+00
2015  12   4  12 -23.93  -46.89  0.89E+00
2015  12   4  12 -23.88  -46.89  0.18E+01
2015  12   4  12 -23.83  -46.89  0.45E+01
2015  12   4  12 -23.78  -46.89  0.26E+01
2015  12   4  12 -23.73  -46.89  0.89E+00
2015  12   4  12 -23.68  -46.89  0.80E+00
2015  12   4  12 -23.63  -46.89  0.80E+00
2015  12   4  12 -23.93  -46.84  0.18E+01
2015  12   4  12 -23.88  -46.84  0.89E+00
2015  12   4  12 -23.83  -46.84  0.18E+01
2015  12   4  12 -23.78  -46.84  0.89E+00
2015  12   4  12 -23.73  -46.84  0.89E+00
2015  12   4  12 -23.88  -46.79  0.18E+01
2015  12   4  12 -23.83  -46.79  0.89E+01
2015  12   4  12 -23.78  -46.79  0.80E+00
2015  12   4  12 -23.73  -46.79  0.80E+00
2015  12   4  12 -23.98  -46.74  0.90E+00
2015  12   4  12 -23.88  -46.74  0.54E+01
2015  12   4  12 -23.83  -46.74  0.71E+01
2015  12   4  12 -23.78  -46.74  0.45E+01
2015  12   4  12 -23.88  -46.69  0.27E+01
2015  12   4  12 -23.83  -46.69  0.99E+01
2015  12   4  12 -23.78  -46.69  0.33E+01
2015  12   4  12 -23.73  -46.69  0.89E+00
2015  12   4  12 -23.68  -46.69  0.81E+00
2015  12   4  12 -23.88  -46.64  0.36E+01
2015  12   4  12 -23.83  -46.64  0.99E+01
2015  12   4  12 -23.78  -46.64  0.26E+01
2015  12   4  12 -23.88  -46.59  0.45E+01
2015  12   4  12 -23.83  -46.59  0.13E+02
2015  12   4  12 -23.78  -46.59  0.25E+01
2015  12   4  12 -23.88  -46.54  0.90E+00
2015  12   4  12 -23.83  -46.54  0.20E+02
2015  12   4  12 -23.78  -46.54  0.49E+00
2015  12   4  12 -23.88  -46.49  0.91E+00
2015  12   4  12 -23.83  -46.49  0.21E+02
2015  12   4  12 -23.78  -46.49  0.20E+01
2015  12   4  12 -23.83  -46.44  0.33E+02
2015  12   4  12 -23.83  -46.39  0.73E+01
2015  12   5   0 -24.33  -49.44  0.69E+00
2015  12   5   0 -24.78  -49.19  0.15E+01
2015  12   5   0 -24.73  -49.19  0.77E+00
2015  12   5   0 -25.28  -49.14  0.84E+00
2015  12   5   0 -24.83  -49.09  0.72E+00
2015  12   5   0 -24.28  -49.09  0.93E+00
2015  12   5   0 -23.98  -49.09  0.78E+00
2015  12   5   0 -24.93  -49.04  0.15E+01
2015  12   5   0 -24.78  -49.04  0.79E+00
2015  12   5   0 -24.28  -49.04  0.79E+00
2015  12   5   0 -24.03  -49.04  0.78E+00
2015  12   5   0 -25.38  -48.99  0.78E+00
2015  12   5   0 -25.18  -48.99  0.14E+01
2015  12   5   0 -25.18  -48.94  0.14E+01
2015  12   5   0 -24.78  -48.94  0.73E+00
2015  12   5   0 -24.73  -48.94  0.84E+00
2015  12   5   0 -24.38  -48.94  0.79E+00
2015  12   5   0 -24.23  -48.94  0.80E+00
2015  12   5   0 -23.93  -48.94  0.72E+00
2015  12   5   0 -23.88  -48.94  0.79E+00
2015  12   5   0 -24.98  -48.89  0.23E+01
2015  12   5   0 -24.43  -48.89  0.71E+00
2015  12   5   0 -24.38  -48.89  0.80E+00
2015  12   5   0 -24.93  -48.84  0.15E+01
2015  12   5   0 -24.88  -48.84  0.72E+00
2015  12   5   0 -24.68  -48.84  0.79E+00
2015  12   5   0 -24.48  -48.84  0.82E+00
2015  12   5   0 -24.13  -48.84  0.97E+00
2015  12   5   0 -24.63  -48.79  0.80E+00
2015  12   5   0 -24.43  -48.79  0.81E+00
2015  12   5   0 -24.18  -48.79  0.82E+00
2015  12   5   0 -24.03  -48.79  0.79E+00
2015  12   5   0 -25.53  -48.74  0.71E+00
2015  12   5   0 -24.88  -48.74  0.32E+01
2015  12   5   0 -24.43  -48.74  0.72E+00
2015  12   5   0 -24.33  -48.74  0.16E+01
2015  12   5   0 -24.28  -48.74  0.82E+00
2015  12   5   0 -24.23  -48.74  0.79E+00
2015  12   5   0 -24.13  -48.74  0.81E+00
2015  12   5   0 -24.88  -48.69  0.24E+01
2015  12   5   0 -24.73  -48.69  0.95E+00
2015  12   5   0 -24.63  -48.69  0.81E+00
2015  12   5   0 -24.58  -48.69  0.15E+01
2015  12   5   0 -24.38  -48.69  0.80E+00
2015  12   5   0 -24.13  -48.69  0.71E+00
2015  12   5   0 -25.18  -48.64  0.78E+00
2015  12   5   0 -24.98  -48.64  0.69E+00
2015  12   5   0 -24.93  -48.64  0.73E+00
2015  12   5   0 -24.68  -48.64  0.82E+00
2015  12   5   0 -24.63  -48.64  0.79E+00
2015  12   5   0 -24.28  -48.64  0.82E+00
2015  12   5   0 -24.18  -48.64  0.73E+00
2015  12   5   0 -24.08  -48.64  0.19E+01
2015  12   5   0 -25.03  -48.59  0.74E+00
2015  12   5   0 -24.98  -48.59  0.15E+01
2015  12   5   0 -24.63  -48.59  0.80E+00
2015  12   5   0 -24.38  -48.59  0.80E+00
2015  12   5   0 -24.23  -48.59  0.15E+01
2015  12   5   0 -23.78  -48.59  0.82E+00
2015  12   5   0 -24.78  -48.54  0.80E+00
2015  12   5   0 -24.63  -48.54  0.80E+00
2015  12   5   0 -24.58  -48.54  0.82E+00
2015  12   5   0 -24.53  -48.54  0.83E+00
2015  12   5   0 -24.28  -48.54  0.78E+00
2015  12   5   0 -24.23  -48.54  0.81E+00
2015  12   5   0 -24.08  -48.54  0.97E+00
2015  12   5   0 -23.83  -48.54  0.82E+00
2015  12   5   0 -25.78  -48.49  0.94E+00
2015  12   5   0 -24.93  -48.49  0.16E+01
2015  12   5   0 -24.78  -48.49  0.95E+00
2015  12   5   0 -24.73  -48.49  0.78E+00
2015  12   5   0 -24.68  -48.49  0.82E+00
2015  12   5   0 -24.53  -48.49  0.83E+00
2015  12   5   0 -24.43  -48.49  0.16E+01
2015  12   5   0 -24.13  -48.49  0.17E+01
2015  12   5   0 -23.93  -48.49  0.81E+00
2015  12   5   0 -23.73  -48.49  0.77E+00
2015  12   5   0 -24.83  -48.44  0.82E+00
2015  12   5   0 -24.68  -48.44  0.74E+00
2015  12   5   0 -24.63  -48.44  0.83E+00
2015  12   5   0 -24.48  -48.44  0.79E+00
2015  12   5   0 -24.43  -48.44  0.83E+00
2015  12   5   0 -24.28  -48.44  0.74E+00
2015  12   5   0 -23.93  -48.44  0.81E+00
2015  12   5   0 -24.98  -48.39  0.75E+00
2015  12   5   0 -24.68  -48.39  0.83E+00
2015  12   5   0 -24.58  -48.39  0.74E+00
2015  12   5   0 -24.33  -48.39  0.18E+01
2015  12   5   0 -24.28  -48.39  0.81E+00
2015  12   5   0 -24.03  -48.39  0.79E+00
2015  12   5   0 -24.98  -48.34  0.14E+01
2015  12   5   0 -24.93  -48.34  0.82E+00
2015  12   5   0 -24.78  -48.34  0.78E+00
2015  12   5   0 -24.33  -48.34  0.82E+00
2015  12   5   0 -24.03  -48.34  0.75E+00
2015  12   5   0 -23.98  -48.34  0.75E+00
2015  12   5   0 -25.33  -48.29  0.79E+00
2015  12   5   0 -24.98  -48.29  0.84E+00
2015  12   5   0 -24.68  -48.29  0.81E+00
2015  12   5   0 -24.33  -48.29  0.84E+00
2015  12   5   0 -24.23  -48.29  0.82E+00
2015  12   5   0 -24.03  -48.29  0.84E+00
2015  12   5   0 -25.53  -48.24  0.73E+00
2015  12   5   0 -24.63  -48.24  0.82E+00
2015  12   5   0 -24.43  -48.24  0.81E+00
2015  12   5   0 -24.38  -48.24  0.84E+00
2015  12   5   0 -24.33  -48.24  0.17E+01
2015  12   5   0 -24.18  -48.24  0.98E+00
2015  12   5   0 -24.13  -48.24  0.83E+00
2015  12   5   0 -24.03  -48.24  0.84E+00
2015  12   5   0 -23.93  -48.24  0.83E+00
2015  12   5   0 -23.83  -48.24  0.83E+00
2015  12   5   0 -24.88  -48.19  0.83E+00
2015  12   5   0 -24.63  -48.19  0.82E+00
2015  12   5   0 -24.48  -48.19  0.84E+00
2015  12   5   0 -24.38  -48.19  0.83E+00
2015  12   5   0 -24.33  -48.19  0.84E+00
2015  12   5   0 -24.23  -48.19  0.25E+01
2015  12   5   0 -24.13  -48.19  0.84E+00
2015  12   5   0 -24.68  -48.14  0.79E+00
2015  12   5   0 -24.53  -48.14  0.84E+00
2015  12   5   0 -24.33  -48.14  0.85E+00
2015  12   5   0 -24.28  -48.14  0.83E+00
2015  12   5   0 -24.03  -48.14  0.96E+00
2015  12   5   0 -23.98  -48.14  0.17E+01
2015  12   5   0 -23.93  -48.14  0.17E+01
2015  12   5   0 -24.63  -48.09  0.17E+01
2015  12   5   0 -24.48  -48.09  0.85E+00
2015  12   5   0 -24.43  -48.09  0.17E+01
2015  12   5   0 -24.38  -48.09  0.26E+01
2015  12   5   0 -24.33  -48.09  0.84E+00
2015  12   5   0 -24.28  -48.09  0.84E+00
2015  12   5   0 -24.23  -48.09  0.17E+01
2015  12   5   0 -23.98  -48.09  0.17E+01
2015  12   5   0 -23.83  -48.09  0.82E+00
2015  12   5   0 -24.63  -48.04  0.84E+00
2015  12   5   0 -24.33  -48.04  0.86E+00
2015  12   5   0 -24.23  -48.04  0.85E+00
2015  12   5   0 -24.13  -48.04  0.98E+00
2015  12   5   0 -24.33  -47.99  0.17E+01
2015  12   5   0 -24.28  -47.99  0.25E+01
2015  12   5   0 -24.18  -47.99  0.84E+00
2015  12   5   0 -24.13  -47.99  0.17E+01
2015  12   5   0 -23.98  -47.99  0.85E+00
2015  12   5   0 -24.58  -47.94  0.83E+00
2015  12   5   0 -24.38  -47.94  0.85E+00
2015  12   5   0 -24.23  -47.94  0.84E+00
2015  12   5   0 -24.18  -47.94  0.17E+01
2015  12   5   0 -23.83  -47.94  0.84E+00
2015  12   5   0 -24.23  -47.89  0.83E+00
2015  12   5   0 -24.18  -47.89  0.85E+00
2015  12   5   0 -24.08  -47.89  0.85E+00
2015  12   5   0 -24.58  -47.84  0.82E+00
2015  12   5   0 -24.53  -47.84  0.81E+00
2015  12   5   0 -24.38  -47.84  0.85E+00
2015  12   5   0 -24.13  -47.84  0.85E+00
2015  12   5   0 -23.83  -47.84  0.83E+00
2015  12   5   0 -23.78  -47.84  0.83E+00
2015  12   5   0 -23.48  -47.84  0.85E+00
2015  12   5   0 -24.28  -47.79  0.17E+01
2015  12   5   0 -24.23  -47.79  0.17E+01
2015  12   5   0 -24.43  -47.74  0.16E+01
2015  12   5   0 -24.28  -47.74  0.86E+00
2015  12   5   0 -24.18  -47.74  0.86E+00
2015  12   5   0 -24.03  -47.74  0.17E+01
2015  12   5   0 -24.48  -47.69  0.85E+00
2015  12   5   0 -24.28  -47.69  0.86E+00
2015  12   5   0 -24.18  -47.69  0.86E+00
2015  12   5   0 -24.13  -47.69  0.85E+00
2015  12   5   0 -24.08  -47.69  0.26E+01
2015  12   5   0 -23.78  -47.69  0.85E+00
2015  12   5   0 -23.73  -47.69  0.84E+00
2015  12   5   0 -24.53  -47.64  0.81E+00
2015  12   5   0 -24.43  -47.64  0.86E+00
2015  12   5   0 -24.23  -47.64  0.17E+01
2015  12   5   0 -24.18  -47.64  0.17E+01
2015  12   5   0 -24.08  -47.64  0.86E+00
2015  12   5   0 -24.03  -47.64  0.17E+01
2015  12   5   0 -23.98  -47.64  0.19E+01
2015  12   5   0 -23.58  -47.64  0.10E+01
2015  12   5   0 -24.28  -47.59  0.17E+01
2015  12   5   0 -24.13  -47.59  0.86E+00
2015  12   5   0 -24.08  -47.59  0.84E+00
2015  12   5   0 -24.03  -47.59  0.17E+01
2015  12   5   0 -23.88  -47.59  0.17E+01
2015  12   5   0 -23.63  -47.59  0.87E+00
2015  12   5   0 -24.58  -47.54  0.84E+00
2015  12   5   0 -24.28  -47.54  0.86E+00
2015  12   5   0 -24.23  -47.54  0.86E+00
2015  12   5   0 -24.18  -47.54  0.85E+00
2015  12   5   0 -24.13  -47.54  0.34E+01
2015  12   5   0 -24.08  -47.54  0.85E+00
2015  12   5   0 -24.03  -47.54  0.17E+01
2015  12   5   0 -23.98  -47.54  0.86E+00
2015  12   5   0 -23.93  -47.54  0.86E+00
2015  12   5   0 -23.88  -47.54  0.83E+00
2015  12   5   0 -23.38  -47.54  0.84E+00
2015  12   5   0 -24.48  -47.49  0.86E+00
2015  12   5   0 -24.33  -47.49  0.86E+00
2015  12   5   0 -24.23  -47.49  0.87E+00
2015  12   5   0 -24.18  -47.49  0.85E+00
2015  12   5   0 -24.13  -47.49  0.86E+00
2015  12   5   0 -24.08  -47.49  0.87E+00
2015  12   5   0 -24.03  -47.49  0.87E+00
2015  12   5   0 -23.93  -47.49  0.87E+00
2015  12   5   0 -23.83  -47.49  0.17E+01
2015  12   5   0 -23.73  -47.49  0.85E+00
2015  12   5   0 -23.48  -47.49  0.85E+00
2015  12   5   0 -24.33  -47.44  0.84E+00
2015  12   5   0 -24.08  -47.44  0.26E+01
2015  12   5   0 -23.98  -47.44  0.87E+00
2015  12   5   0 -23.93  -47.44  0.17E+01
2015  12   5   0 -23.63  -47.44  0.10E+01
2015  12   5   0 -23.53  -47.44  0.84E+00
2015  12   5   0 -23.43  -47.44  0.86E+00
2015  12   5   0 -24.18  -47.39  0.84E+00
2015  12   5   0 -23.98  -47.39  0.86E+00
2015  12   5   0 -23.88  -47.39  0.26E+01
2015  12   5   0 -23.78  -47.39  0.87E+00
2015  12   5   0 -23.63  -47.39  0.86E+00
2015  12   5   0 -24.18  -47.34  0.87E+00
2015  12   5   0 -24.13  -47.34  0.87E+00
2015  12   5   0 -24.03  -47.34  0.87E+00
2015  12   5   0 -23.88  -47.34  0.36E+01
2015  12   5   0 -23.83  -47.34  0.10E+01
2015  12   5   0 -23.73  -47.34  0.26E+01
2015  12   5   0 -23.63  -47.34  0.86E+00
2015  12   5   0 -24.18  -47.29  0.87E+00
2015  12   5   0 -24.13  -47.29  0.17E+01
2015  12   5   0 -24.08  -47.29  0.26E+01
2015  12   5   0 -24.03  -47.29  0.88E+00
2015  12   5   0 -23.93  -47.29  0.26E+01
2015  12   5   0 -23.78  -47.29  0.86E+00
2015  12   5   0 -23.68  -47.29  0.86E+00
2015  12   5   0 -23.63  -47.29  0.88E+00
2015  12   5   0 -23.38  -47.29  0.86E+00
2015  12   5   0 -24.08  -47.24  0.35E+01
2015  12   5   0 -24.03  -47.24  0.26E+01
2015  12   5   0 -23.88  -47.24  0.88E+00
2015  12   5   0 -23.63  -47.24  0.86E+00
2015  12   5   0 -24.13  -47.19  0.86E+00
2015  12   5   0 -24.08  -47.19  0.17E+01
2015  12   5   0 -24.03  -47.19  0.88E+00
2015  12   5   0 -23.98  -47.19  0.88E+00
2015  12   5   0 -23.88  -47.19  0.26E+01
2015  12   5   0 -23.78  -47.19  0.88E+00
2015  12   5   0 -23.63  -47.19  0.86E+00
2015  12   5   0 -23.53  -47.19  0.10E+01
2015  12   5   0 -24.28  -47.14  0.87E+00
2015  12   5   0 -24.23  -47.14  0.87E+00
2015  12   5   0 -24.08  -47.14  0.88E+00
2015  12   5   0 -24.03  -47.14  0.35E+01
2015  12   5   0 -23.98  -47.14  0.88E+00
2015  12   5   0 -23.93  -47.14  0.87E+00
2015  12   5   0 -23.88  -47.14  0.19E+01
2015  12   5   0 -23.78  -47.14  0.88E+00
2015  12   5   0 -23.73  -47.14  0.87E+00
2015  12   5   0 -23.53  -47.14  0.17E+01
2015  12   5   0 -24.08  -47.09  0.88E+00
2015  12   5   0 -24.03  -47.09  0.88E+00
2015  12   5   0 -23.98  -47.09  0.88E+00
2015  12   5   0 -23.93  -47.09  0.89E+00
2015  12   5   0 -23.88  -47.09  0.88E+00
2015  12   5   0 -23.83  -47.09  0.88E+00
2015  12   5   0 -23.73  -47.09  0.19E+01
2015  12   5   0 -23.58  -47.09  0.17E+01
2015  12   5   0 -24.08  -47.04  0.88E+00
2015  12   5   0 -24.03  -47.04  0.88E+00
2015  12   5   0 -23.98  -47.04  0.86E+00
2015  12   5   0 -23.93  -47.04  0.18E+01
2015  12   5   0 -23.83  -47.04  0.18E+01
2015  12   5   0 -23.78  -47.04  0.88E+00
2015  12   5   0 -23.63  -47.04  0.26E+01
2015  12   5   0 -23.98  -46.99  0.18E+01
2015  12   5   0 -23.93  -46.99  0.88E+00
2015  12   5   0 -23.88  -46.99  0.89E+00
2015  12   5   0 -23.73  -46.99  0.88E+00
2015  12   5   0 -23.68  -46.99  0.88E+00
2015  12   5   0 -23.53  -46.99  0.88E+00
2015  12   5   0 -24.03  -46.94  0.89E+00
2015  12   5   0 -23.93  -46.94  0.27E+01
2015  12   5   0 -23.88  -46.94  0.18E+01
2015  12   5   0 -23.83  -46.94  0.89E+00
2015  12   5   0 -23.68  -46.94  0.88E+00
2015  12   5   0 -24.08  -46.89  0.89E+00
2015  12   5   0 -24.03  -46.89  0.89E+00
2015  12   5   0 -23.98  -46.89  0.26E+01
2015  12   5   0 -23.88  -46.89  0.27E+01
2015  12   5   0 -23.78  -46.89  0.18E+01
2015  12   5   0 -23.68  -46.89  0.89E+00
2015  12   5   0 -24.08  -46.84  0.89E+00
2015  12   5   0 -24.03  -46.84  0.89E+00
2015  12   5   0 -23.98  -46.84  0.89E+00
2015  12   5   0 -23.88  -46.84  0.89E+00
2015  12   5   0 -23.83  -46.84  0.18E+01
2015  12   5   0 -23.73  -46.84  0.20E+01
2015  12   5   0 -23.68  -46.84  0.89E+00
2015  12   5   0 -23.58  -46.84  0.89E+00
2015  12   5   0 -24.08  -46.79  0.89E+00
2015  12   5   0 -23.93  -46.79  0.18E+01
2015  12   5   0 -23.88  -46.79  0.90E+00
2015  12   5   0 -23.83  -46.79  0.17E+01
2015  12   5   0 -23.78  -46.79  0.89E+00
2015  12   5   0 -23.68  -46.79  0.11E+01
2015  12   5   0 -23.63  -46.79  0.89E+00
2015  12   5   0 -24.03  -46.74  0.89E+00
2015  12   5   0 -23.98  -46.74  0.90E+00
2015  12   5   0 -23.93  -46.74  0.27E+01
2015  12   5   0 -23.88  -46.74  0.20E+01
2015  12   5   0 -23.83  -46.74  0.18E+01
2015  12   5   0 -23.78  -46.74  0.36E+01
2015  12   5   0 -23.73  -46.74  0.29E+01
2015  12   5   0 -23.63  -46.74  0.89E+00
2015  12   5   0 -23.98  -46.69  0.90E+00
2015  12   5   0 -23.93  -46.69  0.36E+01
2015  12   5   0 -23.88  -46.69  0.45E+01
2015  12   5   0 -23.83  -46.69  0.47E+01
2015  12   5   0 -23.78  -46.69  0.36E+01
2015  12   5   0 -23.73  -46.69  0.48E+01
2015  12   5   0 -23.68  -46.69  0.88E+00
2015  12   5   0 -23.93  -46.64  0.90E+00
2015  12   5   0 -23.88  -46.64  0.45E+01
2015  12   5   0 -23.83  -46.64  0.18E+01
2015  12   5   0 -23.78  -46.64  0.45E+01
2015  12   5   0 -23.73  -46.64  0.90E+00
2015  12   5   0 -23.68  -46.64  0.90E+00
2015  12   5   0 -23.88  -46.59  0.29E+01
2015  12   5   0 -23.83  -46.59  0.65E+01
2015  12   5   0 -23.78  -46.59  0.30E+01
2015  12   5   0 -23.73  -46.59  0.20E+01
2015  12   5   0 -23.68  -46.59  0.27E+01
2015  12   5   0 -23.88  -46.54  0.90E+00
2015  12   5   0 -23.83  -46.54  0.65E+01
2015  12   5   0 -23.78  -46.54  0.36E+01
2015  12   5   0 -23.68  -46.54  0.90E+00
2015  12   5   0 -23.88  -46.49  0.91E+00
2015  12   5   0 -23.83  -46.49  0.20E+02
2015  12   5   0 -23.78  -46.49  0.73E+01
2015  12   5   0 -23.83  -46.44  0.21E+02
2015  12   5   0 -23.83  -46.39  0.16E+02
