YEAR  MO  DA  HR    LAT     LON Rn2200005
2019   5  25  12 -23.88  -46.39  0.25E+00
2019   5  25  12 -23.83  -46.39  0.19E+02
2019   5  25  12 -23.88  -46.34  0.52E+01
2019   5  25  12 -23.83  -46.34  0.18E+02
2019   5  25  12 -23.78  -46.34  0.33E+00
2019   5  25  12 -23.93  -46.29  0.31E+01
2019   5  25  12 -23.88  -46.29  0.11E+02
2019   5  25  12 -23.83  -46.29  0.65E+01
2019   5  25  12 -23.78  -46.29  0.78E+00
2019   5  25  12 -23.98  -46.24  0.35E+00
2019   5  25  12 -23.93  -46.24  0.30E+01
2019   5  25  12 -23.88  -46.24  0.43E+01
2019   5  25  12 -23.83  -46.24  0.25E+01
2019   5  25  12 -23.78  -46.24  0.91E+00
2019   5  25  12 -23.73  -46.24  0.32E+00
2019   5  25  12 -23.98  -46.19  0.32E+00
2019   5  25  12 -23.93  -46.19  0.11E+01
2019   5  25  12 -23.88  -46.19  0.20E+01
2019   5  25  12 -23.83  -46.19  0.19E+01
2019   5  25  12 -23.78  -46.19  0.11E+01
2019   5  25  12 -24.13  -46.14  0.32E+00
2019   5  25  12 -24.03  -46.14  0.35E+00
2019   5  25  12 -23.98  -46.14  0.17E+01
2019   5  25  12 -23.93  -46.14  0.16E+01
2019   5  25  12 -23.88  -46.14  0.17E+01
2019   5  25  12 -23.83  -46.14  0.78E+00
2019   5  25  12 -23.78  -46.14  0.32E+00
2019   5  25  12 -23.73  -46.14  0.33E+00
2019   5  25  12 -24.08  -46.09  0.97E+00
2019   5  25  12 -23.98  -46.09  0.17E+01
2019   5  25  12 -23.93  -46.09  0.32E+00
2019   5  25  12 -23.88  -46.09  0.10E+01
2019   5  25  12 -23.83  -46.09  0.32E+00
2019   5  25  12 -23.78  -46.09  0.32E+00
2019   5  25  12 -24.13  -46.04  0.32E+00
2019   5  25  12 -24.03  -46.04  0.35E+00
2019   5  25  12 -23.98  -46.04  0.73E+00
2019   5  25  12 -23.93  -46.04  0.13E+01
2019   5  25  12 -23.88  -46.04  0.14E+01
2019   5  25  12 -23.83  -46.04  0.15E+01
2019   5  25  12 -23.78  -46.04  0.10E+01
2019   5  25  12 -23.73  -46.04  0.68E+00
2019   5  25  12 -23.93  -45.99  0.40E+00
2019   5  25  12 -23.88  -45.99  0.12E+01
2019   5  25  12 -23.78  -45.99  0.10E+01
2019   5  25  12 -23.68  -45.99  0.32E+00
2019   5  25  12 -24.23  -45.94  0.32E+00
2019   5  25  12 -24.13  -45.94  0.35E+00
2019   5  25  12 -23.93  -45.94  0.76E+00
2019   5  25  12 -23.88  -45.94  0.16E+01
2019   5  25  12 -23.83  -45.94  0.77E+00
2019   5  25  12 -23.78  -45.94  0.76E+00
2019   5  25  12 -23.68  -45.94  0.68E+00
2019   5  25  12 -24.13  -45.89  0.35E+00
2019   5  25  12 -24.08  -45.89  0.32E+00
2019   5  25  12 -24.03  -45.89  0.77E+00
2019   5  25  12 -23.93  -45.89  0.40E+00
2019   5  25  12 -23.83  -45.89  0.36E+00
2019   5  25  12 -23.78  -45.89  0.32E+00
2019   5  25  12 -23.73  -45.89  0.32E+00
2019   5  25  12 -23.68  -45.89  0.36E+00
2019   5  25  12 -24.18  -45.84  0.64E+00
2019   5  25  12 -24.08  -45.84  0.73E+00
2019   5  25  12 -23.93  -45.84  0.45E+00
2019   5  25  12 -23.88  -45.84  0.40E+00
2019   5  25  12 -23.83  -45.84  0.36E+00
2019   5  25  12 -23.78  -45.84  0.11E+01
2019   5  25  12 -24.23  -45.79  0.32E+00
2019   5  25  12 -24.08  -45.79  0.68E+00
2019   5  25  12 -24.03  -45.79  0.32E+00
2019   5  25  12 -23.93  -45.79  0.85E+00
2019   5  25  12 -23.83  -45.79  0.36E+00
2019   5  25  12 -24.38  -45.74  0.32E+00
2019   5  25  12 -24.18  -45.74  0.72E+00
2019   5  25  12 -24.13  -45.74  0.40E+00
2019   5  25  12 -24.08  -45.74  0.64E+00
2019   5  25  12 -23.98  -45.74  0.45E+00
2019   5  25  12 -23.93  -45.74  0.45E+00
2019   5  25  12 -24.33  -45.69  0.32E+00
2019   5  25  12 -24.23  -45.69  0.32E+00
2019   5  25  12 -24.03  -45.69  0.40E+00
2019   5  25  12 -23.93  -45.69  0.45E+00
2019   5  25  12 -23.78  -45.69  0.45E+00
2019   5  25  12 -23.73  -45.69  0.36E+00
2019   5  25  12 -24.13  -45.64  0.32E+00
2019   5  25  12 -23.93  -45.64  0.45E+00
2019   5  25  12 -23.83  -45.64  0.36E+00
2019   5  25  12 -24.18  -45.59  0.12E+01
2019   5  25  12 -24.08  -45.59  0.40E+00
2019   5  25  12 -24.03  -45.59  0.40E+00
2019   5  25  12 -23.88  -45.59  0.36E+00
2019   5  25  12 -24.38  -45.54  0.35E+00
2019   5  25  12 -24.33  -45.54  0.67E+00
2019   5  25  12 -24.28  -45.54  0.32E+00
2019   5  25  12 -24.23  -45.54  0.32E+00
2019   5  25  12 -24.18  -45.54  0.32E+00
2019   5  25  12 -24.13  -45.54  0.35E+00
2019   5  25  12 -24.03  -45.54  0.44E+00
2019   5  25  12 -23.93  -45.54  0.36E+00
2019   5  25  12 -24.23  -45.49  0.44E+00
2019   5  25  12 -23.93  -45.49  0.44E+00
2019   5  25  12 -24.23  -45.44  0.35E+00
2019   5  25  12 -23.98  -45.44  0.40E+00
2019   5  25  12 -24.43  -45.39  0.32E+00
2019   5  25  12 -23.88  -45.39  0.35E+00
2019   5  25  12 -23.83  -45.39  0.35E+00
2019   5  25  12 -24.18  -45.34  0.32E+00
2019   5  25  12 -23.78  -45.34  0.35E+00
2019   5  25  12 -24.13  -45.29  0.40E+00
2019   5  25  12 -23.98  -45.29  0.40E+00
2019   5  25  12 -23.93  -45.29  0.36E+00
2019   5  25  12 -24.63  -45.24  0.32E+00
2019   5  25  12 -24.18  -45.24  0.40E+00
2019   5  25  12 -24.33  -45.19  0.40E+00
2019   5  25  12 -24.08  -45.19  0.44E+00
2019   5  25  12 -24.28  -45.04  0.31E+00
2019   5  25  12 -23.98  -45.04  0.35E+00
2019   5  25  12 -24.28  -44.94  0.35E+00
2019   5  25  12 -24.03  -44.94  0.31E+00
2019   5  25  12 -24.13  -44.89  0.40E+00
2019   5  25  12 -24.13  -44.69  0.35E+00
2019   5  25  12 -24.68  -44.54  0.43E+00
2019   5  25  12 -24.48  -44.54  0.39E+00
2019   5  25  12 -24.78  -44.49  0.39E+00
2019   5  25  12 -24.68  -44.49  0.39E+00
2019   5  25  12 -24.78  -44.44  0.39E+00
2019   5  25  12 -24.03  -44.44  0.31E+00
2019   5  25  12 -24.88  -44.39  0.42E+00
2019   5  25  12 -24.78  -44.34  0.39E+00
2019   5  25  12 -24.53  -44.34  0.42E+00
2019   5  25  12 -23.68  -44.34  0.31E+00
2019   5  25  12 -24.73  -44.29  0.39E+00
2019   5  25  12 -24.48  -44.29  0.34E+00
2019   5  25  12 -23.93  -44.29  0.35E+00
2019   5  25  12 -24.58  -44.24  0.39E+00
2019   5  25  12 -24.33  -44.24  0.84E+00
2019   5  25  12 -24.13  -44.24  0.31E+00
2019   5  25  12 -25.08  -44.19  0.39E+00
2019   5  25  12 -24.73  -44.19  0.39E+00
2019   5  25  12 -24.58  -44.19  0.39E+00
2019   5  25  12 -24.03  -44.19  0.31E+00
2019   5  25  12 -24.88  -44.14  0.39E+00
2019   5  25  12 -24.58  -44.14  0.42E+00
2019   5  25  12 -25.03  -44.09  0.39E+00
2019   5  25  12 -24.63  -44.09  0.42E+00
2019   5  25  12 -24.48  -44.09  0.31E+00
2019   5  25  12 -24.33  -44.09  0.42E+00
2019   5  25  12 -24.73  -43.89  0.34E+00
2019   5  25  12 -24.73  -43.84  0.34E+00
2019   5  25  12 -24.73  -43.74  0.34E+00
2019   5  25  12 -24.53  -43.74  0.33E+00
2019   5  25  12 -24.53  -43.69  0.31E+00
2019   5  25  12 -24.33  -43.69  0.31E+00
2019   5  25  12 -25.13  -43.64  0.30E+00
2019   5  25  12 -24.48  -43.59  0.33E+00
2019   5  25  12 -24.33  -43.59  0.31E+00
2019   5  25  12 -24.48  -43.49  0.33E+00
2019   5  25  12 -24.63  -43.34  0.33E+00
2019   5  26   0 -23.83  -46.39  0.19E+02
2019   5  26   0 -23.78  -46.39  0.20E+01
2019   5  26   0 -23.83  -46.34  0.18E+02
2019   5  26   0 -23.78  -46.34  0.98E+01
2019   5  26   0 -23.73  -46.34  0.36E+01
2019   5  26   0 -23.68  -46.34  0.65E+00
2019   5  26   0 -23.58  -46.34  0.32E+00
2019   5  26   0 -23.83  -46.29  0.36E+01
2019   5  26   0 -23.78  -46.29  0.98E+01
2019   5  26   0 -23.73  -46.29  0.26E+01
2019   5  26   0 -23.68  -46.29  0.29E+01
2019   5  26   0 -23.63  -46.29  0.23E+01
2019   5  26   0 -23.58  -46.29  0.97E+00
2019   5  26   0 -23.83  -46.24  0.20E+01
2019   5  26   0 -23.78  -46.24  0.65E+01
2019   5  26   0 -23.73  -46.24  0.59E+01
2019   5  26   0 -23.68  -46.24  0.19E+01
2019   5  26   0 -23.63  -46.24  0.19E+01
2019   5  26   0 -23.58  -46.24  0.29E+01
2019   5  26   0 -23.43  -46.24  0.32E+00
2019   5  26   0 -23.38  -46.24  0.32E+00
2019   5  26   0 -23.33  -46.24  0.32E+00
2019   5  26   0 -23.28  -46.24  0.32E+00
2019   5  26   0 -23.83  -46.19  0.16E+01
2019   5  26   0 -23.78  -46.19  0.23E+01
2019   5  26   0 -23.73  -46.19  0.36E+01
2019   5  26   0 -23.68  -46.19  0.52E+01
2019   5  26   0 -23.63  -46.19  0.97E+00
2019   5  26   0 -23.58  -46.19  0.97E+00
2019   5  26   0 -23.53  -46.19  0.96E+00
2019   5  26   0 -23.48  -46.19  0.32E+00
2019   5  26   0 -23.43  -46.19  0.64E+00
2019   5  26   0 -23.83  -46.14  0.65E+00
2019   5  26   0 -23.78  -46.14  0.16E+01
2019   5  26   0 -23.73  -46.14  0.45E+01
2019   5  26   0 -23.68  -46.14  0.42E+01
2019   5  26   0 -23.63  -46.14  0.16E+01
2019   5  26   0 -23.58  -46.14  0.32E+00
2019   5  26   0 -23.53  -46.14  0.97E+00
2019   5  26   0 -23.48  -46.14  0.32E+00
2019   5  26   0 -23.43  -46.14  0.32E+00
2019   5  26   0 -23.23  -46.14  0.32E+00
2019   5  26   0 -23.98  -46.09  0.32E+00
2019   5  26   0 -23.88  -46.09  0.32E+00
2019   5  26   0 -23.83  -46.09  0.97E+00
2019   5  26   0 -23.78  -46.09  0.65E+00
2019   5  26   0 -23.73  -46.09  0.16E+01
2019   5  26   0 -23.68  -46.09  0.29E+01
2019   5  26   0 -23.63  -46.09  0.23E+01
2019   5  26   0 -23.58  -46.09  0.16E+01
2019   5  26   0 -23.53  -46.09  0.13E+01
2019   5  26   0 -23.48  -46.09  0.96E+00
2019   5  26   0 -23.43  -46.09  0.32E+00
2019   5  26   0 -23.38  -46.09  0.64E+00
2019   5  26   0 -23.83  -46.04  0.32E+00
2019   5  26   0 -23.78  -46.04  0.97E+00
2019   5  26   0 -23.73  -46.04  0.16E+01
2019   5  26   0 -23.68  -46.04  0.65E+00
2019   5  26   0 -23.63  -46.04  0.16E+01
2019   5  26   0 -23.58  -46.04  0.23E+01
2019   5  26   0 -23.53  -46.04  0.64E+00
2019   5  26   0 -23.48  -46.04  0.32E+00
2019   5  26   0 -23.43  -46.04  0.96E+00
2019   5  26   0 -23.78  -45.99  0.97E+00
2019   5  26   0 -23.73  -45.99  0.23E+01
2019   5  26   0 -23.68  -45.99  0.97E+00
2019   5  26   0 -23.63  -45.99  0.23E+01
2019   5  26   0 -23.58  -45.99  0.32E+00
2019   5  26   0 -23.53  -45.99  0.13E+01
2019   5  26   0 -23.48  -45.99  0.64E+00
2019   5  26   0 -23.38  -45.99  0.32E+00
2019   5  26   0 -23.33  -45.99  0.32E+00
2019   5  26   0 -23.28  -45.99  0.32E+00
2019   5  26   0 -22.98  -45.99  0.31E+00
2019   5  26   0 -23.83  -45.94  0.32E+00
2019   5  26   0 -23.78  -45.94  0.32E+00
2019   5  26   0 -23.73  -45.94  0.65E+00
2019   5  26   0 -23.68  -45.94  0.64E+00
2019   5  26   0 -23.58  -45.94  0.19E+01
2019   5  26   0 -23.53  -45.94  0.19E+01
2019   5  26   0 -23.43  -45.94  0.16E+01
2019   5  26   0 -23.38  -45.94  0.32E+00
2019   5  26   0 -23.33  -45.94  0.64E+00
2019   5  26   0 -23.28  -45.94  0.31E+00
2019   5  26   0 -23.83  -45.89  0.65E+00
2019   5  26   0 -23.73  -45.89  0.97E+00
2019   5  26   0 -23.68  -45.89  0.16E+01
2019   5  26   0 -23.63  -45.89  0.65E+00
2019   5  26   0 -23.58  -45.89  0.16E+01
2019   5  26   0 -23.53  -45.89  0.16E+01
2019   5  26   0 -23.48  -45.89  0.16E+01
2019   5  26   0 -23.43  -45.89  0.96E+00
2019   5  26   0 -23.33  -45.89  0.32E+00
2019   5  26   0 -23.23  -45.89  0.63E+00
2019   5  26   0 -23.08  -45.89  0.31E+00
2019   5  26   0 -23.83  -45.84  0.10E+01
2019   5  26   0 -23.78  -45.84  0.64E+00
2019   5  26   0 -23.73  -45.84  0.13E+01
2019   5  26   0 -23.68  -45.84  0.16E+01
2019   5  26   0 -23.63  -45.84  0.64E+00
2019   5  26   0 -23.58  -45.84  0.64E+00
2019   5  26   0 -23.53  -45.84  0.19E+01
2019   5  26   0 -23.48  -45.84  0.64E+00
2019   5  26   0 -23.43  -45.84  0.96E+00
2019   5  26   0 -23.38  -45.84  0.64E+00
2019   5  26   0 -23.28  -45.84  0.32E+00
2019   5  26   0 -23.83  -45.79  0.32E+00
2019   5  26   0 -23.73  -45.79  0.32E+00
2019   5  26   0 -23.68  -45.79  0.96E+00
2019   5  26   0 -23.63  -45.79  0.64E+00
2019   5  26   0 -23.58  -45.79  0.13E+01
2019   5  26   0 -23.53  -45.79  0.19E+01
2019   5  26   0 -23.48  -45.79  0.13E+01
2019   5  26   0 -23.43  -45.79  0.13E+01
2019   5  26   0 -23.38  -45.79  0.63E+00
2019   5  26   0 -23.33  -45.79  0.32E+00
2019   5  26   0 -23.23  -45.79  0.32E+00
2019   5  26   0 -23.18  -45.79  0.63E+00
2019   5  26   0 -23.73  -45.74  0.32E+00
2019   5  26   0 -23.68  -45.74  0.32E+00
2019   5  26   0 -23.63  -45.74  0.64E+00
2019   5  26   0 -23.58  -45.74  0.64E+00
2019   5  26   0 -23.53  -45.74  0.96E+00
2019   5  26   0 -23.48  -45.74  0.13E+01
2019   5  26   0 -23.43  -45.74  0.64E+00
2019   5  26   0 -23.38  -45.74  0.64E+00
2019   5  26   0 -23.33  -45.74  0.32E+00
2019   5  26   0 -23.28  -45.74  0.13E+01
2019   5  26   0 -23.23  -45.74  0.63E+00
2019   5  26   0 -23.18  -45.74  0.63E+00
2019   5  26   0 -23.13  -45.74  0.32E+00
2019   5  26   0 -23.73  -45.69  0.68E+00
2019   5  26   0 -23.68  -45.69  0.32E+00
2019   5  26   0 -23.63  -45.69  0.32E+00
2019   5  26   0 -23.58  -45.69  0.32E+00
2019   5  26   0 -23.53  -45.69  0.64E+00
2019   5  26   0 -23.48  -45.69  0.64E+00
2019   5  26   0 -23.43  -45.69  0.96E+00
2019   5  26   0 -23.38  -45.69  0.13E+01
2019   5  26   0 -23.33  -45.69  0.32E+00
2019   5  26   0 -23.28  -45.69  0.32E+00
2019   5  26   0 -23.23  -45.69  0.32E+00
2019   5  26   0 -23.18  -45.69  0.31E+00
2019   5  26   0 -23.13  -45.69  0.31E+00
2019   5  26   0 -23.83  -45.64  0.36E+00
2019   5  26   0 -23.73  -45.64  0.71E+00
2019   5  26   0 -23.68  -45.64  0.64E+00
2019   5  26   0 -23.58  -45.64  0.64E+00
2019   5  26   0 -23.53  -45.64  0.64E+00
2019   5  26   0 -23.48  -45.64  0.19E+01
2019   5  26   0 -23.43  -45.64  0.22E+01
2019   5  26   0 -23.38  -45.64  0.95E+00
2019   5  26   0 -23.23  -45.64  0.63E+00
2019   5  26   0 -23.18  -45.64  0.31E+00
2019   5  26   0 -23.13  -45.64  0.63E+00
2019   5  26   0 -23.08  -45.64  0.31E+00
2019   5  26   0 -23.03  -45.64  0.31E+00
2019   5  26   0 -23.93  -45.59  0.32E+00
2019   5  26   0 -23.73  -45.59  0.32E+00
2019   5  26   0 -23.68  -45.59  0.35E+00
2019   5  26   0 -23.63  -45.59  0.32E+00
2019   5  26   0 -23.53  -45.59  0.96E+00
2019   5  26   0 -23.48  -45.59  0.32E+00
2019   5  26   0 -23.43  -45.59  0.16E+01
2019   5  26   0 -23.38  -45.59  0.16E+01
2019   5  26   0 -23.33  -45.59  0.63E+00
2019   5  26   0 -23.28  -45.59  0.31E+00
2019   5  26   0 -23.23  -45.59  0.16E+01
2019   5  26   0 -23.18  -45.59  0.63E+00
2019   5  26   0 -23.13  -45.59  0.94E+00
2019   5  26   0 -23.08  -45.59  0.31E+00
2019   5  26   0 -23.73  -45.54  0.36E+00
2019   5  26   0 -23.68  -45.54  0.32E+00
2019   5  26   0 -23.63  -45.54  0.32E+00
2019   5  26   0 -23.58  -45.54  0.32E+00
2019   5  26   0 -23.53  -45.54  0.16E+01
2019   5  26   0 -23.48  -45.54  0.13E+01
2019   5  26   0 -23.43  -45.54  0.13E+01
2019   5  26   0 -23.38  -45.54  0.63E+00
2019   5  26   0 -23.33  -45.54  0.13E+01
2019   5  26   0 -23.28  -45.54  0.32E+00
2019   5  26   0 -23.23  -45.54  0.94E+00
2019   5  26   0 -23.18  -45.54  0.94E+00
2019   5  26   0 -23.13  -45.54  0.32E+00
2019   5  26   0 -23.08  -45.54  0.63E+00
2019   5  26   0 -23.03  -45.54  0.31E+00
2019   5  26   0 -22.98  -45.54  0.31E+00
2019   5  26   0 -22.88  -45.54  0.31E+00
2019   5  26   0 -23.73  -45.49  0.32E+00
2019   5  26   0 -23.68  -45.49  0.35E+00
2019   5  26   0 -23.63  -45.49  0.99E+00
2019   5  26   0 -23.58  -45.49  0.32E+00
2019   5  26   0 -23.53  -45.49  0.95E+00
2019   5  26   0 -23.48  -45.49  0.22E+01
2019   5  26   0 -23.43  -45.49  0.64E+00
2019   5  26   0 -23.38  -45.49  0.32E+00
2019   5  26   0 -23.33  -45.49  0.32E+00
2019   5  26   0 -23.28  -45.49  0.32E+00
2019   5  26   0 -23.23  -45.49  0.63E+00
2019   5  26   0 -23.18  -45.49  0.94E+00
2019   5  26   0 -23.13  -45.49  0.31E+00
2019   5  26   0 -23.08  -45.49  0.31E+00
2019   5  26   0 -23.03  -45.49  0.63E+00
2019   5  26   0 -22.98  -45.49  0.31E+00
2019   5  26   0 -22.93  -45.49  0.31E+00
2019   5  26   0 -23.78  -45.44  0.35E+00
2019   5  26   0 -23.73  -45.44  0.32E+00
2019   5  26   0 -23.68  -45.44  0.32E+00
2019   5  26   0 -23.63  -45.44  0.32E+00
2019   5  26   0 -23.58  -45.44  0.64E+00
2019   5  26   0 -23.53  -45.44  0.32E+00
2019   5  26   0 -23.48  -45.44  0.32E+00
2019   5  26   0 -23.38  -45.44  0.32E+00
2019   5  26   0 -23.33  -45.44  0.95E+00
2019   5  26   0 -23.28  -45.44  0.31E+00
2019   5  26   0 -23.23  -45.44  0.13E+01
2019   5  26   0 -23.18  -45.44  0.31E+00
2019   5  26   0 -23.13  -45.44  0.31E+00
2019   5  26   0 -23.08  -45.44  0.31E+00
2019   5  26   0 -23.03  -45.44  0.31E+00
2019   5  26   0 -22.93  -45.44  0.62E+00
2019   5  26   0 -22.88  -45.44  0.62E+00
2019   5  26   0 -23.73  -45.39  0.67E+00
2019   5  26   0 -23.58  -45.39  0.95E+00
2019   5  26   0 -23.53  -45.39  0.32E+00
2019   5  26   0 -23.48  -45.39  0.32E+00
2019   5  26   0 -23.43  -45.39  0.32E+00
2019   5  26   0 -23.38  -45.39  0.16E+01
2019   5  26   0 -23.23  -45.39  0.32E+00
2019   5  26   0 -23.08  -45.39  0.62E+00
2019   5  26   0 -23.03  -45.39  0.31E+00
2019   5  26   0 -22.98  -45.39  0.31E+00
2019   5  26   0 -22.93  -45.39  0.31E+00
2019   5  26   0 -23.78  -45.34  0.32E+00
2019   5  26   0 -23.63  -45.34  0.98E+00
2019   5  26   0 -23.53  -45.34  0.32E+00
2019   5  26   0 -23.48  -45.34  0.32E+00
2019   5  26   0 -23.43  -45.34  0.63E+00
2019   5  26   0 -23.38  -45.34  0.63E+00
2019   5  26   0 -23.33  -45.34  0.32E+00
2019   5  26   0 -23.28  -45.34  0.63E+00
2019   5  26   0 -23.23  -45.34  0.31E+00
2019   5  26   0 -23.18  -45.34  0.62E+00
2019   5  26   0 -23.08  -45.34  0.62E+00
2019   5  26   0 -23.03  -45.34  0.31E+00
2019   5  26   0 -22.98  -45.34  0.31E+00
2019   5  26   0 -22.88  -45.34  0.31E+00
2019   5  26   0 -23.73  -45.29  0.35E+00
2019   5  26   0 -23.58  -45.29  0.32E+00
2019   5  26   0 -23.48  -45.29  0.95E+00
2019   5  26   0 -23.43  -45.29  0.31E+00
2019   5  26   0 -23.38  -45.29  0.13E+01
2019   5  26   0 -23.33  -45.29  0.13E+01
2019   5  26   0 -23.28  -45.29  0.13E+01
2019   5  26   0 -23.23  -45.29  0.13E+01
2019   5  26   0 -23.13  -45.29  0.31E+00
2019   5  26   0 -23.08  -45.29  0.31E+00
2019   5  26   0 -23.03  -45.29  0.62E+00
2019   5  26   0 -22.98  -45.29  0.31E+00
2019   5  26   0 -23.73  -45.24  0.35E+00
2019   5  26   0 -23.63  -45.24  0.63E+00
2019   5  26   0 -23.48  -45.24  0.63E+00
2019   5  26   0 -23.43  -45.24  0.16E+01
2019   5  26   0 -23.38  -45.24  0.31E+00
2019   5  26   0 -23.33  -45.24  0.16E+01
2019   5  26   0 -23.28  -45.24  0.31E+00
2019   5  26   0 -23.18  -45.24  0.31E+00
2019   5  26   0 -23.08  -45.24  0.31E+00
2019   5  26   0 -23.03  -45.24  0.31E+00
2019   5  26   0 -22.98  -45.24  0.31E+00
2019   5  26   0 -23.88  -45.19  0.35E+00
2019   5  26   0 -23.73  -45.19  0.64E+00
2019   5  26   0 -23.63  -45.19  0.32E+00
2019   5  26   0 -23.58  -45.19  0.67E+00
2019   5  26   0 -23.53  -45.19  0.63E+00
2019   5  26   0 -23.48  -45.19  0.95E+00
2019   5  26   0 -23.43  -45.19  0.63E+00
2019   5  26   0 -23.38  -45.19  0.63E+00
2019   5  26   0 -23.33  -45.19  0.32E+00
2019   5  26   0 -23.28  -45.19  0.94E+00
2019   5  26   0 -23.23  -45.19  0.94E+00
2019   5  26   0 -23.13  -45.19  0.94E+00
2019   5  26   0 -23.08  -45.19  0.31E+00
2019   5  26   0 -22.98  -45.19  0.62E+00
2019   5  26   0 -23.78  -45.14  0.35E+00
2019   5  26   0 -23.73  -45.14  0.67E+00
2019   5  26   0 -23.63  -45.14  0.31E+00
2019   5  26   0 -23.58  -45.14  0.35E+00
2019   5  26   0 -23.53  -45.14  0.63E+00
2019   5  26   0 -23.48  -45.14  0.32E+00
2019   5  26   0 -23.43  -45.14  0.98E+00
2019   5  26   0 -23.33  -45.14  0.63E+00
2019   5  26   0 -23.28  -45.14  0.63E+00
2019   5  26   0 -23.23  -45.14  0.13E+01
2019   5  26   0 -23.18  -45.14  0.31E+00
2019   5  26   0 -23.08  -45.14  0.62E+00
2019   5  26   0 -23.03  -45.14  0.31E+00
2019   5  26   0 -22.88  -45.14  0.93E+00
2019   5  26   0 -22.83  -45.14  0.31E+00
2019   5  26   0 -23.68  -45.09  0.13E+01
2019   5  26   0 -23.53  -45.09  0.35E+00
2019   5  26   0 -23.43  -45.09  0.98E+00
2019   5  26   0 -23.38  -45.09  0.31E+00
2019   5  26   0 -23.33  -45.09  0.63E+00
2019   5  26   0 -23.28  -45.09  0.13E+01
2019   5  26   0 -23.18  -45.09  0.63E+00
2019   5  26   0 -23.08  -45.09  0.31E+00
2019   5  26   0 -22.83  -45.09  0.31E+00
2019   5  26   0 -22.78  -45.09  0.31E+00
2019   5  26   0 -23.73  -45.04  0.35E+00
2019   5  26   0 -23.53  -45.04  0.32E+00
2019   5  26   0 -23.48  -45.04  0.31E+00
2019   5  26   0 -23.43  -45.04  0.66E+00
2019   5  26   0 -23.38  -45.04  0.31E+00
2019   5  26   0 -23.23  -45.04  0.62E+00
2019   5  26   0 -23.13  -45.04  0.31E+00
2019   5  26   0 -23.08  -45.04  0.31E+00
2019   5  26   0 -23.03  -45.04  0.62E+00
2019   5  26   0 -22.98  -45.04  0.31E+00
2019   5  26   0 -22.93  -45.04  0.62E+00
2019   5  26   0 -23.48  -44.99  0.31E+00
2019   5  26   0 -23.38  -44.99  0.31E+00
2019   5  26   0 -23.33  -44.99  0.31E+00
2019   5  26   0 -23.28  -44.99  0.62E+00
2019   5  26   0 -23.23  -44.99  0.31E+00
2019   5  26   0 -23.18  -44.99  0.31E+00
2019   5  26   0 -23.03  -44.99  0.31E+00
2019   5  26   0 -22.98  -44.99  0.31E+00
2019   5  26   0 -22.68  -44.99  0.31E+00
2019   5  26   0 -23.83  -44.94  0.35E+00
2019   5  26   0 -23.78  -44.94  0.35E+00
2019   5  26   0 -23.73  -44.94  0.32E+00
2019   5  26   0 -23.68  -44.94  0.32E+00
2019   5  26   0 -23.63  -44.94  0.35E+00
2019   5  26   0 -23.38  -44.94  0.63E+00
2019   5  26   0 -23.33  -44.94  0.31E+00
2019   5  26   0 -23.28  -44.94  0.31E+00
2019   5  26   0 -23.13  -44.94  0.94E+00
2019   5  26   0 -23.08  -44.94  0.31E+00
2019   5  26   0 -23.03  -44.94  0.12E+01
2019   5  26   0 -22.98  -44.94  0.31E+00
2019   5  26   0 -22.88  -44.94  0.31E+00
2019   5  26   0 -23.48  -44.89  0.31E+00
2019   5  26   0 -23.43  -44.89  0.31E+00
2019   5  26   0 -23.33  -44.89  0.63E+00
2019   5  26   0 -23.28  -44.89  0.31E+00
2019   5  26   0 -23.08  -44.89  0.31E+00
2019   5  26   0 -23.03  -44.89  0.31E+00
2019   5  26   0 -22.88  -44.89  0.31E+00
2019   5  26   0 -22.83  -44.89  0.92E+00
2019   5  26   0 -22.78  -44.89  0.91E+00
2019   5  26   0 -22.73  -44.89  0.31E+00
2019   5  26   0 -23.83  -44.84  0.35E+00
2019   5  26   0 -23.58  -44.84  0.35E+00
2019   5  26   0 -23.53  -44.84  0.31E+00
2019   5  26   0 -23.48  -44.84  0.63E+00
2019   5  26   0 -23.43  -44.84  0.31E+00
2019   5  26   0 -23.28  -44.84  0.31E+00
2019   5  26   0 -23.23  -44.84  0.62E+00
2019   5  26   0 -23.18  -44.84  0.62E+00
2019   5  26   0 -23.13  -44.84  0.12E+01
2019   5  26   0 -23.03  -44.84  0.31E+00
2019   5  26   0 -22.83  -44.84  0.61E+00
2019   5  26   0 -24.03  -44.79  0.31E+00
2019   5  26   0 -23.68  -44.79  0.34E+00
2019   5  26   0 -23.63  -44.79  0.31E+00
2019   5  26   0 -23.58  -44.79  0.34E+00
2019   5  26   0 -23.53  -44.79  0.35E+00
2019   5  26   0 -23.33  -44.79  0.31E+00
2019   5  26   0 -23.18  -44.79  0.31E+00
2019   5  26   0 -23.13  -44.79  0.12E+01
2019   5  26   0 -23.08  -44.79  0.31E+00
2019   5  26   0 -22.98  -44.79  0.31E+00
2019   5  26   0 -22.73  -44.79  0.31E+00
2019   5  26   0 -22.58  -44.79  0.30E+00
2019   5  26   0 -24.08  -44.74  0.35E+00
2019   5  26   0 -23.88  -44.74  0.35E+00
2019   5  26   0 -23.78  -44.74  0.34E+00
2019   5  26   0 -23.63  -44.74  0.34E+00
2019   5  26   0 -23.58  -44.74  0.62E+00
2019   5  26   0 -23.53  -44.74  0.31E+00
2019   5  26   0 -23.48  -44.74  0.35E+00
2019   5  26   0 -23.38  -44.74  0.62E+00
2019   5  26   0 -23.28  -44.74  0.12E+01
2019   5  26   0 -23.13  -44.74  0.31E+00
2019   5  26   0 -23.08  -44.74  0.31E+00
2019   5  26   0 -23.03  -44.74  0.31E+00
2019   5  26   0 -22.98  -44.74  0.61E+00
2019   5  26   0 -22.78  -44.74  0.31E+00
2019   5  26   0 -23.78  -44.69  0.35E+00
2019   5  26   0 -23.63  -44.69  0.97E+00
2019   5  26   0 -23.53  -44.69  0.31E+00
2019   5  26   0 -23.43  -44.69  0.19E+01
2019   5  26   0 -23.23  -44.69  0.31E+00
2019   5  26   0 -23.18  -44.69  0.62E+00
2019   5  26   0 -23.13  -44.69  0.93E+00
2019   5  26   0 -23.08  -44.69  0.61E+00
2019   5  26   0 -23.03  -44.69  0.31E+00
2019   5  26   0 -22.98  -44.69  0.31E+00
2019   5  26   0 -23.78  -44.64  0.35E+00
2019   5  26   0 -23.73  -44.64  0.35E+00
2019   5  26   0 -23.63  -44.64  0.34E+00
2019   5  26   0 -23.48  -44.64  0.35E+00
2019   5  26   0 -23.43  -44.64  0.31E+00
2019   5  26   0 -23.33  -44.64  0.62E+00
2019   5  26   0 -23.28  -44.64  0.31E+00
2019   5  26   0 -23.18  -44.64  0.62E+00
2019   5  26   0 -22.93  -44.64  0.31E+00
2019   5  26   0 -22.88  -44.64  0.31E+00
2019   5  26   0 -24.13  -44.59  0.31E+00
2019   5  26   0 -23.58  -44.59  0.31E+00
2019   5  26   0 -23.48  -44.59  0.35E+00
2019   5  26   0 -23.43  -44.59  0.31E+00
2019   5  26   0 -23.38  -44.59  0.65E+00
2019   5  26   0 -23.08  -44.59  0.31E+00
2019   5  26   0 -23.03  -44.59  0.31E+00
2019   5  26   0 -22.93  -44.59  0.61E+00
2019   5  26   0 -22.88  -44.59  0.31E+00
2019   5  26   0 -22.73  -44.59  0.31E+00
2019   5  26   0 -23.78  -44.54  0.35E+00
2019   5  26   0 -23.58  -44.54  0.31E+00
2019   5  26   0 -23.48  -44.54  0.31E+00
2019   5  26   0 -23.23  -44.54  0.31E+00
2019   5  26   0 -23.18  -44.54  0.31E+00
2019   5  26   0 -23.08  -44.54  0.93E+00
2019   5  26   0 -22.98  -44.54  0.31E+00
2019   5  26   0 -22.88  -44.54  0.31E+00
2019   5  26   0 -22.78  -44.54  0.30E+00
2019   5  26   0 -22.58  -44.54  0.30E+00
2019   5  26   0 -23.63  -44.49  0.35E+00
2019   5  26   0 -23.53  -44.49  0.31E+00
2019   5  26   0 -23.48  -44.49  0.31E+00
2019   5  26   0 -23.43  -44.49  0.31E+00
2019   5  26   0 -23.28  -44.49  0.31E+00
2019   5  26   0 -23.23  -44.49  0.31E+00
2019   5  26   0 -23.18  -44.49  0.31E+00
2019   5  26   0 -23.03  -44.49  0.93E+00
2019   5  26   0 -22.98  -44.49  0.30E+00
2019   5  26   0 -22.93  -44.49  0.61E+00
2019   5  26   0 -22.88  -44.49  0.31E+00
2019   5  26   0 -22.83  -44.49  0.30E+00
2019   5  26   0 -23.68  -44.44  0.34E+00
2019   5  26   0 -23.43  -44.44  0.31E+00
2019   5  26   0 -23.23  -44.44  0.65E+00
2019   5  26   0 -23.18  -44.44  0.61E+00
2019   5  26   0 -23.13  -44.44  0.92E+00
2019   5  26   0 -23.08  -44.44  0.31E+00
2019   5  26   0 -22.98  -44.44  0.31E+00
2019   5  26   0 -22.78  -44.44  0.30E+00
2019   5  26   0 -22.53  -44.44  0.30E+00
2019   5  26   0 -23.73  -44.39  0.35E+00
2019   5  26   0 -23.38  -44.39  0.34E+00
2019   5  26   0 -23.33  -44.39  0.34E+00
2019   5  26   0 -23.28  -44.39  0.31E+00
2019   5  26   0 -23.23  -44.39  0.31E+00
2019   5  26   0 -23.18  -44.39  0.30E+00
2019   5  26   0 -23.13  -44.39  0.61E+00
2019   5  26   0 -23.03  -44.39  0.31E+00
2019   5  26   0 -22.98  -44.39  0.91E+00
2019   5  26   0 -22.93  -44.39  0.61E+00
2019   5  26   0 -22.83  -44.39  0.31E+00
2019   5  26   0 -22.73  -44.39  0.61E+00
2019   5  26   0 -22.68  -44.39  0.30E+00
2019   5  26   0 -23.78  -44.34  0.31E+00
2019   5  26   0 -23.73  -44.34  0.35E+00
2019   5  26   0 -23.58  -44.34  0.34E+00
2019   5  26   0 -23.43  -44.34  0.34E+00
2019   5  26   0 -23.28  -44.34  0.31E+00
2019   5  26   0 -23.23  -44.34  0.31E+00
2019   5  26   0 -23.08  -44.34  0.62E+00
2019   5  26   0 -23.03  -44.34  0.31E+00
2019   5  26   0 -22.93  -44.34  0.61E+00
2019   5  26   0 -22.88  -44.34  0.61E+00
2019   5  26   0 -22.83  -44.34  0.30E+00
2019   5  26   0 -22.78  -44.34  0.30E+00
2019   5  26   0 -22.73  -44.34  0.30E+00
2019   5  26   0 -22.48  -44.34  0.60E+00
2019   5  26   0 -23.78  -44.29  0.34E+00
2019   5  26   0 -23.73  -44.29  0.35E+00
2019   5  26   0 -23.48  -44.29  0.34E+00
2019   5  26   0 -23.43  -44.29  0.31E+00
2019   5  26   0 -23.38  -44.29  0.65E+00
2019   5  26   0 -23.28  -44.29  0.34E+00
2019   5  26   0 -23.23  -44.29  0.34E+00
2019   5  26   0 -23.18  -44.29  0.31E+00
2019   5  26   0 -23.13  -44.29  0.31E+00
2019   5  26   0 -23.08  -44.29  0.31E+00
2019   5  26   0 -23.03  -44.29  0.31E+00
2019   5  26   0 -22.93  -44.29  0.61E+00
2019   5  26   0 -22.88  -44.29  0.31E+00
2019   5  26   0 -22.78  -44.29  0.61E+00
2019   5  26   0 -22.63  -44.29  0.30E+00
2019   5  26   0 -22.58  -44.29  0.31E+00
2019   5  26   0 -22.48  -44.29  0.30E+00
2019   5  26   0 -23.58  -44.24  0.34E+00
2019   5  26   0 -23.48  -44.24  0.34E+00
2019   5  26   0 -23.38  -44.24  0.10E+01
2019   5  26   0 -23.33  -44.24  0.31E+00
2019   5  26   0 -23.18  -44.24  0.31E+00
2019   5  26   0 -23.13  -44.24  0.31E+00
2019   5  26   0 -23.08  -44.24  0.62E+00
2019   5  26   0 -22.93  -44.24  0.61E+00
2019   5  26   0 -22.78  -44.24  0.61E+00
2019   5  26   0 -22.73  -44.24  0.91E+00
2019   5  26   0 -24.18  -44.19  0.31E+00
2019   5  26   0 -23.83  -44.19  0.65E+00
2019   5  26   0 -23.73  -44.19  0.35E+00
2019   5  26   0 -23.53  -44.19  0.34E+00
2019   5  26   0 -23.48  -44.19  0.34E+00
2019   5  26   0 -23.23  -44.19  0.31E+00
2019   5  26   0 -23.18  -44.19  0.62E+00
2019   5  26   0 -23.13  -44.19  0.31E+00
2019   5  26   0 -22.93  -44.19  0.61E+00
2019   5  26   0 -22.83  -44.19  0.30E+00
2019   5  26   0 -24.13  -44.14  0.31E+00
2019   5  26   0 -23.33  -44.14  0.34E+00
2019   5  26   0 -23.23  -44.14  0.31E+00
2019   5  26   0 -23.18  -44.14  0.61E+00
2019   5  26   0 -22.78  -44.14  0.30E+00
2019   5  26   0 -22.68  -44.14  0.30E+00
2019   5  26   0 -22.48  -44.14  0.91E+00
2019   5  26   0 -24.08  -44.09  0.31E+00
2019   5  26   0 -23.83  -44.09  0.65E+00
2019   5  26   0 -23.63  -44.09  0.34E+00
2019   5  26   0 -23.23  -44.09  0.31E+00
2019   5  26   0 -23.18  -44.09  0.31E+00
2019   5  26   0 -22.93  -44.09  0.91E+00
2019   5  26   0 -22.83  -44.09  0.30E+00
2019   5  26   0 -22.68  -44.09  0.30E+00
2019   5  26   0 -22.63  -44.09  0.30E+00
2019   5  26   0 -23.73  -44.04  0.34E+00
2019   5  26   0 -23.68  -44.04  0.34E+00
2019   5  26   0 -23.63  -44.04  0.34E+00
2019   5  26   0 -23.43  -44.04  0.30E+00
2019   5  26   0 -23.38  -44.04  0.62E+00
2019   5  26   0 -23.33  -44.04  0.31E+00
2019   5  26   0 -22.98  -44.04  0.30E+00
2019   5  26   0 -22.93  -44.04  0.61E+00
2019   5  26   0 -22.88  -44.04  0.30E+00
2019   5  26   0 -22.78  -44.04  0.30E+00
2019   5  26   0 -22.73  -44.04  0.60E+00
2019   5  26   0 -24.03  -43.99  0.31E+00
2019   5  26   0 -23.48  -43.99  0.34E+00
2019   5  26   0 -23.38  -43.99  0.31E+00
2019   5  26   0 -23.33  -43.99  0.13E+01
2019   5  26   0 -23.28  -43.99  0.31E+00
2019   5  26   0 -23.23  -43.99  0.65E+00
2019   5  26   0 -23.18  -43.99  0.61E+00
2019   5  26   0 -23.13  -43.99  0.64E+00
2019   5  26   0 -23.08  -43.99  0.60E+00
2019   5  26   0 -23.03  -43.99  0.30E+00
2019   5  26   0 -22.98  -43.99  0.30E+00
2019   5  26   0 -22.68  -43.99  0.60E+00
2019   5  26   0 -22.63  -43.99  0.30E+00
2019   5  26   0 -23.38  -43.94  0.34E+00
2019   5  26   0 -23.28  -43.94  0.68E+00
2019   5  26   0 -23.23  -43.94  0.31E+00
2019   5  26   0 -23.13  -43.94  0.92E+00
2019   5  26   0 -23.08  -43.94  0.30E+00
2019   5  26   0 -23.03  -43.94  0.94E+00
2019   5  26   0 -22.98  -43.94  0.91E+00
2019   5  26   0 -22.93  -43.94  0.61E+00
2019   5  26   0 -22.83  -43.94  0.60E+00
2019   5  26   0 -22.73  -43.94  0.60E+00
2019   5  26   0 -22.63  -43.94  0.60E+00
2019   5  26   0 -22.58  -43.94  0.30E+00
2019   5  26   0 -24.58  -43.89  0.30E+00
2019   5  26   0 -24.33  -43.89  0.31E+00
2019   5  26   0 -24.23  -43.89  0.31E+00
2019   5  26   0 -24.08  -43.89  0.34E+00
2019   5  26   0 -23.68  -43.89  0.34E+00
2019   5  26   0 -23.33  -43.89  0.31E+00
2019   5  26   0 -23.03  -43.89  0.31E+00
2019   5  26   0 -22.93  -43.89  0.60E+00
2019   5  26   0 -22.88  -43.89  0.30E+00
2019   5  26   0 -22.68  -43.89  0.30E+00
2019   5  26   0 -24.18  -43.84  0.31E+00
2019   5  26   0 -24.08  -43.84  0.31E+00
2019   5  26   0 -23.58  -43.84  0.34E+00
2019   5  26   0 -23.53  -43.84  0.68E+00
2019   5  26   0 -23.48  -43.84  0.68E+00
2019   5  26   0 -23.43  -43.84  0.34E+00
2019   5  26   0 -23.28  -43.84  0.34E+00
2019   5  26   0 -23.03  -43.84  0.30E+00
2019   5  26   0 -22.93  -43.84  0.30E+00
2019   5  26   0 -22.83  -43.84  0.30E+00
2019   5  26   0 -22.63  -43.84  0.30E+00
2019   5  26   0 -22.53  -43.84  0.30E+00
2019   5  26   0 -24.38  -43.79  0.33E+00
2019   5  26   0 -24.33  -43.79  0.31E+00
2019   5  26   0 -24.28  -43.79  0.31E+00
2019   5  26   0 -23.78  -43.79  0.34E+00
2019   5  26   0 -23.53  -43.79  0.34E+00
2019   5  26   0 -23.38  -43.79  0.30E+00
2019   5  26   0 -23.28  -43.79  0.30E+00
2019   5  26   0 -22.58  -43.79  0.59E+00
2019   5  26   0 -24.28  -43.74  0.31E+00
2019   5  26   0 -24.18  -43.74  0.31E+00
2019   5  26   0 -23.63  -43.74  0.30E+00
2019   5  26   0 -23.43  -43.74  0.34E+00
2019   5  26   0 -23.23  -43.74  0.34E+00
2019   5  26   0 -23.13  -43.74  0.30E+00
2019   5  26   0 -23.08  -43.74  0.30E+00
2019   5  26   0 -22.98  -43.74  0.60E+00
2019   5  26   0 -22.93  -43.74  0.30E+00
2019   5  26   0 -22.88  -43.74  0.30E+00
2019   5  26   0 -22.83  -43.74  0.60E+00
2019   5  26   0 -22.73  -43.74  0.30E+00
2019   5  26   0 -22.58  -43.74  0.60E+00
2019   5  26   0 -22.53  -43.74  0.30E+00
2019   5  26   0 -22.48  -43.74  0.59E+00
2019   5  26   0 -22.33  -43.74  0.30E+00
2019   5  26   0 -24.53  -43.69  0.31E+00
2019   5  26   0 -24.23  -43.69  0.31E+00
2019   5  26   0 -24.13  -43.69  0.31E+00
2019   5  26   0 -23.68  -43.69  0.68E+00
2019   5  26   0 -23.28  -43.69  0.31E+00
2019   5  26   0 -23.08  -43.69  0.33E+00
2019   5  26   0 -22.68  -43.69  0.30E+00
2019   5  26   0 -22.48  -43.69  0.30E+00
2019   5  26   0 -24.38  -43.64  0.66E+00
2019   5  26   0 -24.28  -43.64  0.31E+00
2019   5  26   0 -24.08  -43.64  0.34E+00
2019   5  26   0 -23.78  -43.64  0.68E+00
2019   5  26   0 -23.48  -43.64  0.31E+00
2019   5  26   0 -23.43  -43.64  0.34E+00
2019   5  26   0 -23.38  -43.64  0.34E+00
2019   5  26   0 -23.33  -43.64  0.34E+00
2019   5  26   0 -23.28  -43.64  0.34E+00
2019   5  26   0 -23.18  -43.64  0.34E+00
2019   5  26   0 -23.03  -43.64  0.30E+00
2019   5  26   0 -22.78  -43.64  0.60E+00
2019   5  26   0 -22.73  -43.64  0.30E+00
2019   5  26   0 -22.63  -43.64  0.90E+00
2019   5  26   0 -22.58  -43.64  0.59E+00
2019   5  26   0 -22.53  -43.64  0.30E+00
2019   5  26   0 -22.43  -43.64  0.60E+00
2019   5  26   0 -22.38  -43.64  0.30E+00
2019   5  26   0 -22.28  -43.64  0.30E+00
2019   5  26   0 -24.33  -43.59  0.31E+00
2019   5  26   0 -24.28  -43.59  0.92E+00
2019   5  26   0 -23.98  -43.59  0.30E+00
2019   5  26   0 -23.88  -43.59  0.61E+00
2019   5  26   0 -23.78  -43.59  0.34E+00
2019   5  26   0 -23.58  -43.59  0.34E+00
2019   5  26   0 -23.33  -43.59  0.68E+00
2019   5  26   0 -23.28  -43.59  0.10E+01
2019   5  26   0 -23.03  -43.59  0.67E+00
2019   5  26   0 -22.83  -43.59  0.30E+00
2019   5  26   0 -22.73  -43.59  0.30E+00
2019   5  26   0 -22.63  -43.59  0.30E+00
2019   5  26   0 -22.28  -43.59  0.29E+00
2019   5  26   0 -24.28  -43.54  0.31E+00
2019   5  26   0 -24.23  -43.54  0.31E+00
2019   5  26   0 -23.88  -43.54  0.30E+00
2019   5  26   0 -23.58  -43.54  0.34E+00
2019   5  26   0 -23.53  -43.54  0.34E+00
2019   5  26   0 -23.38  -43.54  0.34E+00
2019   5  26   0 -23.28  -43.54  0.34E+00
2019   5  26   0 -23.23  -43.54  0.30E+00
2019   5  26   0 -23.18  -43.54  0.33E+00
2019   5  26   0 -23.08  -43.54  0.34E+00
2019   5  26   0 -22.88  -43.54  0.60E+00
2019   5  26   0 -22.78  -43.54  0.60E+00
2019   5  26   0 -22.73  -43.54  0.30E+00
2019   5  26   0 -22.68  -43.54  0.30E+00
2019   5  26   0 -22.63  -43.54  0.30E+00
2019   5  26   0 -22.58  -43.54  0.60E+00
2019   5  26   0 -22.48  -43.54  0.30E+00
2019   5  26   0 -22.38  -43.54  0.30E+00
2019   5  26   0 -22.33  -43.54  0.30E+00
2019   5  26   0 -24.78  -43.49  0.66E+00
2019   5  26   0 -24.38  -43.49  0.30E+00
2019   5  26   0 -24.33  -43.49  0.33E+00
2019   5  26   0 -24.28  -43.49  0.30E+00
2019   5  26   0 -23.73  -43.49  0.30E+00
2019   5  26   0 -23.43  -43.49  0.34E+00
2019   5  26   0 -23.38  -43.49  0.33E+00
2019   5  26   0 -23.33  -43.49  0.64E+00
2019   5  26   0 -23.28  -43.49  0.34E+00
2019   5  26   0 -23.18  -43.49  0.33E+00
2019   5  26   0 -22.98  -43.49  0.33E+00
2019   5  26   0 -22.73  -43.49  0.60E+00
2019   5  26   0 -22.63  -43.49  0.60E+00
2019   5  26   0 -22.48  -43.49  0.30E+00
2019   5  26   0 -22.33  -43.49  0.30E+00
2019   5  26   0 -24.78  -43.44  0.33E+00
2019   5  26   0 -23.73  -43.44  0.30E+00
2019   5  26   0 -23.33  -43.44  0.34E+00
2019   5  26   0 -23.28  -43.44  0.34E+00
2019   5  26   0 -23.13  -43.44  0.34E+00
2019   5  26   0 -23.03  -43.44  0.34E+00
2019   5  26   0 -22.98  -43.44  0.30E+00
2019   5  26   0 -22.88  -43.44  0.33E+00
2019   5  26   0 -22.73  -43.44  0.33E+00
2019   5  26   0 -22.53  -43.44  0.59E+00
2019   5  26   0 -24.38  -43.39  0.30E+00
2019   5  26   0 -24.08  -43.39  0.31E+00
2019   5  26   0 -23.98  -43.39  0.30E+00
2019   5  26   0 -23.68  -43.39  0.34E+00
2019   5  26   0 -23.43  -43.39  0.34E+00
2019   5  26   0 -23.23  -43.39  0.67E+00
2019   5  26   0 -23.13  -43.39  0.94E+00
2019   5  26   0 -23.08  -43.39  0.34E+00
2019   5  26   0 -22.93  -43.39  0.30E+00
2019   5  26   0 -22.88  -43.39  0.33E+00
2019   5  26   0 -22.68  -43.39  0.60E+00
2019   5  26   0 -22.38  -43.39  0.29E+00
2019   5  26   0 -24.53  -43.34  0.30E+00
2019   5  26   0 -24.33  -43.34  0.30E+00
2019   5  26   0 -23.63  -43.34  0.33E+00
2019   5  26   0 -23.48  -43.34  0.34E+00
2019   5  26   0 -23.08  -43.34  0.30E+00
2019   5  26   0 -22.73  -43.34  0.30E+00
2019   5  26   0 -22.68  -43.34  0.30E+00
2019   5  26   0 -22.33  -43.34  0.30E+00
2019   5  26   0 -24.73  -43.29  0.31E+00
2019   5  26   0 -24.63  -43.29  0.30E+00
2019   5  26   0 -24.58  -43.29  0.33E+00
2019   5  26   0 -24.48  -43.29  0.30E+00
2019   5  26   0 -24.33  -43.29  0.63E+00
2019   5  26   0 -24.23  -43.29  0.30E+00
2019   5  26   0 -23.23  -43.29  0.33E+00
2019   5  26   0 -23.08  -43.29  0.33E+00
2019   5  26   0 -23.03  -43.29  0.67E+00
2019   5  26   0 -22.88  -43.29  0.30E+00
2019   5  26   0 -22.73  -43.29  0.30E+00
2019   5  26   0 -24.68  -43.24  0.33E+00
2019   5  26   0 -24.23  -43.24  0.30E+00
2019   5  26   0 -23.58  -43.24  0.30E+00
2019   5  26   0 -23.18  -43.24  0.30E+00
2019   5  26   0 -23.08  -43.24  0.33E+00
2019   5  26   0 -23.03  -43.24  0.33E+00
2019   5  26   0 -22.88  -43.24  0.63E+00
2019   5  26   0 -22.83  -43.24  0.60E+00
2019   5  26   0 -22.68  -43.24  0.30E+00
2019   5  26   0 -22.58  -43.24  0.88E+00
2019   5  26   0 -24.58  -43.19  0.30E+00
2019   5  26   0 -24.53  -43.19  0.32E+00
2019   5  26   0 -24.48  -43.19  0.32E+00
2019   5  26   0 -24.33  -43.19  0.30E+00
2019   5  26   0 -24.28  -43.19  0.30E+00
2019   5  26   0 -23.48  -43.19  0.30E+00
2019   5  26   0 -23.43  -43.19  0.33E+00
2019   5  26   0 -23.33  -43.19  0.67E+00
2019   5  26   0 -23.18  -43.19  0.34E+00
2019   5  26   0 -23.08  -43.19  0.30E+00
2019   5  26   0 -23.03  -43.19  0.99E+00
2019   5  26   0 -22.98  -43.19  0.33E+00
2019   5  26   0 -22.83  -43.19  0.33E+00
2019   5  26   0 -22.78  -43.19  0.60E+00
2019   5  26   0 -22.73  -43.19  0.30E+00
2019   5  26   0 -22.43  -43.19  0.59E+00
2019   5  26   0 -22.18  -43.19  0.29E+00
2019   5  26   0 -24.68  -43.14  0.33E+00
2019   5  26   0 -24.33  -43.14  0.30E+00
2019   5  26   0 -24.28  -43.14  0.30E+00
2019   5  26   0 -23.93  -43.14  0.30E+00
2019   5  26   0 -23.33  -43.14  0.34E+00
2019   5  26   0 -22.88  -43.14  0.33E+00
2019   5  26   0 -22.78  -43.14  0.30E+00
2019   5  26   0 -22.53  -43.14  0.59E+00
2019   5  26   0 -24.63  -43.09  0.33E+00
2019   5  26   0 -24.53  -43.09  0.30E+00
2019   5  26   0 -24.28  -43.09  0.32E+00
2019   5  26   0 -24.13  -43.09  0.30E+00
2019   5  26   0 -23.83  -43.09  0.30E+00
2019   5  26   0 -23.38  -43.09  0.67E+00
2019   5  26   0 -23.23  -43.09  0.34E+00
2019   5  26   0 -23.13  -43.09  0.33E+00
2019   5  26   0 -23.08  -43.09  0.30E+00
2019   5  26   0 -22.98  -43.09  0.33E+00
2019   5  26   0 -22.93  -43.09  0.30E+00
2019   5  26   0 -22.78  -43.09  0.30E+00
2019   5  26   0 -22.73  -43.09  0.32E+00
2019   5  26   0 -22.68  -43.09  0.30E+00
2019   5  26   0 -22.58  -43.09  0.30E+00
2019   5  26   0 -24.68  -43.04  0.33E+00
2019   5  26   0 -24.28  -43.04  0.30E+00
2019   5  26   0 -24.13  -43.04  0.30E+00
2019   5  26   0 -23.93  -43.04  0.34E+00
2019   5  26   0 -23.68  -43.04  0.30E+00
2019   5  26   0 -23.48  -43.04  0.30E+00
2019   5  26   0 -23.43  -43.04  0.33E+00
2019   5  26   0 -23.18  -43.04  0.63E+00
2019   5  26   0 -22.98  -43.04  0.33E+00
2019   5  26   0 -22.88  -43.04  0.60E+00
2019   5  26   0 -22.78  -43.04  0.30E+00
2019   5  26   0 -22.58  -43.04  0.89E+00
2019   5  26   0 -22.28  -43.04  0.29E+00
2019   5  26   0 -24.93  -42.99  0.33E+00
2019   5  26   0 -24.63  -42.99  0.33E+00
2019   5  26   0 -24.43  -42.99  0.33E+00
2019   5  26   0 -24.28  -42.99  0.30E+00
2019   5  26   0 -24.08  -42.99  0.60E+00
2019   5  26   0 -23.98  -42.99  0.30E+00
2019   5  26   0 -23.48  -42.99  0.33E+00
2019   5  26   0 -23.18  -42.99  0.33E+00
2019   5  26   0 -22.98  -42.99  0.33E+00
2019   5  26   0 -22.88  -42.99  0.30E+00
2019   5  26   0 -22.83  -42.99  0.30E+00
2019   5  26   0 -22.73  -42.99  0.33E+00
2019   5  26   0 -22.68  -42.99  0.32E+00
2019   5  26   0 -22.53  -42.99  0.30E+00
2019   5  26   0 -24.33  -42.94  0.30E+00
2019   5  26   0 -24.28  -42.94  0.30E+00
2019   5  26   0 -24.23  -42.94  0.30E+00
2019   5  26   0 -24.08  -42.94  0.30E+00
2019   5  26   0 -23.98  -42.94  0.30E+00
2019   5  26   0 -23.53  -42.94  0.30E+00
2019   5  26   0 -23.13  -42.94  0.33E+00
2019   5  26   0 -22.98  -42.94  0.33E+00
2019   5  26   0 -22.88  -42.94  0.33E+00
2019   5  26   0 -22.58  -42.94  0.30E+00
2019   5  26   0 -22.43  -42.94  0.59E+00
2019   5  26   0 -22.33  -42.94  0.29E+00
2019   5  26   0 -22.28  -42.94  0.29E+00
2019   5  26   0 -24.63  -42.89  0.30E+00
2019   5  26   0 -24.13  -42.89  0.30E+00
2019   5  26   0 -24.08  -42.89  0.60E+00
2019   5  26   0 -23.23  -42.89  0.33E+00
2019   5  26   0 -23.03  -42.89  0.33E+00
2019   5  26   0 -22.88  -42.89  0.89E+00
2019   5  26   0 -22.78  -42.89  0.33E+00
2019   5  26   0 -22.73  -42.89  0.30E+00
2019   5  26   0 -22.63  -42.89  0.29E+00
2019   5  26   0 -22.28  -42.89  0.29E+00
2019   5  26   0 -24.78  -42.84  0.30E+00
2019   5  26   0 -24.48  -42.84  0.30E+00
2019   5  26   0 -24.33  -42.84  0.30E+00
2019   5  26   0 -24.18  -42.84  0.60E+00
2019   5  26   0 -24.08  -42.84  0.90E+00
2019   5  26   0 -23.58  -42.84  0.33E+00
2019   5  26   0 -23.28  -42.84  0.33E+00
2019   5  26   0 -23.08  -42.84  0.63E+00
2019   5  26   0 -22.93  -42.84  0.33E+00
2019   5  26   0 -22.73  -42.84  0.30E+00
2019   5  26   0 -22.53  -42.84  0.30E+00
2019   5  26   0 -22.23  -42.84  0.29E+00
2019   5  26   0 -24.83  -42.79  0.30E+00
2019   5  26   0 -24.78  -42.79  0.30E+00
2019   5  26   0 -24.48  -42.79  0.30E+00
2019   5  26   0 -24.43  -42.79  0.63E+00
2019   5  26   0 -24.33  -42.79  0.30E+00
2019   5  26   0 -24.23  -42.79  0.60E+00
2019   5  26   0 -23.98  -42.79  0.30E+00
2019   5  26   0 -23.93  -42.79  0.34E+00
2019   5  26   0 -23.88  -42.79  0.60E+00
2019   5  26   0 -23.83  -42.79  0.63E+00
2019   5  26   0 -23.73  -42.79  0.30E+00
2019   5  26   0 -23.18  -42.79  0.33E+00
2019   5  26   0 -23.08  -42.79  0.67E+00
2019   5  26   0 -22.88  -42.79  0.33E+00
2019   5  26   0 -22.83  -42.79  0.63E+00
2019   5  26   0 -22.78  -42.79  0.33E+00
2019   5  26   0 -22.73  -42.79  0.66E+00
2019   5  26   0 -22.68  -42.79  0.33E+00
2019   5  26   0 -24.83  -42.74  0.30E+00
2019   5  26   0 -24.48  -42.74  0.60E+00
2019   5  26   0 -24.43  -42.74  0.33E+00
2019   5  26   0 -24.23  -42.74  0.30E+00
2019   5  26   0 -24.08  -42.74  0.30E+00
2019   5  26   0 -23.98  -42.74  0.30E+00
2019   5  26   0 -23.88  -42.74  0.30E+00
2019   5  26   0 -23.68  -42.74  0.30E+00
2019   5  26   0 -22.83  -42.74  0.30E+00
2019   5  26   0 -22.78  -42.74  0.33E+00
2019   5  26   0 -22.73  -42.74  0.30E+00
2019   5  26   0 -22.68  -42.74  0.65E+00
2019   5  26   0 -25.18  -42.69  0.30E+00
2019   5  26   0 -24.78  -42.69  0.30E+00
2019   5  26   0 -24.63  -42.69  0.30E+00
2019   5  26   0 -24.38  -42.69  0.65E+00
2019   5  26   0 -24.33  -42.69  0.32E+00
2019   5  26   0 -24.28  -42.69  0.30E+00
2019   5  26   0 -24.03  -42.69  0.60E+00
2019   5  26   0 -23.93  -42.69  0.60E+00
2019   5  26   0 -23.53  -42.69  0.33E+00
2019   5  26   0 -23.33  -42.69  0.67E+00
2019   5  26   0 -23.18  -42.69  0.66E+00
2019   5  26   0 -23.03  -42.69  0.33E+00
2019   5  26   0 -22.88  -42.69  0.66E+00
2019   5  26   0 -22.83  -42.69  0.92E+00
2019   5  26   0 -22.78  -42.69  0.30E+00
2019   5  26   0 -22.53  -42.69  0.33E+00
2019   5  26   0 -24.83  -42.64  0.30E+00
2019   5  26   0 -24.73  -42.64  0.30E+00
2019   5  26   0 -24.63  -42.64  0.30E+00
2019   5  26   0 -24.28  -42.64  0.30E+00
2019   5  26   0 -24.08  -42.64  0.30E+00
2019   5  26   0 -23.93  -42.64  0.30E+00
2019   5  26   0 -23.48  -42.64  0.33E+00
2019   5  26   0 -23.33  -42.64  0.33E+00
2019   5  26   0 -23.23  -42.64  0.33E+00
2019   5  26   0 -23.13  -42.64  0.66E+00
2019   5  26   0 -23.08  -42.64  0.63E+00
2019   5  26   0 -22.88  -42.64  0.33E+00
2019   5  26   0 -22.83  -42.64  0.95E+00
2019   5  26   0 -22.78  -42.64  0.65E+00
2019   5  26   0 -22.73  -42.64  0.66E+00
2019   5  26   0 -22.68  -42.64  0.98E+00
2019   5  26   0 -25.13  -42.59  0.30E+00
2019   5  26   0 -24.73  -42.59  0.30E+00
2019   5  26   0 -24.63  -42.59  0.33E+00
2019   5  26   0 -24.48  -42.59  0.30E+00
2019   5  26   0 -24.33  -42.59  0.30E+00
2019   5  26   0 -24.23  -42.59  0.30E+00
2019   5  26   0 -23.88  -42.59  0.30E+00
2019   5  26   0 -23.83  -42.59  0.30E+00
2019   5  26   0 -23.53  -42.59  0.33E+00
2019   5  26   0 -23.38  -42.59  0.33E+00
2019   5  26   0 -23.28  -42.59  0.33E+00
2019   5  26   0 -23.23  -42.59  0.33E+00
2019   5  26   0 -23.08  -42.59  0.66E+00
2019   5  26   0 -22.78  -42.59  0.62E+00
2019   5  26   0 -22.73  -42.59  0.33E+00
2019   5  26   0 -22.68  -42.59  0.65E+00
2019   5  26   0 -22.43  -42.59  0.29E+00
2019   5  26   0 -22.38  -42.59  0.29E+00
2019   5  26   0 -24.83  -42.54  0.30E+00
2019   5  26   0 -24.73  -42.54  0.30E+00
2019   5  26   0 -24.68  -42.54  0.33E+00
2019   5  26   0 -24.63  -42.54  0.30E+00
2019   5  26   0 -24.48  -42.54  0.30E+00
2019   5  26   0 -24.28  -42.54  0.30E+00
2019   5  26   0 -24.18  -42.54  0.30E+00
2019   5  26   0 -23.88  -42.54  0.30E+00
2019   5  26   0 -23.58  -42.54  0.59E+00
2019   5  26   0 -23.33  -42.54  0.33E+00
2019   5  26   0 -23.03  -42.54  0.66E+00
2019   5  26   0 -22.98  -42.54  0.62E+00
2019   5  26   0 -22.73  -42.54  0.30E+00
2019   5  26   0 -22.53  -42.54  0.30E+00
2019   5  26   0 -25.23  -42.49  0.30E+00
2019   5  26   0 -24.68  -42.49  0.33E+00
2019   5  26   0 -24.48  -42.49  0.30E+00
2019   5  26   0 -24.33  -42.49  0.64E+00
2019   5  26   0 -24.28  -42.49  0.30E+00
2019   5  26   0 -24.13  -42.49  0.30E+00
2019   5  26   0 -23.93  -42.49  0.30E+00
2019   5  26   0 -23.88  -42.49  0.33E+00
2019   5  26   0 -23.78  -42.49  0.30E+00
2019   5  26   0 -23.38  -42.49  0.33E+00
2019   5  26   0 -23.33  -42.49  0.33E+00
2019   5  26   0 -23.03  -42.49  0.66E+00
2019   5  26   0 -22.93  -42.49  0.33E+00
2019   5  26   0 -22.88  -42.49  0.33E+00
2019   5  26   0 -22.78  -42.49  0.62E+00
2019   5  26   0 -22.73  -42.49  0.30E+00
2019   5  26   0 -22.63  -42.49  0.33E+00
2019   5  26   0 -24.83  -42.44  0.59E+00
2019   5  26   0 -24.63  -42.44  0.30E+00
2019   5  26   0 -24.43  -42.44  0.30E+00
2019   5  26   0 -24.18  -42.44  0.32E+00
2019   5  26   0 -23.83  -42.44  0.30E+00
2019   5  26   0 -23.33  -42.44  0.33E+00
2019   5  26   0 -23.23  -42.44  0.33E+00
2019   5  26   0 -23.03  -42.44  0.33E+00
2019   5  26   0 -22.93  -42.44  0.12E+01
2019   5  26   0 -22.88  -42.44  0.33E+00
2019   5  26   0 -22.83  -42.44  0.33E+00
2019   5  26   0 -22.78  -42.44  0.62E+00
2019   5  26   0 -22.73  -42.44  0.29E+00
2019   5  26   0 -22.68  -42.44  0.32E+00
2019   5  26   0 -22.63  -42.44  0.32E+00
2019   5  26   0 -24.83  -42.39  0.30E+00
2019   5  26   0 -24.63  -42.39  0.32E+00
2019   5  26   0 -24.53  -42.39  0.32E+00
2019   5  26   0 -24.43  -42.39  0.30E+00
2019   5  26   0 -24.33  -42.39  0.32E+00
2019   5  26   0 -23.98  -42.39  0.30E+00
2019   5  26   0 -23.83  -42.39  0.30E+00
2019   5  26   0 -23.53  -42.39  0.30E+00
2019   5  26   0 -23.48  -42.39  0.33E+00
2019   5  26   0 -23.33  -42.39  0.66E+00
2019   5  26   0 -23.13  -42.39  0.33E+00
2019   5  26   0 -22.93  -42.39  0.30E+00
2019   5  26   0 -22.88  -42.39  0.33E+00
2019   5  26   0 -22.78  -42.39  0.66E+00
2019   5  26   0 -22.73  -42.39  0.65E+00
2019   5  26   0 -22.58  -42.39  0.29E+00
2019   5  26   0 -24.93  -42.34  0.62E+00
2019   5  26   0 -24.83  -42.34  0.30E+00
2019   5  26   0 -24.63  -42.34  0.30E+00
2019   5  26   0 -24.53  -42.34  0.32E+00
2019   5  26   0 -24.38  -42.34  0.32E+00
2019   5  26   0 -24.33  -42.34  0.32E+00
2019   5  26   0 -24.13  -42.34  0.32E+00
2019   5  26   0 -23.48  -42.34  0.33E+00
2019   5  26   0 -23.38  -42.34  0.33E+00
2019   5  26   0 -23.33  -42.34  0.33E+00
2019   5  26   0 -23.18  -42.34  0.33E+00
2019   5  26   0 -23.08  -42.34  0.33E+00
2019   5  26   0 -23.03  -42.34  0.33E+00
2019   5  26   0 -22.93  -42.34  0.33E+00
2019   5  26   0 -22.88  -42.34  0.62E+00
2019   5  26   0 -22.73  -42.34  0.65E+00
2019   5  26   0 -22.68  -42.34  0.59E+00
2019   5  26   0 -22.58  -42.34  0.29E+00
2019   5  26   0 -22.53  -42.34  0.94E+00
2019   5  26   0 -22.38  -42.34  0.32E+00
2019   5  26   0 -24.63  -42.29  0.95E+00
2019   5  26   0 -24.53  -42.29  0.32E+00
2019   5  26   0 -24.48  -42.29  0.62E+00
2019   5  26   0 -24.33  -42.29  0.32E+00
2019   5  26   0 -24.23  -42.29  0.30E+00
2019   5  26   0 -24.13  -42.29  0.59E+00
2019   5  26   0 -23.93  -42.29  0.59E+00
2019   5  26   0 -23.53  -42.29  0.33E+00
2019   5  26   0 -23.23  -42.29  0.66E+00
2019   5  26   0 -23.13  -42.29  0.33E+00
2019   5  26   0 -23.03  -42.29  0.33E+00
2019   5  26   0 -22.93  -42.29  0.33E+00
2019   5  26   0 -22.88  -42.29  0.33E+00
2019   5  26   0 -22.83  -42.29  0.33E+00
2019   5  26   0 -22.73  -42.29  0.33E+00
2019   5  26   0 -22.68  -42.29  0.32E+00
2019   5  26   0 -22.53  -42.29  0.32E+00
2019   5  26   0 -24.63  -42.24  0.92E+00
2019   5  26   0 -24.33  -42.24  0.30E+00
2019   5  26   0 -24.28  -42.24  0.32E+00
2019   5  26   0 -24.18  -42.24  0.32E+00
2019   5  26   0 -24.13  -42.24  0.91E+00
2019   5  26   0 -24.03  -42.24  0.30E+00
2019   5  26   0 -23.88  -42.24  0.30E+00
2019   5  26   0 -23.83  -42.24  0.30E+00
2019   5  26   0 -23.73  -42.24  0.30E+00
2019   5  26   0 -23.58  -42.24  0.30E+00
2019   5  26   0 -23.33  -42.24  0.33E+00
2019   5  26   0 -23.28  -42.24  0.99E+00
2019   5  26   0 -23.03  -42.24  0.33E+00
2019   5  26   0 -22.88  -42.24  0.33E+00
2019   5  26   0 -22.83  -42.24  0.29E+00
2019   5  26   0 -22.78  -42.24  0.32E+00
2019   5  26   0 -22.68  -42.24  0.33E+00
2019   5  26   0 -22.63  -42.24  0.32E+00
2019   5  26   0 -22.58  -42.24  0.32E+00
2019   5  26   0 -22.53  -42.24  0.32E+00
2019   5  26   0 -24.68  -42.19  0.32E+00
2019   5  26   0 -24.58  -42.19  0.30E+00
2019   5  26   0 -24.18  -42.19  0.30E+00
2019   5  26   0 -24.13  -42.19  0.30E+00
2019   5  26   0 -23.88  -42.19  0.30E+00
2019   5  26   0 -23.43  -42.19  0.33E+00
2019   5  26   0 -23.23  -42.19  0.33E+00
2019   5  26   0 -23.13  -42.19  0.33E+00
2019   5  26   0 -22.98  -42.19  0.33E+00
2019   5  26   0 -22.88  -42.19  0.62E+00
2019   5  26   0 -22.83  -42.19  0.29E+00
2019   5  26   0 -22.78  -42.19  0.33E+00
2019   5  26   0 -24.93  -42.14  0.30E+00
2019   5  26   0 -24.83  -42.14  0.59E+00
2019   5  26   0 -24.68  -42.14  0.32E+00
2019   5  26   0 -24.63  -42.14  0.30E+00
2019   5  26   0 -24.48  -42.14  0.30E+00
2019   5  26   0 -24.38  -42.14  0.30E+00
2019   5  26   0 -23.98  -42.14  0.59E+00
2019   5  26   0 -23.88  -42.14  0.30E+00
2019   5  26   0 -23.83  -42.14  0.30E+00
2019   5  26   0 -23.58  -42.14  0.30E+00
2019   5  26   0 -23.38  -42.14  0.29E+00
2019   5  26   0 -23.33  -42.14  0.32E+00
2019   5  26   0 -23.13  -42.14  0.33E+00
2019   5  26   0 -23.03  -42.14  0.33E+00
2019   5  26   0 -22.88  -42.14  0.65E+00
2019   5  26   0 -22.83  -42.14  0.32E+00
2019   5  26   0 -22.78  -42.14  0.32E+00
2019   5  26   0 -22.68  -42.14  0.32E+00
2019   5  26   0 -22.63  -42.14  0.65E+00
2019   5  26   0 -24.93  -42.09  0.30E+00
2019   5  26   0 -24.73  -42.09  0.29E+00
2019   5  26   0 -24.68  -42.09  0.32E+00
2019   5  26   0 -24.58  -42.09  0.30E+00
2019   5  26   0 -24.38  -42.09  0.30E+00
2019   5  26   0 -24.28  -42.09  0.32E+00
2019   5  26   0 -24.03  -42.09  0.60E+00
2019   5  26   0 -23.98  -42.09  0.89E+00
2019   5  26   0 -23.88  -42.09  0.30E+00
2019   5  26   0 -23.83  -42.09  0.30E+00
2019   5  26   0 -23.78  -42.09  0.30E+00
2019   5  26   0 -23.23  -42.09  0.33E+00
2019   5  26   0 -23.18  -42.09  0.33E+00
2019   5  26   0 -23.03  -42.09  0.33E+00
2019   5  26   0 -22.98  -42.09  0.98E+00
2019   5  26   0 -22.83  -42.09  0.62E+00
2019   5  26   0 -22.63  -42.09  0.32E+00
2019   5  26   0 -22.53  -42.09  0.32E+00
2019   5  26   0 -22.43  -42.09  0.32E+00
2019   5  26   0 -24.93  -42.04  0.30E+00
2019   5  26   0 -24.58  -42.04  0.30E+00
2019   5  26   0 -24.48  -42.04  0.30E+00
2019   5  26   0 -24.38  -42.04  0.30E+00
2019   5  26   0 -24.18  -42.04  0.29E+00
2019   5  26   0 -23.98  -42.04  0.30E+00
2019   5  26   0 -23.88  -42.04  0.30E+00
2019   5  26   0 -23.78  -42.04  0.30E+00
2019   5  26   0 -22.98  -42.04  0.65E+00
2019   5  26   0 -22.93  -42.04  0.33E+00
2019   5  26   0 -22.83  -42.04  0.32E+00
2019   5  26   0 -22.68  -42.04  0.32E+00
2019   5  26   0 -22.58  -42.04  0.65E+00
2019   5  26   0 -22.38  -42.04  0.32E+00
2019   5  26   0 -24.73  -41.99  0.32E+00
2019   5  26   0 -24.63  -41.99  0.32E+00
2019   5  26   0 -24.58  -41.99  0.30E+00
2019   5  26   0 -24.18  -41.99  0.29E+00
2019   5  26   0 -24.13  -41.99  0.32E+00
2019   5  26   0 -24.08  -41.99  0.30E+00
2019   5  26   0 -23.38  -41.99  0.33E+00
2019   5  26   0 -23.18  -41.99  0.33E+00
2019   5  26   0 -23.13  -41.99  0.32E+00
2019   5  26   0 -23.08  -41.99  0.33E+00
2019   5  26   0 -22.93  -41.99  0.33E+00
2019   5  26   0 -22.83  -41.99  0.33E+00
2019   5  26   0 -22.78  -41.99  0.29E+00
2019   5  26   0 -22.58  -41.99  0.32E+00
2019   5  26   0 -22.53  -41.99  0.64E+00
2019   5  26   0 -22.48  -41.99  0.29E+00
2019   5  26   0 -24.53  -41.94  0.32E+00
2019   5  26   0 -24.18  -41.94  0.29E+00
2019   5  26   0 -24.13  -41.94  0.30E+00
2019   5  26   0 -24.08  -41.94  0.29E+00
2019   5  26   0 -24.03  -41.94  0.59E+00
2019   5  26   0 -23.98  -41.94  0.30E+00
2019   5  26   0 -22.93  -41.94  0.65E+00
2019   5  26   0 -22.78  -41.94  0.29E+00
2019   5  26   0 -22.68  -41.94  0.32E+00
2019   5  26   0 -22.53  -41.94  0.97E+00
2019   5  26   0 -22.48  -41.94  0.29E+00
2019   5  26   0 -24.68  -41.89  0.32E+00
2019   5  26   0 -24.58  -41.89  0.30E+00
2019   5  26   0 -24.53  -41.89  0.32E+00
2019   5  26   0 -24.23  -41.89  0.32E+00
2019   5  26   0 -24.03  -41.89  0.29E+00
2019   5  26   0 -23.88  -41.89  0.29E+00
2019   5  26   0 -23.63  -41.89  0.33E+00
2019   5  26   0 -23.33  -41.89  0.29E+00
2019   5  26   0 -23.23  -41.89  0.65E+00
2019   5  26   0 -23.18  -41.89  0.29E+00
2019   5  26   0 -23.13  -41.89  0.33E+00
2019   5  26   0 -22.93  -41.89  0.33E+00
2019   5  26   0 -22.38  -41.89  0.32E+00
2019   5  26   0 -24.93  -41.84  0.32E+00
2019   5  26   0 -24.68  -41.84  0.62E+00
2019   5  26   0 -24.43  -41.84  0.32E+00
2019   5  26   0 -24.23  -41.84  0.32E+00
2019   5  26   0 -24.13  -41.84  0.29E+00
2019   5  26   0 -23.83  -41.84  0.30E+00
2019   5  26   0 -23.78  -41.84  0.29E+00
2019   5  26   0 -23.63  -41.84  0.33E+00
2019   5  26   0 -23.33  -41.84  0.62E+00
2019   5  26   0 -23.23  -41.84  0.33E+00
2019   5  26   0 -23.13  -41.84  0.33E+00
2019   5  26   0 -23.08  -41.84  0.32E+00
2019   5  26   0 -23.03  -41.84  0.32E+00
2019   5  26   0 -22.88  -41.84  0.32E+00
2019   5  26   0 -22.63  -41.84  0.64E+00
2019   5  26   0 -22.48  -41.84  0.32E+00
2019   5  26   0 -22.43  -41.84  0.29E+00
2019   5  26   0 -25.08  -41.79  0.29E+00
2019   5  26   0 -24.68  -41.79  0.30E+00
2019   5  26   0 -24.58  -41.79  0.30E+00
2019   5  26   0 -24.48  -41.79  0.30E+00
2019   5  26   0 -24.33  -41.79  0.32E+00
2019   5  26   0 -24.03  -41.79  0.29E+00
2019   5  26   0 -23.98  -41.79  0.29E+00
2019   5  26   0 -23.83  -41.79  0.58E+00
2019   5  26   0 -23.73  -41.79  0.30E+00
2019   5  26   0 -23.63  -41.79  0.33E+00
2019   5  26   0 -23.33  -41.79  0.33E+00
2019   5  26   0 -23.18  -41.79  0.33E+00
2019   5  26   0 -23.08  -41.79  0.65E+00
2019   5  26   0 -23.03  -41.79  0.32E+00
2019   5  26   0 -22.88  -41.79  0.32E+00
2019   5  26   0 -22.68  -41.79  0.32E+00
2019   5  26   0 -22.58  -41.79  0.32E+00
2019   5  26   0 -24.13  -41.74  0.29E+00
2019   5  26   0 -24.08  -41.74  0.29E+00
2019   5  26   0 -24.03  -41.74  0.88E+00
2019   5  26   0 -23.38  -41.74  0.29E+00
2019   5  26   0 -23.33  -41.74  0.29E+00
2019   5  26   0 -23.18  -41.74  0.29E+00
2019   5  26   0 -23.08  -41.74  0.32E+00
2019   5  26   0 -22.88  -41.74  0.64E+00
2019   5  26   0 -22.73  -41.74  0.32E+00
2019   5  26   0 -22.58  -41.74  0.32E+00
2019   5  26   0 -24.93  -41.69  0.32E+00
2019   5  26   0 -24.53  -41.69  0.61E+00
2019   5  26   0 -24.18  -41.69  0.29E+00
2019   5  26   0 -23.93  -41.69  0.30E+00
2019   5  26   0 -23.08  -41.69  0.32E+00
2019   5  26   0 -22.53  -41.69  0.32E+00
2019   5  26   0 -24.38  -41.64  0.58E+00
2019   5  26   0 -24.03  -41.64  0.29E+00
2019   5  26   0 -23.63  -41.64  0.29E+00
2019   5  26   0 -23.58  -41.64  0.33E+00
2019   5  26   0 -23.08  -41.64  0.97E+00
2019   5  26   0 -22.98  -41.64  0.32E+00
2019   5  26   0 -22.93  -41.64  0.32E+00
2019   5  26   0 -22.68  -41.64  0.32E+00
2019   5  26   0 -22.53  -41.64  0.32E+00
2019   5  26   0 -24.68  -41.59  0.29E+00
2019   5  26   0 -24.58  -41.59  0.29E+00
2019   5  26   0 -24.03  -41.59  0.29E+00
2019   5  26   0 -23.23  -41.59  0.29E+00
2019   5  26   0 -23.13  -41.59  0.29E+00
2019   5  26   0 -22.83  -41.59  0.32E+00
2019   5  26   0 -22.78  -41.59  0.32E+00
2019   5  26   0 -22.63  -41.59  0.64E+00
2019   5  26   0 -24.13  -41.54  0.29E+00
2019   5  26   0 -24.03  -41.54  0.29E+00
2019   5  26   0 -23.93  -41.54  0.29E+00
2019   5  26   0 -23.33  -41.54  0.33E+00
2019   5  26   0 -23.18  -41.54  0.65E+00
2019   5  26   0 -23.08  -41.54  0.29E+00
2019   5  26   0 -24.53  -41.49  0.59E+00
2019   5  26   0 -24.43  -41.49  0.32E+00
2019   5  26   0 -24.28  -41.49  0.64E+00
2019   5  26   0 -24.18  -41.49  0.29E+00
2019   5  26   0 -23.93  -41.49  0.29E+00
2019   5  26   0 -23.33  -41.49  0.33E+00
2019   5  26   0 -23.18  -41.49  0.32E+00
2019   5  26   0 -23.08  -41.49  0.57E+00
2019   5  26   0 -23.03  -41.49  0.32E+00
2019   5  26   0 -22.98  -41.49  0.32E+00
2019   5  26   0 -22.68  -41.49  0.32E+00
2019   5  26   0 -22.63  -41.49  0.64E+00
2019   5  26   0 -24.58  -41.44  0.32E+00
2019   5  26   0 -24.43  -41.44  0.32E+00
2019   5  26   0 -24.33  -41.44  0.29E+00
2019   5  26   0 -24.28  -41.44  0.32E+00
2019   5  26   0 -23.98  -41.44  0.29E+00
2019   5  26   0 -23.23  -41.44  0.32E+00
2019   5  26   0 -23.08  -41.44  0.29E+00
2019   5  26   0 -22.58  -41.44  0.32E+00
2019   5  26   0 -24.78  -41.39  0.32E+00
2019   5  26   0 -24.53  -41.39  0.29E+00
2019   5  26   0 -24.33  -41.39  0.58E+00
2019   5  26   0 -24.28  -41.39  0.32E+00
2019   5  26   0 -24.18  -41.39  0.29E+00
2019   5  26   0 -24.03  -41.39  0.31E+00
2019   5  26   0 -23.98  -41.39  0.29E+00
2019   5  26   0 -23.53  -41.39  0.29E+00
2019   5  26   0 -23.28  -41.39  0.33E+00
2019   5  26   0 -23.08  -41.39  0.32E+00
2019   5  26   0 -23.03  -41.39  0.29E+00
2019   5  26   0 -22.93  -41.39  0.32E+00
2019   5  26   0 -22.78  -41.39  0.32E+00
2019   5  26   0 -24.78  -41.34  0.32E+00
2019   5  26   0 -24.68  -41.34  0.29E+00
2019   5  26   0 -24.53  -41.34  0.29E+00
2019   5  26   0 -23.93  -41.34  0.29E+00
2019   5  26   0 -23.68  -41.34  0.29E+00
2019   5  26   0 -23.13  -41.34  0.64E+00
2019   5  26   0 -23.08  -41.34  0.61E+00
2019   5  26   0 -22.58  -41.34  0.64E+00
2019   5  26   0 -24.83  -41.29  0.29E+00
2019   5  26   0 -24.28  -41.29  0.29E+00
2019   5  26   0 -23.18  -41.29  0.32E+00
2019   5  26   0 -23.03  -41.29  0.61E+00
2019   5  26   0 -22.63  -41.29  0.32E+00
2019   5  26   0 -24.83  -41.24  0.29E+00
2019   5  26   0 -24.68  -41.24  0.29E+00
2019   5  26   0 -24.53  -41.24  0.29E+00
2019   5  26   0 -24.28  -41.24  0.61E+00
2019   5  26   0 -24.08  -41.24  0.29E+00
2019   5  26   0 -23.93  -41.24  0.29E+00
2019   5  26   0 -23.68  -41.24  0.29E+00
2019   5  26   0 -23.13  -41.24  0.32E+00
2019   5  26   0 -23.03  -41.24  0.32E+00
2019   5  26   0 -22.93  -41.24  0.32E+00
2019   5  26   0 -22.68  -41.24  0.32E+00
2019   5  26   0 -22.53  -41.24  0.32E+00
2019   5  26   0 -24.93  -41.19  0.32E+00
2019   5  26   0 -24.68  -41.19  0.29E+00
2019   5  26   0 -24.13  -41.19  0.31E+00
2019   5  26   0 -23.93  -41.19  0.29E+00
2019   5  26   0 -23.63  -41.19  0.58E+00
2019   5  26   0 -23.33  -41.19  0.32E+00
2019   5  26   0 -22.83  -41.19  0.32E+00
2019   5  26   0 -22.73  -41.19  0.32E+00
2019   5  26   0 -24.78  -41.14  0.29E+00
2019   5  26   0 -24.28  -41.14  0.29E+00
2019   5  26   0 -23.68  -41.14  0.29E+00
2019   5  26   0 -23.53  -41.14  0.32E+00
2019   5  26   0 -23.28  -41.14  0.32E+00
2019   5  26   0 -23.18  -41.14  0.29E+00
2019   5  26   0 -22.73  -41.14  0.32E+00
2019   5  26   0 -22.63  -41.14  0.32E+00
2019   5  26   0 -22.48  -41.14  0.64E+00
2019   5  26   0 -24.08  -41.09  0.29E+00
2019   5  26   0 -23.78  -41.09  0.29E+00
2019   5  26   0 -23.63  -41.09  0.29E+00
2019   5  26   0 -23.53  -41.09  0.32E+00
2019   5  26   0 -23.18  -41.09  0.29E+00
2019   5  26   0 -22.93  -41.09  0.32E+00
2019   5  26   0 -22.63  -41.09  0.32E+00
2019   5  26   0 -22.58  -41.09  0.32E+00
2019   5  26   0 -25.13  -41.04  0.29E+00
2019   5  26   0 -24.08  -41.04  0.58E+00
2019   5  26   0 -24.58  -40.99  0.29E+00
2019   5  26   0 -24.23  -40.99  0.32E+00
2019   5  26   0 -24.08  -40.99  0.31E+00
2019   5  26   0 -23.88  -40.99  0.29E+00
2019   5  26   0 -23.78  -40.99  0.29E+00
2019   5  26   0 -23.48  -40.99  0.32E+00
2019   5  26   0 -23.38  -40.99  0.29E+00
2019   5  26   0 -23.13  -40.99  0.32E+00
2019   5  26   0 -23.08  -40.99  0.32E+00
2019   5  26   0 -22.98  -40.99  0.29E+00
2019   5  26   0 -24.28  -40.94  0.29E+00
2019   5  26   0 -23.83  -40.94  0.29E+00
2019   5  26   0 -23.78  -40.94  0.29E+00
2019   5  26   0 -22.98  -40.94  0.32E+00
2019   5  26   0 -22.93  -40.94  0.29E+00
2019   5  26   0 -22.88  -40.94  0.63E+00
2019   5  26   0 -24.58  -40.89  0.32E+00
2019   5  26   0 -24.23  -40.89  0.31E+00
2019   5  26   0 -23.73  -40.89  0.29E+00
2019   5  26   0 -23.63  -40.89  0.58E+00
2019   5  26   0 -23.58  -40.89  0.29E+00
2019   5  26   0 -22.93  -40.89  0.28E+00
2019   5  26   0 -24.63  -40.84  0.29E+00
2019   5  26   0 -24.28  -40.84  0.29E+00
2019   5  26   0 -23.78  -40.84  0.28E+00
2019   5  26   0 -23.58  -40.84  0.29E+00
2019   5  26   0 -23.08  -40.84  0.29E+00
2019   5  26   0 -22.93  -40.84  0.32E+00
2019   5  26   0 -22.88  -40.84  0.28E+00
2019   5  26   0 -24.63  -40.79  0.32E+00
2019   5  26   0 -24.23  -40.79  0.58E+00
2019   5  26   0 -24.08  -40.79  0.29E+00
2019   5  26   0 -23.43  -40.79  0.32E+00
2019   5  26   0 -23.93  -40.74  0.29E+00
2019   5  26   0 -23.78  -40.74  0.28E+00
2019   5  26   0 -23.98  -40.69  0.29E+00
2019   5  26   0 -23.53  -40.69  0.29E+00
2019   5  26   0 -24.83  -40.64  0.32E+00
2019   5  26   0 -24.63  -40.64  0.29E+00
2019   5  26   0 -23.73  -40.64  0.29E+00
2019   5  26   0 -23.53  -40.64  0.29E+00
2019   5  26   0 -24.83  -40.59  0.32E+00
2019   5  26   0 -22.88  -40.59  0.57E+00
2019   5  26   0 -24.78  -40.54  0.29E+00
2019   5  26   0 -24.18  -40.54  0.31E+00
2019   5  26   0 -23.88  -40.54  0.29E+00
2019   5  26   0 -23.83  -40.54  0.31E+00
2019   5  26   0 -23.78  -40.54  0.29E+00
2019   5  26   0 -23.68  -40.54  0.28E+00
2019   5  26   0 -23.13  -40.54  0.32E+00
2019   5  26   0 -24.33  -40.49  0.31E+00
2019   5  26   0 -23.83  -40.49  0.28E+00
2019   5  26   0 -23.78  -40.49  0.87E+00
2019   5  26   0 -23.68  -40.49  0.57E+00
2019   5  26   0 -24.68  -40.44  0.29E+00
2019   5  26   0 -24.53  -40.44  0.63E+00
2019   5  26   0 -24.38  -40.44  0.29E+00
2019   5  26   0 -24.28  -40.44  0.31E+00
2019   5  26   0 -23.88  -40.44  0.29E+00
2019   5  26   0 -23.83  -40.44  0.28E+00
2019   5  26   0 -23.78  -40.44  0.58E+00
2019   5  26   0 -23.23  -40.44  0.29E+00
2019   5  26   0 -24.58  -40.39  0.63E+00
2019   5  26   0 -24.28  -40.39  0.31E+00
2019   5  26   0 -24.18  -40.39  0.28E+00
2019   5  26   0 -24.13  -40.39  0.28E+00
2019   5  26   0 -23.63  -40.39  0.29E+00
2019   5  26   0 -23.43  -40.39  0.29E+00
2019   5  26   0 -24.48  -40.34  0.28E+00
2019   5  26   0 -24.18  -40.34  0.29E+00
2019   5  26   0 -24.13  -40.34  0.28E+00
2019   5  26   0 -23.78  -40.34  0.28E+00
2019   5  26   0 -23.58  -40.34  0.29E+00
2019   5  26   0 -24.48  -40.29  0.28E+00
2019   5  26   0 -23.93  -40.29  0.31E+00
2019   5  26   0 -23.78  -40.29  0.28E+00
2019   5  26   0 -23.73  -40.29  0.31E+00
2019   5  26   0 -23.68  -40.29  0.29E+00
2019   5  26   0 -24.78  -40.24  0.31E+00
2019   5  26   0 -23.68  -40.24  0.28E+00
2019   5  26   0 -24.13  -40.19  0.28E+00
2019   5  26   0 -24.03  -40.19  0.28E+00
2019   5  26   0 -23.48  -40.19  0.28E+00
2019   5  26   0 -23.28  -40.19  0.29E+00
2019   5  26   0 -24.78  -40.14  0.31E+00
2019   5  26   0 -24.53  -40.14  0.31E+00
2019   5  26   0 -24.13  -40.14  0.28E+00
2019   5  26   0 -23.78  -40.14  0.28E+00
2019   5  26   0 -23.53  -40.14  0.28E+00
2019   5  26   0 -24.53  -40.09  0.31E+00
2019   5  26   0 -24.43  -40.09  0.31E+00
2019   5  26   0 -23.78  -40.09  0.28E+00
2019   5  26   0 -24.83  -40.04  0.28E+00
2019   5  26   0 -24.78  -40.04  0.28E+00
2019   5  26   0 -24.33  -40.04  0.28E+00
2019   5  26   0 -24.23  -40.04  0.31E+00
2019   5  26   0 -23.88  -40.04  0.30E+00
2019   5  26   0 -23.73  -40.04  0.29E+00
2019   5  26   0 -23.43  -40.04  0.28E+00
2019   5  26   0 -23.38  -40.04  0.28E+00
2019   5  26   0 -24.48  -39.99  0.31E+00
2019   5  26   0 -24.18  -39.99  0.31E+00
2019   5  26   0 -23.53  -39.99  0.28E+00
2019   5  26   0 -24.78  -39.94  0.28E+00
2019   5  26   0 -24.58  -39.94  0.28E+00
2019   5  26   0 -23.83  -39.94  0.28E+00
2019   5  26   0 -24.28  -39.89  0.31E+00
2019   5  26   0 -23.83  -39.89  0.28E+00
2019   5  26   0 -24.28  -39.84  0.59E+00
2019   5  26   0 -24.03  -39.84  0.31E+00
2019   5  26   0 -23.83  -39.84  0.28E+00
2019   5  26   0 -24.78  -39.79  0.28E+00
2019   5  26   0 -24.38  -39.79  0.31E+00
2019   5  26   0 -24.28  -39.79  0.28E+00
2019   5  26   0 -23.68  -39.79  0.28E+00
2019   5  26   0 -24.33  -39.64  0.31E+00
2019   5  26   0 -24.23  -39.64  0.59E+00
2019   5  26   0 -23.78  -39.64  0.28E+00
2019   5  26   0 -24.43  -39.59  0.31E+00
2019   5  26   0 -24.68  -39.54  0.62E+00
2019   5  26   0 -24.53  -39.54  0.28E+00
2019   5  26   0 -24.68  -39.49  0.62E+00
2019   5  26   0 -24.38  -39.49  0.31E+00
2019   5  26   0 -24.13  -39.49  0.28E+00
2019   5  26   0 -23.73  -39.49  0.28E+00
2019   5  26   0 -23.48  -39.49  0.28E+00
2019   5  26   0 -24.68  -39.44  0.28E+00
2019   5  26   0 -24.13  -39.44  0.28E+00
2019   5  26   0 -23.93  -39.44  0.28E+00
2019   5  26   0 -24.68  -39.39  0.28E+00
2019   5  26   0 -23.93  -39.39  0.28E+00
2019   5  26   0 -23.43  -39.39  0.28E+00
2019   5  26   0 -24.13  -39.34  0.28E+00
2019   5  26   0 -24.08  -39.34  0.28E+00
2019   5  26   0 -24.03  -39.34  0.30E+00
2019   5  26   0 -24.73  -39.29  0.28E+00
2019   5  26   0 -24.48  -39.29  0.28E+00
2019   5  26   0 -24.33  -39.29  0.31E+00
2019   5  26   0 -24.08  -39.29  0.28E+00
2019   5  26   0 -24.03  -39.29  0.30E+00
2019   5  26   0 -23.83  -39.29  0.30E+00
2019   5  26   0 -24.63  -39.24  0.87E+00
2019   5  26   0 -24.33  -39.24  0.31E+00
2019   5  26   0 -24.28  -39.24  0.31E+00
2019   5  26   0 -24.03  -39.24  0.30E+00
2019   5  26   0 -24.88  -39.19  0.28E+00
2019   5  26   0 -24.63  -39.19  0.31E+00
2019   5  26   0 -24.28  -39.19  0.30E+00
2019   5  26   0 -24.03  -39.14  0.30E+00
2019   5  26   0 -24.68  -39.09  0.28E+00
2019   5  26   0 -24.43  -39.09  0.28E+00
2019   5  26   0 -25.03  -39.04  0.28E+00
2019   5  26   0 -24.68  -39.04  0.28E+00
2019   5  26   0 -24.83  -38.99  0.28E+00
2019   5  26   0 -24.88  -38.84  0.28E+00
2019   5  26   0 -24.88  -38.79  0.28E+00
2019   5  26   0 -25.03  -38.74  0.56E+00
2019   5  26   0 -24.83  -38.74  0.28E+00
2019   5  26   0 -24.13  -38.74  0.30E+00
2019   5  26   0 -24.88  -38.69  0.56E+00
2019   5  26   0 -24.08  -38.64  0.28E+00
2019   5  26   0 -24.13  -38.59  0.30E+00
2019   5  26   0 -24.63  -38.54  0.28E+00
2019   5  26   0 -25.03  -38.49  0.28E+00
2019   5  26   0 -24.63  -38.49  0.28E+00
2019   5  26   0 -24.53  -38.39  0.28E+00
2019   5  26   0 -24.88  -38.29  0.31E+00
2019   5  26   0 -24.58  -38.29  0.28E+00
2019   5  26   0 -24.88  -38.24  0.61E+00
2019   5  26   0 -24.58  -38.24  0.58E+00
2019   5  26   0 -24.58  -38.19  0.30E+00
2019   5  26   0 -24.88  -38.14  0.30E+00
