YEAR  MO  DA  HR    LAT     LON Rn2200005
2021   6   4  12 -24.03  -48.09  0.75E-12
2021   6   4  12 -24.28  -48.04  0.87E-12
2021   6   4  12 -24.08  -48.04  0.76E-12
2021   6   4  12 -23.83  -48.04  0.75E-12
2021   6   4  12 -24.28  -47.99  0.87E-12
2021   6   4  12 -24.03  -47.99  0.76E-12
2021   6   4  12 -23.93  -47.99  0.75E-12
2021   6   4  12 -23.83  -47.99  0.75E-12
2021   6   4  12 -24.03  -47.94  0.76E-12
2021   6   4  12 -23.98  -47.94  0.87E-12
2021   6   4  12 -23.93  -47.94  0.75E-12
2021   6   4  12 -23.83  -47.94  0.75E-12
2021   6   4  12 -23.73  -47.94  0.75E-12
2021   6   4  12 -24.03  -47.89  0.77E-12
2021   6   4  12 -23.93  -47.89  0.86E-12
2021   6   4  12 -23.53  -47.89  0.75E-12
2021   6   4  12 -24.08  -47.84  0.85E-12
2021   6   4  12 -23.98  -47.84  0.88E-12
2021   6   4  12 -23.93  -47.84  0.86E-12
2021   6   4  12 -23.88  -47.84  0.85E-12
2021   6   4  12 -23.78  -47.84  0.87E-12
2021   6   4  12 -23.58  -47.84  0.75E-12
2021   6   4  12 -24.08  -47.79  0.86E-12
2021   6   4  12 -23.98  -47.79  0.77E-12
2021   6   4  12 -23.78  -47.79  0.86E-12
2021   6   4  12 -23.63  -47.79  0.76E-12
2021   6   4  12 -23.58  -47.79  0.76E-12
2021   6   4  12 -23.53  -47.79  0.75E-12
2021   6   4  12 -23.78  -47.74  0.17E-11
2021   6   4  12 -23.68  -47.74  0.76E-12
2021   6   4  12 -23.63  -47.74  0.15E-11
2021   6   4  12 -23.58  -47.74  0.86E-12
2021   6   4  12 -23.53  -47.74  0.22E-11
2021   6   4  12 -24.03  -47.69  0.18E-11
2021   6   4  12 -23.93  -47.69  0.85E-12
2021   6   4  12 -23.78  -47.69  0.17E-11
2021   6   4  12 -23.73  -47.69  0.25E-11
2021   6   4  12 -23.63  -47.69  0.76E-12
2021   6   4  12 -23.58  -47.69  0.17E-11
2021   6   4  12 -23.53  -47.69  0.16E-11
2021   6   4  12 -23.43  -47.69  0.15E-11
2021   6   4  12 -24.03  -47.64  0.89E-12
2021   6   4  12 -23.98  -47.64  0.86E-12
2021   6   4  12 -23.78  -47.64  0.85E-12
2021   6   4  12 -23.68  -47.64  0.85E-12
2021   6   4  12 -23.63  -47.64  0.76E-12
2021   6   4  12 -23.53  -47.64  0.26E-11
2021   6   4  12 -23.43  -47.64  0.75E-12
2021   6   4  12 -23.88  -47.59  0.17E-11
2021   6   4  12 -23.83  -47.59  0.88E-12
2021   6   4  12 -23.78  -47.59  0.86E-12
2021   6   4  12 -23.73  -47.59  0.88E-12
2021   6   4  12 -23.68  -47.59  0.85E-12
2021   6   4  12 -23.63  -47.59  0.17E-11
2021   6   4  12 -23.58  -47.59  0.16E-11
2021   6   4  12 -23.53  -47.59  0.25E-11
2021   6   4  12 -23.48  -47.59  0.76E-12
2021   6   4  12 -24.03  -47.54  0.31E-11
2021   6   4  12 -23.98  -47.54  0.87E-12
2021   6   4  12 -23.83  -47.54  0.35E-11
2021   6   4  12 -23.78  -47.54  0.46E-12
2021   6   4  12 -23.73  -47.54  0.88E-12
2021   6   4  12 -23.68  -47.54  0.13E-11
2021   6   4  12 -23.63  -47.54  0.51E-11
2021   6   4  12 -23.58  -47.54  0.17E-11
2021   6   4  12 -23.53  -47.54  0.42E-11
2021   6   4  12 -23.48  -47.54  0.76E-12
2021   6   4  12 -24.03  -47.49  0.17E-11
2021   6   4  12 -23.83  -47.49  0.17E-11
2021   6   4  12 -23.78  -47.49  0.53E-12
2021   6   4  12 -23.73  -47.49  0.86E-12
2021   6   4  12 -23.68  -47.49  0.85E-12
2021   6   4  12 -23.63  -47.49  0.51E-11
2021   6   4  12 -23.53  -47.49  0.85E-12
2021   6   4  12 -23.48  -47.49  0.76E-12
2021   6   4  12 -24.03  -47.44  0.87E-12
2021   6   4  12 -23.78  -47.44  0.52E-12
2021   6   4  12 -23.73  -47.44  0.18E-11
2021   6   4  12 -23.68  -47.44  0.40E-11
2021   6   4  12 -23.63  -47.44  0.30E-11
2021   6   4  12 -23.58  -47.44  0.13E-11
2021   6   4  12 -23.53  -47.44  0.88E-12
2021   6   4  12 -23.48  -47.44  0.76E-12
2021   6   4  12 -23.93  -47.39  0.90E-12
2021   6   4  12 -23.83  -47.39  0.47E-12
2021   6   4  12 -23.73  -47.39  0.17E-11
2021   6   4  12 -23.68  -47.39  0.35E-11
2021   6   4  12 -23.63  -47.39  0.48E-11
2021   6   4  12 -23.58  -47.39  0.57E-11
2021   6   4  12 -23.53  -47.39  0.92E-12
2021   6   4  12 -23.48  -47.39  0.46E-12
2021   6   4  12 -23.88  -47.34  0.17E-11
2021   6   4  12 -23.83  -47.34  0.52E-12
2021   6   4  12 -23.78  -47.34  0.15E-11
2021   6   4  12 -23.73  -47.34  0.26E-11
2021   6   4  12 -23.68  -47.34  0.28E-11
2021   6   4  12 -23.63  -47.34  0.11E-10
2021   6   4  12 -23.58  -47.34  0.36E-11
2021   6   4  12 -23.53  -47.34  0.13E-11
2021   6   4  12 -23.88  -47.29  0.87E-12
2021   6   4  12 -23.83  -47.29  0.14E-11
2021   6   4  12 -23.78  -47.29  0.35E-11
2021   6   4  12 -23.73  -47.29  0.31E-11
2021   6   4  12 -23.68  -47.29  0.26E-11
2021   6   4  12 -23.63  -47.29  0.11E-10
2021   6   4  12 -23.58  -47.29  0.73E-11
2021   6   4  12 -23.53  -47.29  0.92E-12
2021   6   4  12 -23.98  -47.24  0.86E-12
2021   6   4  12 -23.88  -47.24  0.53E-12
2021   6   4  12 -23.83  -47.24  0.18E-11
2021   6   4  12 -23.78  -47.24  0.87E-12
2021   6   4  12 -23.73  -47.24  0.51E-11
2021   6   4  12 -23.68  -47.24  0.54E-11
2021   6   4  12 -23.63  -47.24  0.83E-11
2021   6   4  12 -23.58  -47.24  0.98E-12
2021   6   4  12 -23.53  -47.24  0.46E-12
2021   6   4  12 -23.83  -47.19  0.31E-11
2021   6   4  12 -23.73  -47.19  0.68E-11
2021   6   4  12 -23.68  -47.19  0.78E-11
2021   6   4  12 -23.63  -47.19  0.86E-11
2021   6   4  12 -23.58  -47.19  0.60E-11
2021   6   4  12 -23.53  -47.19  0.10E-11
2021   6   4  12 -23.93  -47.14  0.86E-12
2021   6   4  12 -23.83  -47.14  0.86E-12
2021   6   4  12 -23.78  -47.14  0.86E-12
2021   6   4  12 -23.73  -47.14  0.59E-11
2021   6   4  12 -23.68  -47.14  0.14E-10
2021   6   4  12 -23.63  -47.14  0.77E-11
2021   6   4  12 -23.58  -47.14  0.25E-11
2021   6   4  12 -23.53  -47.14  0.11E-11
2021   6   4  12 -23.88  -47.09  0.53E-12
2021   6   4  12 -23.83  -47.09  0.25E-11
2021   6   4  12 -23.78  -47.09  0.28E-11
2021   6   4  12 -23.73  -47.09  0.40E-11
2021   6   4  12 -23.68  -47.09  0.14E-10
2021   6   4  12 -23.63  -47.09  0.41E-11
2021   6   4  12 -23.58  -47.09  0.20E-11
2021   6   4  12 -23.53  -47.09  0.54E-12
2021   6   4  12 -23.88  -47.04  0.86E-12
2021   6   4  12 -23.78  -47.04  0.86E-12
2021   6   4  12 -23.73  -47.04  0.13E-10
2021   6   4  12 -23.68  -47.04  0.15E-10
2021   6   4  12 -23.63  -47.04  0.79E-11
2021   6   4  12 -23.58  -47.04  0.11E-11
2021   6   4  12 -23.88  -46.99  0.86E-12
2021   6   4  12 -23.83  -46.99  0.86E-12
2021   6   4  12 -23.78  -46.99  0.79E-11
2021   6   4  12 -23.73  -46.99  0.15E-10
2021   6   4  12 -23.68  -46.99  0.19E-10
2021   6   4  12 -23.63  -46.99  0.68E-11
2021   6   4  12 -23.58  -46.99  0.10E-11
2021   6   4  12 -23.88  -46.94  0.87E-12
2021   6   4  12 -23.83  -46.94  0.86E-12
2021   6   4  12 -23.78  -46.94  0.56E-11
2021   6   4  12 -23.73  -46.94  0.23E-10
2021   6   4  12 -23.68  -46.94  0.19E-10
2021   6   4  12 -23.63  -46.94  0.42E-11
2021   6   4  12 -23.83  -46.89  0.18E-11
2021   6   4  12 -23.78  -46.89  0.57E-11
2021   6   4  12 -23.73  -46.89  0.32E-10
2021   6   4  12 -23.68  -46.89  0.17E-10
2021   6   4  12 -23.63  -46.89  0.49E-11
2021   6   4  12 -23.83  -46.84  0.87E-12
2021   6   4  12 -23.78  -46.84  0.18E-10
2021   6   4  12 -23.73  -46.84  0.38E-10
2021   6   4  12 -23.68  -46.84  0.16E-10
2021   6   4  12 -23.63  -46.84  0.17E-11
2021   6   4  12 -23.83  -46.79  0.35E-11
2021   6   4  12 -23.78  -46.79  0.23E-10
2021   6   4  12 -23.73  -46.79  0.35E-10
2021   6   4  12 -23.68  -46.79  0.12E-10
2021   6   4  12 -23.63  -46.79  0.29E-11
2021   6   4  12 -23.83  -46.74  0.44E-11
2021   6   4  12 -23.78  -46.74  0.44E-10
2021   6   4  12 -23.73  -46.74  0.40E-10
2021   6   4  12 -23.68  -46.74  0.11E-10
2021   6   4  12 -23.63  -46.74  0.19E-11
2021   6   4  12 -23.83  -46.69  0.41E-11
2021   6   4  12 -23.78  -46.69  0.58E-10
2021   6   4  12 -23.73  -46.69  0.34E-10
2021   6   4  12 -23.68  -46.69  0.86E-11
2021   6   4  12 -23.83  -46.64  0.15E-10
2021   6   4  12 -23.78  -46.64  0.68E-10
2021   6   4  12 -23.73  -46.64  0.29E-10
2021   6   4  12 -23.68  -46.64  0.58E-11
2021   6   4  12 -23.83  -46.59  0.29E-10
2021   6   4  12 -23.78  -46.59  0.86E-10
2021   6   4  12 -23.73  -46.59  0.20E-10
2021   6   4  12 -23.68  -46.59  0.12E-11
2021   6   4  12 -23.83  -46.54  0.30E-10
2021   6   4  12 -23.78  -46.54  0.11E-09
2021   6   4  12 -23.73  -46.54  0.12E-10
2021   6   4  12 -23.68  -46.54  0.12E-11
2021   6   4  12 -23.83  -46.49  0.86E-10
2021   6   4  12 -23.78  -46.49  0.11E-09
2021   6   4  12 -23.73  -46.49  0.13E-10
2021   6   4  12 -23.83  -46.44  0.23E-09
2021   6   4  12 -23.78  -46.44  0.92E-10
2021   6   4  12 -23.83  -46.39  0.23E-09
2021   6   4  12 -23.78  -46.39  0.49E-11
2021   6   5   0 -24.98  -49.34  0.83E-12
2021   6   5   0 -24.53  -49.34  0.17E-11
2021   6   5   0 -25.18  -49.29  0.83E-12
2021   6   5   0 -24.98  -49.29  0.19E-11
2021   6   5   0 -25.08  -49.24  0.17E-11
2021   6   5   0 -24.98  -49.24  0.83E-12
2021   6   5   0 -25.43  -49.19  0.94E-12
2021   6   5   0 -25.18  -49.19  0.95E-12
2021   6   5   0 -25.13  -49.19  0.94E-12
2021   6   5   0 -25.58  -49.14  0.97E-12
2021   6   5   0 -25.43  -49.14  0.94E-12
2021   6   5   0 -25.28  -49.14  0.29E-11
2021   6   5   0 -25.18  -49.14  0.94E-12
2021   6   5   0 -25.13  -49.14  0.95E-12
2021   6   5   0 -24.93  -49.14  0.96E-12
2021   6   5   0 -24.88  -49.14  0.20E-11
2021   6   5   0 -25.58  -49.09  0.97E-12
2021   6   5   0 -25.33  -49.09  0.28E-11
2021   6   5   0 -25.18  -49.09  0.28E-11
2021   6   5   0 -25.13  -49.09  0.17E-11
2021   6   5   0 -25.08  -49.09  0.85E-12
2021   6   5   0 -25.03  -49.09  0.84E-12
2021   6   5   0 -24.98  -49.09  0.45E-11
2021   6   5   0 -24.93  -49.09  0.29E-11
2021   6   5   0 -24.88  -49.09  0.20E-11
2021   6   5   0 -24.53  -49.09  0.11E-11
2021   6   5   0 -25.38  -49.04  0.84E-12
2021   6   5   0 -25.33  -49.04  0.19E-11
2021   6   5   0 -25.28  -49.04  0.19E-11
2021   6   5   0 -25.23  -49.04  0.19E-11
2021   6   5   0 -25.18  -49.04  0.19E-11
2021   6   5   0 -24.98  -49.04  0.96E-12
2021   6   5   0 -24.83  -49.04  0.94E-12
2021   6   5   0 -25.48  -48.99  0.29E-11
2021   6   5   0 -25.28  -48.99  0.95E-12
2021   6   5   0 -25.23  -48.99  0.29E-11
2021   6   5   0 -25.03  -48.99  0.94E-12
2021   6   5   0 -24.98  -48.99  0.41E-11
2021   6   5   0 -24.88  -48.99  0.98E-12
2021   6   5   0 -24.63  -48.99  0.85E-12
2021   6   5   0 -24.53  -48.99  0.19E-11
2021   6   5   0 -25.38  -48.94  0.17E-11
2021   6   5   0 -25.33  -48.94  0.34E-11
2021   6   5   0 -25.28  -48.94  0.29E-11
2021   6   5   0 -25.18  -48.94  0.99E-12
2021   6   5   0 -24.83  -48.94  0.95E-12
2021   6   5   0 -24.68  -48.94  0.84E-12
2021   6   5   0 -24.63  -48.94  0.85E-12
2021   6   5   0 -24.43  -48.94  0.97E-12
2021   6   5   0 -25.23  -48.89  0.29E-11
2021   6   5   0 -25.13  -48.89  0.20E-11
2021   6   5   0 -25.03  -48.89  0.95E-12
2021   6   5   0 -24.93  -48.89  0.12E-11
2021   6   5   0 -24.68  -48.89  0.85E-12
2021   6   5   0 -24.53  -48.89  0.97E-12
2021   6   5   0 -24.33  -48.89  0.97E-12
2021   6   5   0 -24.08  -48.89  0.85E-12
2021   6   5   0 -25.38  -48.84  0.20E-11
2021   6   5   0 -25.28  -48.84  0.12E-11
2021   6   5   0 -25.18  -48.84  0.32E-11
2021   6   5   0 -25.13  -48.84  0.12E-11
2021   6   5   0 -25.08  -48.84  0.96E-12
2021   6   5   0 -24.98  -48.84  0.12E-11
2021   6   5   0 -24.83  -48.84  0.12E-11
2021   6   5   0 -24.78  -48.84  0.96E-12
2021   6   5   0 -24.73  -48.84  0.11E-11
2021   6   5   0 -24.68  -48.84  0.85E-12
2021   6   5   0 -24.53  -48.84  0.97E-12
2021   6   5   0 -24.43  -48.84  0.84E-12
2021   6   5   0 -24.33  -48.84  0.11E-11
2021   6   5   0 -24.03  -48.84  0.93E-12
2021   6   5   0 -25.18  -48.79  0.22E-11
2021   6   5   0 -25.08  -48.79  0.29E-11
2021   6   5   0 -25.03  -48.79  0.97E-12
2021   6   5   0 -24.88  -48.79  0.95E-12
2021   6   5   0 -24.63  -48.79  0.11E-11
2021   6   5   0 -24.43  -48.79  0.11E-11
2021   6   5   0 -24.38  -48.79  0.97E-12
2021   6   5   0 -24.33  -48.79  0.19E-11
2021   6   5   0 -24.23  -48.79  0.95E-12
2021   6   5   0 -25.23  -48.74  0.11E-11
2021   6   5   0 -25.08  -48.74  0.99E-12
2021   6   5   0 -24.93  -48.74  0.96E-12
2021   6   5   0 -24.88  -48.74  0.98E-12
2021   6   5   0 -24.78  -48.74  0.12E-11
2021   6   5   0 -24.68  -48.74  0.19E-11
2021   6   5   0 -24.53  -48.74  0.21E-11
2021   6   5   0 -24.43  -48.74  0.11E-11
2021   6   5   0 -24.33  -48.74  0.19E-11
2021   6   5   0 -24.08  -48.74  0.94E-12
2021   6   5   0 -23.88  -48.74  0.95E-12
2021   6   5   0 -25.88  -48.69  0.95E-12
2021   6   5   0 -25.83  -48.69  0.95E-12
2021   6   5   0 -25.13  -48.69  0.10E-11
2021   6   5   0 -25.08  -48.69  0.20E-11
2021   6   5   0 -25.03  -48.69  0.99E-12
2021   6   5   0 -24.93  -48.69  0.22E-11
2021   6   5   0 -24.78  -48.69  0.12E-11
2021   6   5   0 -24.68  -48.69  0.97E-12
2021   6   5   0 -24.23  -48.69  0.11E-11
2021   6   5   0 -24.03  -48.69  0.85E-12
2021   6   5   0 -25.83  -48.64  0.19E-11
2021   6   5   0 -25.78  -48.64  0.19E-11
2021   6   5   0 -25.03  -48.64  0.96E-12
2021   6   5   0 -24.98  -48.64  0.96E-12
2021   6   5   0 -24.83  -48.64  0.97E-12
2021   6   5   0 -24.73  -48.64  0.32E-11
2021   6   5   0 -24.63  -48.64  0.19E-11
2021   6   5   0 -24.13  -48.64  0.19E-11
2021   6   5   0 -25.48  -48.59  0.11E-11
2021   6   5   0 -25.28  -48.59  0.98E-12
2021   6   5   0 -25.23  -48.59  0.99E-12
2021   6   5   0 -24.83  -48.59  0.25E-11
2021   6   5   0 -24.73  -48.59  0.96E-12
2021   6   5   0 -24.58  -48.59  0.96E-12
2021   6   5   0 -24.48  -48.59  0.12E-11
2021   6   5   0 -24.23  -48.59  0.95E-12
2021   6   5   0 -24.18  -48.59  0.98E-12
2021   6   5   0 -24.13  -48.59  0.98E-12
2021   6   5   0 -25.08  -48.54  0.97E-12
2021   6   5   0 -24.48  -48.54  0.12E-11
2021   6   5   0 -24.43  -48.54  0.88E-12
2021   6   5   0 -24.33  -48.54  0.29E-11
2021   6   5   0 -24.08  -48.54  0.12E-11
2021   6   5   0 -23.98  -48.54  0.11E-11
2021   6   5   0 -23.93  -48.54  0.11E-11
2021   6   5   0 -23.88  -48.54  0.11E-11
2021   6   5   0 -24.78  -48.49  0.19E-11
2021   6   5   0 -24.63  -48.49  0.12E-11
2021   6   5   0 -24.43  -48.49  0.12E-11
2021   6   5   0 -24.38  -48.49  0.22E-11
2021   6   5   0 -24.28  -48.49  0.42E-11
2021   6   5   0 -24.13  -48.49  0.18E-11
2021   6   5   0 -24.08  -48.49  0.88E-12
2021   6   5   0 -23.93  -48.49  0.11E-11
2021   6   5   0 -23.88  -48.49  0.31E-11
2021   6   5   0 -24.78  -48.44  0.96E-12
2021   6   5   0 -24.73  -48.44  0.13E-11
2021   6   5   0 -24.58  -48.44  0.25E-11
2021   6   5   0 -24.38  -48.44  0.88E-12
2021   6   5   0 -24.33  -48.44  0.89E-12
2021   6   5   0 -24.28  -48.44  0.12E-11
2021   6   5   0 -24.13  -48.44  0.29E-11
2021   6   5   0 -24.08  -48.44  0.88E-12
2021   6   5   0 -24.03  -48.44  0.29E-11
2021   6   5   0 -23.88  -48.44  0.11E-11
2021   6   5   0 -23.83  -48.44  0.11E-11
2021   6   5   0 -25.13  -48.39  0.19E-11
2021   6   5   0 -24.98  -48.39  0.20E-11
2021   6   5   0 -24.68  -48.39  0.10E-11
2021   6   5   0 -24.43  -48.39  0.32E-11
2021   6   5   0 -24.28  -48.39  0.30E-11
2021   6   5   0 -24.13  -48.39  0.32E-11
2021   6   5   0 -24.08  -48.39  0.99E-12
2021   6   5   0 -24.03  -48.39  0.95E-12
2021   6   5   0 -23.93  -48.39  0.32E-11
2021   6   5   0 -23.88  -48.39  0.11E-11
2021   6   5   0 -23.83  -48.39  0.25E-11
2021   6   5   0 -23.63  -48.39  0.11E-11
2021   6   5   0 -24.88  -48.34  0.12E-11
2021   6   5   0 -24.73  -48.34  0.29E-11
2021   6   5   0 -24.48  -48.34  0.19E-11
2021   6   5   0 -24.38  -48.34  0.12E-11
2021   6   5   0 -24.28  -48.34  0.32E-11
2021   6   5   0 -24.23  -48.34  0.95E-12
2021   6   5   0 -24.03  -48.34  0.13E-11
2021   6   5   0 -23.93  -48.34  0.10E-11
2021   6   5   0 -23.78  -48.34  0.11E-11
2021   6   5   0 -25.13  -48.29  0.98E-12
2021   6   5   0 -24.28  -48.29  0.22E-11
2021   6   5   0 -24.23  -48.29  0.95E-12
2021   6   5   0 -24.13  -48.29  0.99E-12
2021   6   5   0 -24.08  -48.29  0.96E-12
2021   6   5   0 -23.98  -48.29  0.88E-12
2021   6   5   0 -23.93  -48.29  0.42E-11
2021   6   5   0 -23.88  -48.29  0.88E-12
2021   6   5   0 -23.83  -48.29  0.88E-12
2021   6   5   0 -23.78  -48.29  0.88E-12
2021   6   5   0 -23.73  -48.29  0.17E-11
2021   6   5   0 -24.98  -48.24  0.20E-11
2021   6   5   0 -24.63  -48.24  0.95E-12
2021   6   5   0 -24.48  -48.24  0.19E-11
2021   6   5   0 -24.38  -48.24  0.13E-11
2021   6   5   0 -24.33  -48.24  0.96E-12
2021   6   5   0 -24.18  -48.24  0.10E-11
2021   6   5   0 -24.13  -48.24  0.22E-11
2021   6   5   0 -24.08  -48.24  0.99E-12
2021   6   5   0 -24.03  -48.24  0.99E-12
2021   6   5   0 -23.93  -48.24  0.96E-12
2021   6   5   0 -23.83  -48.24  0.18E-11
2021   6   5   0 -23.78  -48.24  0.12E-11
2021   6   5   0 -23.73  -48.24  0.21E-11
2021   6   5   0 -23.63  -48.24  0.88E-12
2021   6   5   0 -25.13  -48.19  0.99E-12
2021   6   5   0 -24.73  -48.19  0.95E-12
2021   6   5   0 -24.63  -48.19  0.96E-12
2021   6   5   0 -24.43  -48.19  0.96E-12
2021   6   5   0 -24.33  -48.19  0.97E-12
2021   6   5   0 -24.28  -48.19  0.10E-11
2021   6   5   0 -24.08  -48.19  0.96E-12
2021   6   5   0 -24.03  -48.19  0.40E-11
2021   6   5   0 -23.98  -48.19  0.99E-12
2021   6   5   0 -23.93  -48.19  0.96E-12
2021   6   5   0 -23.88  -48.19  0.75E-12
2021   6   5   0 -23.83  -48.19  0.89E-12
2021   6   5   0 -23.73  -48.19  0.87E-12
2021   6   5   0 -23.63  -48.19  0.12E-11
2021   6   5   0 -24.78  -48.14  0.96E-12
2021   6   5   0 -24.68  -48.14  0.97E-12
2021   6   5   0 -24.43  -48.14  0.22E-11
2021   6   5   0 -24.38  -48.14  0.19E-11
2021   6   5   0 -24.33  -48.14  0.13E-11
2021   6   5   0 -24.23  -48.14  0.19E-11
2021   6   5   0 -24.13  -48.14  0.22E-11
2021   6   5   0 -24.08  -48.14  0.29E-11
2021   6   5   0 -24.03  -48.14  0.28E-11
2021   6   5   0 -23.98  -48.14  0.29E-11
2021   6   5   0 -23.93  -48.14  0.21E-11
2021   6   5   0 -23.88  -48.14  0.33E-11
2021   6   5   0 -23.78  -48.14  0.89E-12
2021   6   5   0 -23.63  -48.14  0.12E-11
2021   6   5   0 -23.58  -48.14  0.10E-11
2021   6   5   0 -24.63  -48.09  0.12E-11
2021   6   5   0 -24.48  -48.09  0.22E-11
2021   6   5   0 -24.43  -48.09  0.95E-12
2021   6   5   0 -24.38  -48.09  0.29E-11
2021   6   5   0 -24.23  -48.09  0.87E-12
2021   6   5   0 -24.18  -48.09  0.99E-12
2021   6   5   0 -24.13  -48.09  0.22E-11
2021   6   5   0 -24.03  -48.09  0.63E-11
2021   6   5   0 -23.98  -48.09  0.30E-11
2021   6   5   0 -23.88  -48.09  0.25E-11
2021   6   5   0 -23.78  -48.09  0.26E-11
2021   6   5   0 -23.68  -48.09  0.88E-12
2021   6   5   0 -23.63  -48.09  0.21E-11
2021   6   5   0 -23.58  -48.09  0.74E-12
2021   6   5   0 -25.08  -48.04  0.96E-12
2021   6   5   0 -24.83  -48.04  0.97E-12
2021   6   5   0 -24.68  -48.04  0.96E-12
2021   6   5   0 -24.58  -48.04  0.96E-12
2021   6   5   0 -24.48  -48.04  0.10E-11
2021   6   5   0 -24.33  -48.04  0.98E-12
2021   6   5   0 -24.28  -48.04  0.95E-12
2021   6   5   0 -24.08  -48.04  0.36E-11
2021   6   5   0 -24.03  -48.04  0.33E-11
2021   6   5   0 -23.98  -48.04  0.21E-11
2021   6   5   0 -23.93  -48.04  0.10E-11
2021   6   5   0 -23.88  -48.04  0.18E-11
2021   6   5   0 -23.83  -48.04  0.33E-11
2021   6   5   0 -23.78  -48.04  0.99E-12
2021   6   5   0 -23.73  -48.04  0.31E-11
2021   6   5   0 -23.68  -48.04  0.74E-12
2021   6   5   0 -23.53  -48.04  0.18E-11
2021   6   5   0 -24.73  -47.99  0.97E-12
2021   6   5   0 -24.53  -47.99  0.96E-12
2021   6   5   0 -24.38  -47.99  0.96E-12
2021   6   5   0 -24.33  -47.99  0.95E-12
2021   6   5   0 -24.23  -47.99  0.29E-11
2021   6   5   0 -24.13  -47.99  0.84E-12
2021   6   5   0 -24.08  -47.99  0.10E-11
2021   6   5   0 -24.03  -47.99  0.43E-11
2021   6   5   0 -23.98  -47.99  0.10E-11
2021   6   5   0 -23.83  -47.99  0.41E-11
2021   6   5   0 -23.78  -47.99  0.32E-11
2021   6   5   0 -23.73  -47.99  0.10E-11
2021   6   5   0 -23.63  -47.99  0.17E-11
2021   6   5   0 -23.58  -47.99  0.12E-11
2021   6   5   0 -25.03  -47.94  0.97E-12
2021   6   5   0 -24.83  -47.94  0.96E-12
2021   6   5   0 -24.73  -47.94  0.95E-12
2021   6   5   0 -24.68  -47.94  0.96E-12
2021   6   5   0 -24.43  -47.94  0.97E-12
2021   6   5   0 -24.38  -47.94  0.24E-11
2021   6   5   0 -24.18  -47.94  0.96E-12
2021   6   5   0 -24.08  -47.94  0.85E-12
2021   6   5   0 -24.03  -47.94  0.19E-11
2021   6   5   0 -23.93  -47.94  0.13E-11
2021   6   5   0 -23.88  -47.94  0.20E-11
2021   6   5   0 -23.83  -47.94  0.27E-11
2021   6   5   0 -23.78  -47.94  0.55E-11
2021   6   5   0 -23.73  -47.94  0.99E-12
2021   6   5   0 -23.63  -47.94  0.75E-12
2021   6   5   0 -23.58  -47.94  0.75E-12
2021   6   5   0 -23.53  -47.94  0.30E-11
2021   6   5   0 -23.48  -47.94  0.18E-11
2021   6   5   0 -24.88  -47.89  0.19E-11
2021   6   5   0 -24.83  -47.89  0.12E-11
2021   6   5   0 -24.78  -47.89  0.99E-12
2021   6   5   0 -24.73  -47.89  0.96E-12
2021   6   5   0 -24.68  -47.89  0.98E-12
2021   6   5   0 -24.58  -47.89  0.96E-12
2021   6   5   0 -24.53  -47.89  0.98E-12
2021   6   5   0 -24.38  -47.89  0.97E-12
2021   6   5   0 -24.23  -47.89  0.96E-12
2021   6   5   0 -24.18  -47.89  0.96E-12
2021   6   5   0 -24.03  -47.89  0.10E-11
2021   6   5   0 -23.98  -47.89  0.96E-12
2021   6   5   0 -23.88  -47.89  0.21E-11
2021   6   5   0 -23.73  -47.89  0.55E-11
2021   6   5   0 -23.58  -47.89  0.10E-11
2021   6   5   0 -23.53  -47.89  0.10E-11
2021   6   5   0 -23.48  -47.89  0.88E-12
2021   6   5   0 -24.83  -47.84  0.97E-12
2021   6   5   0 -24.78  -47.84  0.99E-12
2021   6   5   0 -24.73  -47.84  0.98E-12
2021   6   5   0 -24.68  -47.84  0.20E-11
2021   6   5   0 -24.63  -47.84  0.97E-12
2021   6   5   0 -24.43  -47.84  0.98E-12
2021   6   5   0 -24.38  -47.84  0.12E-11
2021   6   5   0 -24.33  -47.84  0.19E-11
2021   6   5   0 -24.18  -47.84  0.19E-11
2021   6   5   0 -24.13  -47.84  0.96E-12
2021   6   5   0 -24.03  -47.84  0.10E-11
2021   6   5   0 -23.93  -47.84  0.19E-11
2021   6   5   0 -23.83  -47.84  0.10E-11
2021   6   5   0 -23.78  -47.84  0.10E-11
2021   6   5   0 -23.68  -47.84  0.30E-11
2021   6   5   0 -23.53  -47.84  0.25E-11
2021   6   5   0 -23.48  -47.84  0.16E-11
2021   6   5   0 -23.43  -47.84  0.15E-11
2021   6   5   0 -24.83  -47.79  0.20E-11
2021   6   5   0 -24.68  -47.79  0.29E-11
2021   6   5   0 -24.43  -47.79  0.20E-11
2021   6   5   0 -24.38  -47.79  0.97E-12
2021   6   5   0 -24.33  -47.79  0.22E-11
2021   6   5   0 -24.18  -47.79  0.10E-11
2021   6   5   0 -24.13  -47.79  0.20E-11
2021   6   5   0 -24.08  -47.79  0.20E-11
2021   6   5   0 -24.03  -47.79  0.23E-11
2021   6   5   0 -23.98  -47.79  0.12E-11
2021   6   5   0 -23.93  -47.79  0.29E-11
2021   6   5   0 -23.88  -47.79  0.25E-11
2021   6   5   0 -23.83  -47.79  0.12E-11
2021   6   5   0 -23.78  -47.79  0.20E-11
2021   6   5   0 -23.73  -47.79  0.10E-11
2021   6   5   0 -23.68  -47.79  0.37E-11
2021   6   5   0 -23.63  -47.79  0.37E-11
2021   6   5   0 -23.58  -47.79  0.19E-11
2021   6   5   0 -23.53  -47.79  0.28E-11
2021   6   5   0 -24.83  -47.74  0.10E-11
2021   6   5   0 -24.63  -47.74  0.97E-12
2021   6   5   0 -24.48  -47.74  0.97E-12
2021   6   5   0 -24.33  -47.74  0.12E-11
2021   6   5   0 -24.28  -47.74  0.42E-11
2021   6   5   0 -24.13  -47.74  0.10E-11
2021   6   5   0 -24.08  -47.74  0.21E-11
2021   6   5   0 -24.03  -47.74  0.33E-11
2021   6   5   0 -23.93  -47.74  0.85E-12
2021   6   5   0 -23.88  -47.74  0.12E-11
2021   6   5   0 -23.83  -47.74  0.12E-11
2021   6   5   0 -23.78  -47.74  0.10E-11
2021   6   5   0 -23.73  -47.74  0.20E-11
2021   6   5   0 -23.68  -47.74  0.20E-11
2021   6   5   0 -23.63  -47.74  0.18E-11
2021   6   5   0 -23.53  -47.74  0.17E-11
2021   6   5   0 -24.73  -47.69  0.19E-11
2021   6   5   0 -24.63  -47.69  0.10E-11
2021   6   5   0 -24.58  -47.69  0.99E-12
2021   6   5   0 -24.48  -47.69  0.10E-11
2021   6   5   0 -24.38  -47.69  0.12E-11
2021   6   5   0 -24.28  -47.69  0.41E-11
2021   6   5   0 -24.23  -47.69  0.12E-11
2021   6   5   0 -24.13  -47.69  0.97E-12
2021   6   5   0 -23.98  -47.69  0.24E-11
2021   6   5   0 -23.93  -47.69  0.11E-11
2021   6   5   0 -23.88  -47.69  0.88E-12
2021   6   5   0 -23.83  -47.69  0.25E-11
2021   6   5   0 -23.78  -47.69  0.52E-11
2021   6   5   0 -23.73  -47.69  0.23E-11
2021   6   5   0 -23.68  -47.69  0.50E-11
2021   6   5   0 -23.63  -47.69  0.10E-11
2021   6   5   0 -23.53  -47.69  0.27E-11
2021   6   5   0 -24.78  -47.64  0.10E-11
2021   6   5   0 -24.63  -47.64  0.10E-11
2021   6   5   0 -24.53  -47.64  0.97E-12
2021   6   5   0 -24.43  -47.64  0.99E-12
2021   6   5   0 -24.38  -47.64  0.30E-11
2021   6   5   0 -24.28  -47.64  0.10E-11
2021   6   5   0 -24.23  -47.64  0.20E-11
2021   6   5   0 -24.18  -47.64  0.20E-11
2021   6   5   0 -24.13  -47.64  0.17E-11
2021   6   5   0 -23.93  -47.64  0.88E-12
2021   6   5   0 -23.83  -47.64  0.23E-11
2021   6   5   0 -23.78  -47.64  0.13E-11
2021   6   5   0 -23.73  -47.64  0.19E-11
2021   6   5   0 -23.68  -47.64  0.29E-11
2021   6   5   0 -23.63  -47.64  0.10E-11
2021   6   5   0 -23.53  -47.64  0.84E-12
2021   6   5   0 -24.68  -47.59  0.20E-11
2021   6   5   0 -24.58  -47.59  0.20E-11
2021   6   5   0 -24.53  -47.59  0.20E-11
2021   6   5   0 -24.48  -47.59  0.10E-11
2021   6   5   0 -24.43  -47.59  0.20E-11
2021   6   5   0 -24.38  -47.59  0.20E-11
2021   6   5   0 -24.33  -47.59  0.22E-11
2021   6   5   0 -24.28  -47.59  0.22E-11
2021   6   5   0 -24.23  -47.59  0.22E-11
2021   6   5   0 -24.18  -47.59  0.98E-12
2021   6   5   0 -24.08  -47.59  0.98E-12
2021   6   5   0 -23.93  -47.59  0.21E-11
2021   6   5   0 -23.88  -47.59  0.38E-11
2021   6   5   0 -23.83  -47.59  0.29E-11
2021   6   5   0 -23.78  -47.59  0.29E-11
2021   6   5   0 -23.73  -47.59  0.31E-11
2021   6   5   0 -23.68  -47.59  0.20E-11
2021   6   5   0 -23.63  -47.59  0.10E-11
2021   6   5   0 -23.58  -47.59  0.84E-12
2021   6   5   0 -24.63  -47.54  0.10E-11
2021   6   5   0 -24.53  -47.54  0.10E-11
2021   6   5   0 -24.43  -47.54  0.10E-11
2021   6   5   0 -24.23  -47.54  0.32E-11
2021   6   5   0 -24.18  -47.54  0.13E-11
2021   6   5   0 -23.93  -47.54  0.10E-11
2021   6   5   0 -23.83  -47.54  0.88E-12
2021   6   5   0 -23.78  -47.54  0.20E-11
2021   6   5   0 -23.73  -47.54  0.38E-11
2021   6   5   0 -23.68  -47.54  0.21E-11
2021   6   5   0 -23.63  -47.54  0.31E-11
2021   6   5   0 -23.58  -47.54  0.10E-11
2021   6   5   0 -24.63  -47.49  0.10E-11
2021   6   5   0 -24.53  -47.49  0.13E-11
2021   6   5   0 -24.48  -47.49  0.10E-11
2021   6   5   0 -24.43  -47.49  0.10E-11
2021   6   5   0 -24.13  -47.49  0.23E-11
2021   6   5   0 -24.08  -47.49  0.20E-11
2021   6   5   0 -24.03  -47.49  0.87E-12
2021   6   5   0 -23.93  -47.49  0.12E-11
2021   6   5   0 -23.88  -47.49  0.10E-11
2021   6   5   0 -23.83  -47.49  0.20E-11
2021   6   5   0 -23.73  -47.49  0.12E-11
2021   6   5   0 -23.68  -47.49  0.57E-11
2021   6   5   0 -23.63  -47.49  0.48E-11
2021   6   5   0 -23.58  -47.49  0.85E-12
2021   6   5   0 -24.68  -47.44  0.13E-11
2021   6   5   0 -24.43  -47.44  0.20E-11
2021   6   5   0 -24.38  -47.44  0.10E-11
2021   6   5   0 -24.33  -47.44  0.10E-11
2021   6   5   0 -24.23  -47.44  0.20E-11
2021   6   5   0 -24.13  -47.44  0.10E-11
2021   6   5   0 -24.08  -47.44  0.25E-11
2021   6   5   0 -23.93  -47.44  0.23E-11
2021   6   5   0 -23.88  -47.44  0.10E-11
2021   6   5   0 -23.83  -47.44  0.53E-11
2021   6   5   0 -23.78  -47.44  0.10E-11
2021   6   5   0 -23.73  -47.44  0.41E-11
2021   6   5   0 -23.68  -47.44  0.61E-11
2021   6   5   0 -23.63  -47.44  0.10E-11
2021   6   5   0 -23.58  -47.44  0.85E-12
2021   6   5   0 -24.58  -47.39  0.10E-11
2021   6   5   0 -24.53  -47.39  0.10E-11
2021   6   5   0 -24.48  -47.39  0.20E-11
2021   6   5   0 -24.38  -47.39  0.20E-11
2021   6   5   0 -24.33  -47.39  0.10E-11
2021   6   5   0 -24.28  -47.39  0.41E-11
2021   6   5   0 -24.23  -47.39  0.10E-11
2021   6   5   0 -24.08  -47.39  0.10E-11
2021   6   5   0 -24.03  -47.39  0.31E-11
2021   6   5   0 -23.98  -47.39  0.23E-11
2021   6   5   0 -23.88  -47.39  0.21E-11
2021   6   5   0 -23.83  -47.39  0.10E-11
2021   6   5   0 -23.78  -47.39  0.86E-12
2021   6   5   0 -23.73  -47.39  0.47E-11
2021   6   5   0 -23.68  -47.39  0.38E-11
2021   6   5   0 -23.63  -47.39  0.28E-11
2021   6   5   0 -23.58  -47.39  0.88E-12
2021   6   5   0 -24.63  -47.34  0.10E-11
2021   6   5   0 -24.53  -47.34  0.30E-11
2021   6   5   0 -24.48  -47.34  0.20E-11
2021   6   5   0 -24.38  -47.34  0.33E-11
2021   6   5   0 -24.33  -47.34  0.10E-11
2021   6   5   0 -24.18  -47.34  0.23E-11
2021   6   5   0 -24.13  -47.34  0.13E-11
2021   6   5   0 -24.08  -47.34  0.23E-11
2021   6   5   0 -23.98  -47.34  0.23E-11
2021   6   5   0 -23.88  -47.34  0.29E-11
2021   6   5   0 -23.83  -47.34  0.48E-11
2021   6   5   0 -23.78  -47.34  0.48E-11
2021   6   5   0 -23.73  -47.34  0.56E-11
2021   6   5   0 -23.68  -47.34  0.35E-11
2021   6   5   0 -23.63  -47.34  0.28E-11
2021   6   5   0 -24.48  -47.29  0.10E-11
2021   6   5   0 -24.38  -47.29  0.20E-11
2021   6   5   0 -24.33  -47.29  0.10E-11
2021   6   5   0 -24.28  -47.29  0.41E-11
2021   6   5   0 -24.23  -47.29  0.21E-11
2021   6   5   0 -24.18  -47.29  0.36E-11
2021   6   5   0 -23.98  -47.29  0.85E-12
2021   6   5   0 -23.88  -47.29  0.23E-11
2021   6   5   0 -23.83  -47.29  0.30E-11
2021   6   5   0 -23.78  -47.29  0.29E-11
2021   6   5   0 -23.73  -47.29  0.58E-11
2021   6   5   0 -23.68  -47.29  0.86E-12
2021   6   5   0 -24.58  -47.24  0.10E-11
2021   6   5   0 -24.48  -47.24  0.10E-11
2021   6   5   0 -24.43  -47.24  0.10E-11
2021   6   5   0 -24.38  -47.24  0.33E-11
2021   6   5   0 -24.33  -47.24  0.24E-11
2021   6   5   0 -24.28  -47.24  0.41E-11
2021   6   5   0 -24.23  -47.24  0.21E-11
2021   6   5   0 -24.18  -47.24  0.11E-11
2021   6   5   0 -24.13  -47.24  0.13E-11
2021   6   5   0 -23.93  -47.24  0.38E-11
2021   6   5   0 -23.88  -47.24  0.66E-11
2021   6   5   0 -23.83  -47.24  0.10E-11
2021   6   5   0 -23.78  -47.24  0.30E-11
2021   6   5   0 -23.73  -47.24  0.62E-11
2021   6   5   0 -23.68  -47.24  0.26E-11
2021   6   5   0 -24.48  -47.19  0.11E-11
2021   6   5   0 -24.43  -47.19  0.21E-11
2021   6   5   0 -24.33  -47.19  0.10E-11
2021   6   5   0 -24.28  -47.19  0.44E-11
2021   6   5   0 -24.23  -47.19  0.68E-11
2021   6   5   0 -24.18  -47.19  0.21E-11
2021   6   5   0 -24.08  -47.19  0.13E-11
2021   6   5   0 -24.03  -47.19  0.23E-11
2021   6   5   0 -23.93  -47.19  0.44E-11
2021   6   5   0 -23.88  -47.19  0.40E-11
2021   6   5   0 -23.83  -47.19  0.49E-11
2021   6   5   0 -23.78  -47.19  0.59E-11
2021   6   5   0 -23.73  -47.19  0.62E-11
2021   6   5   0 -23.68  -47.19  0.85E-12
2021   6   5   0 -24.53  -47.14  0.11E-11
2021   6   5   0 -24.48  -47.14  0.41E-11
2021   6   5   0 -24.43  -47.14  0.21E-11
2021   6   5   0 -24.38  -47.14  0.13E-11
2021   6   5   0 -24.28  -47.14  0.31E-11
2021   6   5   0 -24.23  -47.14  0.36E-11
2021   6   5   0 -24.18  -47.14  0.56E-11
2021   6   5   0 -24.13  -47.14  0.36E-11
2021   6   5   0 -24.08  -47.14  0.13E-11
2021   6   5   0 -24.03  -47.14  0.39E-11
2021   6   5   0 -23.93  -47.14  0.36E-11
2021   6   5   0 -23.88  -47.14  0.33E-11
2021   6   5   0 -23.83  -47.14  0.49E-11
2021   6   5   0 -23.78  -47.14  0.97E-11
2021   6   5   0 -23.73  -47.14  0.26E-11
2021   6   5   0 -23.68  -47.14  0.17E-11
2021   6   5   0 -24.48  -47.09  0.42E-11
2021   6   5   0 -24.43  -47.09  0.21E-11
2021   6   5   0 -24.38  -47.09  0.11E-11
2021   6   5   0 -24.33  -47.09  0.21E-11
2021   6   5   0 -24.28  -47.09  0.21E-11
2021   6   5   0 -24.23  -47.09  0.13E-11
2021   6   5   0 -24.18  -47.09  0.58E-11
2021   6   5   0 -24.13  -47.09  0.13E-11
2021   6   5   0 -24.08  -47.09  0.13E-11
2021   6   5   0 -23.98  -47.09  0.13E-11
2021   6   5   0 -23.93  -47.09  0.33E-11
2021   6   5   0 -23.88  -47.09  0.61E-11
2021   6   5   0 -23.83  -47.09  0.58E-11
2021   6   5   0 -23.78  -47.09  0.43E-11
2021   6   5   0 -23.73  -47.09  0.36E-11
2021   6   5   0 -23.68  -47.09  0.34E-11
2021   6   5   0 -24.48  -47.04  0.10E-11
2021   6   5   0 -24.33  -47.04  0.24E-11
2021   6   5   0 -24.28  -47.04  0.10E-11
2021   6   5   0 -24.23  -47.04  0.32E-11
2021   6   5   0 -24.18  -47.04  0.66E-11
2021   6   5   0 -24.13  -47.04  0.21E-11
2021   6   5   0 -24.08  -47.04  0.91E-11
2021   6   5   0 -24.03  -47.04  0.13E-11
2021   6   5   0 -23.98  -47.04  0.36E-11
2021   6   5   0 -23.93  -47.04  0.68E-11
2021   6   5   0 -23.88  -47.04  0.90E-11
2021   6   5   0 -23.83  -47.04  0.82E-11
2021   6   5   0 -23.78  -47.04  0.91E-11
2021   6   5   0 -23.73  -47.04  0.44E-11
2021   6   5   0 -24.38  -46.99  0.11E-11
2021   6   5   0 -24.33  -46.99  0.11E-11
2021   6   5   0 -24.23  -46.99  0.24E-11
2021   6   5   0 -24.18  -46.99  0.45E-11
2021   6   5   0 -24.13  -46.99  0.81E-11
2021   6   5   0 -24.08  -46.99  0.55E-11
2021   6   5   0 -24.03  -46.99  0.60E-11
2021   6   5   0 -23.98  -46.99  0.60E-11
2021   6   5   0 -23.93  -46.99  0.35E-11
2021   6   5   0 -23.88  -46.99  0.52E-11
2021   6   5   0 -23.83  -46.99  0.60E-11
2021   6   5   0 -23.78  -46.99  0.57E-11
2021   6   5   0 -23.73  -46.99  0.45E-11
2021   6   5   0 -24.43  -46.94  0.13E-11
2021   6   5   0 -24.18  -46.94  0.72E-11
2021   6   5   0 -24.13  -46.94  0.14E-11
2021   6   5   0 -24.08  -46.94  0.80E-11
2021   6   5   0 -24.03  -46.94  0.45E-11
2021   6   5   0 -23.98  -46.94  0.94E-11
2021   6   5   0 -23.93  -46.94  0.63E-11
2021   6   5   0 -23.88  -46.94  0.12E-10
2021   6   5   0 -23.83  -46.94  0.81E-11
2021   6   5   0 -23.78  -46.94  0.12E-10
2021   6   5   0 -23.73  -46.94  0.43E-11
2021   6   5   0 -24.23  -46.89  0.11E-11
2021   6   5   0 -24.18  -46.89  0.21E-11
2021   6   5   0 -24.13  -46.89  0.52E-11
2021   6   5   0 -24.08  -46.89  0.13E-10
2021   6   5   0 -24.03  -46.89  0.59E-11
2021   6   5   0 -23.98  -46.89  0.58E-11
2021   6   5   0 -23.93  -46.89  0.42E-11
2021   6   5   0 -23.88  -46.89  0.61E-11
2021   6   5   0 -23.83  -46.89  0.90E-11
2021   6   5   0 -23.78  -46.89  0.11E-10
2021   6   5   0 -24.18  -46.84  0.49E-11
2021   6   5   0 -24.13  -46.84  0.38E-11
2021   6   5   0 -24.08  -46.84  0.41E-11
2021   6   5   0 -24.03  -46.84  0.56E-11
2021   6   5   0 -23.98  -46.84  0.15E-10
2021   6   5   0 -23.93  -46.84  0.12E-10
2021   6   5   0 -23.88  -46.84  0.11E-10
2021   6   5   0 -23.83  -46.84  0.13E-10
2021   6   5   0 -23.78  -46.84  0.80E-11
2021   6   5   0 -24.13  -46.79  0.11E-11
2021   6   5   0 -24.08  -46.79  0.24E-11
2021   6   5   0 -24.03  -46.79  0.86E-11
2021   6   5   0 -23.98  -46.79  0.86E-11
2021   6   5   0 -23.93  -46.79  0.13E-10
2021   6   5   0 -23.88  -46.79  0.22E-10
2021   6   5   0 -23.83  -46.79  0.17E-10
2021   6   5   0 -23.78  -46.79  0.95E-11
2021   6   5   0 -23.73  -46.79  0.86E-12
2021   6   5   0 -24.08  -46.74  0.48E-11
2021   6   5   0 -24.03  -46.74  0.16E-10
2021   6   5   0 -23.98  -46.74  0.12E-10
2021   6   5   0 -23.93  -46.74  0.12E-10
2021   6   5   0 -23.88  -46.74  0.21E-10
2021   6   5   0 -23.83  -46.74  0.30E-10
2021   6   5   0 -23.78  -46.74  0.54E-11
2021   6   5   0 -24.08  -46.69  0.13E-11
2021   6   5   0 -24.03  -46.69  0.83E-11
2021   6   5   0 -23.98  -46.69  0.14E-10
2021   6   5   0 -23.93  -46.69  0.21E-10
2021   6   5   0 -23.88  -46.69  0.26E-10
2021   6   5   0 -23.83  -46.69  0.22E-10
2021   6   5   0 -23.78  -46.69  0.55E-11
2021   6   5   0 -23.98  -46.64  0.14E-10
2021   6   5   0 -23.93  -46.64  0.31E-10
2021   6   5   0 -23.88  -46.64  0.36E-10
2021   6   5   0 -23.83  -46.64  0.40E-10
2021   6   5   0 -23.78  -46.64  0.27E-11
2021   6   5   0 -23.98  -46.59  0.13E-11
2021   6   5   0 -23.93  -46.59  0.32E-10
2021   6   5   0 -23.88  -46.59  0.51E-10
2021   6   5   0 -23.83  -46.59  0.42E-10
2021   6   5   0 -23.78  -46.59  0.89E-12
2021   6   5   0 -23.93  -46.54  0.89E-11
2021   6   5   0 -23.88  -46.54  0.68E-10
2021   6   5   0 -23.83  -46.54  0.49E-10
2021   6   5   0 -23.78  -46.54  0.90E-12
2021   6   5   0 -23.93  -46.49  0.14E-11
2021   6   5   0 -23.88  -46.49  0.74E-10
2021   6   5   0 -23.83  -46.49  0.88E-10
2021   6   5   0 -23.88  -46.44  0.20E-10
2021   6   5   0 -23.83  -46.44  0.21E-09
2021   6   5   0 -23.83  -46.39  0.93E-10
