YEAR  MO  DA  HR    LAT     LON Rn2200005
2021   9   8  12 -24.63  -48.24  0.30E-12
2021   9   8  12 -23.93  -48.24  0.30E-12
2021   9   8  12 -24.23  -48.19  0.60E-12
2021   9   8  12 -23.93  -48.19  0.60E-12
2021   9   8  12 -24.53  -48.14  0.30E-12
2021   9   8  12 -24.03  -48.14  0.30E-12
2021   9   8  12 -23.68  -48.14  0.30E-12
2021   9   8  12 -24.53  -48.09  0.30E-12
2021   9   8  12 -24.28  -48.09  0.33E-12
2021   9   8  12 -24.23  -48.09  0.60E-12
2021   9   8  12 -24.18  -48.09  0.12E-11
2021   9   8  12 -24.03  -48.09  0.30E-12
2021   9   8  12 -23.93  -48.09  0.30E-12
2021   9   8  12 -23.88  -48.09  0.30E-12
2021   9   8  12 -23.83  -48.09  0.38E-12
2021   9   8  12 -24.43  -48.04  0.33E-12
2021   9   8  12 -24.38  -48.04  0.61E-12
2021   9   8  12 -24.28  -48.04  0.30E-12
2021   9   8  12 -24.18  -48.04  0.33E-12
2021   9   8  12 -24.13  -48.04  0.30E-12
2021   9   8  12 -24.03  -48.04  0.30E-12
2021   9   8  12 -23.88  -48.04  0.30E-12
2021   9   8  12 -23.83  -48.04  0.30E-12
2021   9   8  12 -24.63  -47.99  0.30E-12
2021   9   8  12 -24.53  -47.99  0.33E-12
2021   9   8  12 -24.38  -47.99  0.33E-12
2021   9   8  12 -24.28  -47.99  0.63E-12
2021   9   8  12 -24.18  -47.99  0.33E-12
2021   9   8  12 -24.13  -47.99  0.38E-12
2021   9   8  12 -24.03  -47.99  0.30E-12
2021   9   8  12 -23.88  -47.99  0.10E-11
2021   9   8  12 -23.83  -47.99  0.60E-12
2021   9   8  12 -24.53  -47.94  0.38E-12
2021   9   8  12 -24.38  -47.94  0.42E-12
2021   9   8  12 -24.28  -47.94  0.30E-12
2021   9   8  12 -24.23  -47.94  0.33E-12
2021   9   8  12 -24.18  -47.94  0.67E-12
2021   9   8  12 -24.13  -47.94  0.38E-12
2021   9   8  12 -24.08  -47.94  0.33E-12
2021   9   8  12 -24.03  -47.94  0.91E-12
2021   9   8  12 -23.93  -47.94  0.72E-12
2021   9   8  12 -23.88  -47.94  0.71E-12
2021   9   8  12 -23.83  -47.94  0.30E-12
2021   9   8  12 -24.73  -47.89  0.33E-12
2021   9   8  12 -24.43  -47.89  0.34E-12
2021   9   8  12 -24.38  -47.89  0.33E-12
2021   9   8  12 -24.28  -47.89  0.71E-12
2021   9   8  12 -24.23  -47.89  0.33E-12
2021   9   8  12 -24.18  -47.89  0.33E-12
2021   9   8  12 -24.13  -47.89  0.80E-12
2021   9   8  12 -24.03  -47.89  0.11E-11
2021   9   8  12 -23.88  -47.89  0.33E-12
2021   9   8  12 -23.83  -47.89  0.38E-12
2021   9   8  12 -23.73  -47.89  0.38E-12
2021   9   8  12 -24.38  -47.84  0.33E-12
2021   9   8  12 -24.33  -47.84  0.38E-12
2021   9   8  12 -24.28  -47.84  0.42E-12
2021   9   8  12 -24.23  -47.84  0.75E-12
2021   9   8  12 -24.18  -47.84  0.67E-12
2021   9   8  12 -24.13  -47.84  0.23E-11
2021   9   8  12 -24.08  -47.84  0.33E-12
2021   9   8  12 -24.03  -47.84  0.11E-11
2021   9   8  12 -23.98  -47.84  0.38E-12
2021   9   8  12 -23.93  -47.84  0.16E-11
2021   9   8  12 -23.88  -47.84  0.33E-12
2021   9   8  12 -23.83  -47.84  0.46E-12
2021   9   8  12 -23.78  -47.84  0.38E-12
2021   9   8  12 -23.73  -47.84  0.38E-12
2021   9   8  12 -24.48  -47.79  0.13E-11
2021   9   8  12 -24.38  -47.79  0.12E-11
2021   9   8  12 -24.33  -47.79  0.34E-12
2021   9   8  12 -24.28  -47.79  0.42E-12
2021   9   8  12 -24.18  -47.79  0.33E-12
2021   9   8  12 -24.13  -47.79  0.84E-12
2021   9   8  12 -24.08  -47.79  0.24E-11
2021   9   8  12 -24.03  -47.79  0.42E-12
2021   9   8  12 -23.98  -47.79  0.42E-12
2021   9   8  12 -23.78  -47.79  0.38E-12
2021   9   8  12 -23.73  -47.79  0.46E-12
2021   9   8  12 -23.68  -47.79  0.46E-12
2021   9   8  12 -24.33  -47.74  0.34E-12
2021   9   8  12 -24.28  -47.74  0.67E-12
2021   9   8  12 -24.23  -47.74  0.33E-12
2021   9   8  12 -24.18  -47.74  0.67E-12
2021   9   8  12 -24.13  -47.74  0.13E-11
2021   9   8  12 -24.08  -47.74  0.16E-11
2021   9   8  12 -24.03  -47.74  0.80E-12
2021   9   8  12 -23.98  -47.74  0.18E-11
2021   9   8  12 -23.88  -47.74  0.17E-11
2021   9   8  12 -23.83  -47.74  0.42E-12
2021   9   8  12 -23.78  -47.74  0.88E-12
2021   9   8  12 -23.73  -47.74  0.46E-12
2021   9   8  12 -24.43  -47.69  0.42E-12
2021   9   8  12 -24.28  -47.69  0.42E-12
2021   9   8  12 -24.13  -47.69  0.12E-11
2021   9   8  12 -24.08  -47.69  0.22E-11
2021   9   8  12 -24.03  -47.69  0.42E-12
2021   9   8  12 -23.98  -47.69  0.13E-11
2021   9   8  12 -23.93  -47.69  0.92E-12
2021   9   8  12 -23.83  -47.69  0.50E-12
2021   9   8  12 -23.78  -47.69  0.96E-12
2021   9   8  12 -23.73  -47.69  0.14E-11
2021   9   8  12 -24.38  -47.64  0.43E-12
2021   9   8  12 -24.33  -47.64  0.43E-12
2021   9   8  12 -24.28  -47.64  0.10E-11
2021   9   8  12 -24.23  -47.64  0.69E-12
2021   9   8  12 -24.18  -47.64  0.46E-12
2021   9   8  12 -24.13  -47.64  0.12E-11
2021   9   8  12 -24.08  -47.64  0.17E-11
2021   9   8  12 -24.03  -47.64  0.26E-11
2021   9   8  12 -23.88  -47.64  0.20E-11
2021   9   8  12 -23.83  -47.64  0.19E-11
2021   9   8  12 -23.78  -47.64  0.15E-11
2021   9   8  12 -23.68  -47.64  0.46E-12
2021   9   8  12 -23.63  -47.64  0.46E-12
2021   9   8  12 -24.48  -47.59  0.16E-11
2021   9   8  12 -24.43  -47.59  0.14E-11
2021   9   8  12 -24.38  -47.59  0.51E-12
2021   9   8  12 -24.33  -47.59  0.51E-12
2021   9   8  12 -24.28  -47.59  0.15E-11
2021   9   8  12 -24.23  -47.59  0.33E-11
2021   9   8  12 -24.18  -47.59  0.34E-12
2021   9   8  12 -24.13  -47.59  0.93E-12
2021   9   8  12 -24.08  -47.59  0.69E-12
2021   9   8  12 -24.03  -47.59  0.68E-12
2021   9   8  12 -23.98  -47.59  0.34E-12
2021   9   8  12 -23.88  -47.59  0.17E-11
2021   9   8  12 -23.78  -47.59  0.88E-12
2021   9   8  12 -23.73  -47.59  0.46E-12
2021   9   8  12 -24.48  -47.54  0.43E-12
2021   9   8  12 -24.43  -47.54  0.12E-11
2021   9   8  12 -24.38  -47.54  0.77E-12
2021   9   8  12 -24.28  -47.54  0.14E-11
2021   9   8  12 -24.23  -47.54  0.77E-12
2021   9   8  12 -24.18  -47.54  0.14E-11
2021   9   8  12 -24.13  -47.54  0.11E-11
2021   9   8  12 -24.08  -47.54  0.16E-11
2021   9   8  12 -24.03  -47.54  0.18E-11
2021   9   8  12 -23.98  -47.54  0.34E-12
2021   9   8  12 -23.93  -47.54  0.14E-11
2021   9   8  12 -23.88  -47.54  0.15E-11
2021   9   8  12 -23.83  -47.54  0.20E-11
2021   9   8  12 -23.73  -47.54  0.46E-12
2021   9   8  12 -24.43  -47.49  0.15E-11
2021   9   8  12 -24.28  -47.49  0.51E-12
2021   9   8  12 -24.23  -47.49  0.24E-11
2021   9   8  12 -24.18  -47.49  0.94E-12
2021   9   8  12 -24.13  -47.49  0.12E-11
2021   9   8  12 -24.08  -47.49  0.17E-11
2021   9   8  12 -24.03  -47.49  0.27E-11
2021   9   8  12 -23.98  -47.49  0.20E-11
2021   9   8  12 -23.93  -47.49  0.18E-11
2021   9   8  12 -23.88  -47.49  0.51E-12
2021   9   8  12 -23.83  -47.49  0.14E-11
2021   9   8  12 -23.78  -47.49  0.51E-12
2021   9   8  12 -23.73  -47.49  0.47E-12
2021   9   8  12 -24.58  -47.44  0.43E-12
2021   9   8  12 -24.48  -47.44  0.86E-12
2021   9   8  12 -24.33  -47.44  0.18E-11
2021   9   8  12 -24.28  -47.44  0.19E-11
2021   9   8  12 -24.23  -47.44  0.12E-11
2021   9   8  12 -24.18  -47.44  0.10E-11
2021   9   8  12 -24.13  -47.44  0.34E-12
2021   9   8  12 -24.08  -47.44  0.94E-12
2021   9   8  12 -24.03  -47.44  0.31E-11
2021   9   8  12 -23.98  -47.44  0.22E-11
2021   9   8  12 -23.93  -47.44  0.52E-12
2021   9   8  12 -23.88  -47.44  0.24E-11
2021   9   8  12 -23.83  -47.44  0.93E-12
2021   9   8  12 -23.78  -47.44  0.19E-11
2021   9   8  12 -23.73  -47.44  0.78E-12
2021   9   8  12 -23.63  -47.44  0.47E-12
2021   9   8  12 -24.88  -47.39  0.43E-12
2021   9   8  12 -24.58  -47.39  0.43E-12
2021   9   8  12 -24.48  -47.39  0.43E-12
2021   9   8  12 -24.43  -47.39  0.47E-12
2021   9   8  12 -24.33  -47.39  0.70E-12
2021   9   8  12 -24.28  -47.39  0.51E-12
2021   9   8  12 -24.18  -47.39  0.52E-12
2021   9   8  12 -24.13  -47.39  0.78E-12
2021   9   8  12 -24.08  -47.39  0.10E-11
2021   9   8  12 -24.03  -47.39  0.21E-11
2021   9   8  12 -23.98  -47.39  0.29E-11
2021   9   8  12 -23.88  -47.39  0.35E-11
2021   9   8  12 -23.83  -47.39  0.52E-12
2021   9   8  12 -23.78  -47.39  0.13E-11
2021   9   8  12 -23.73  -47.39  0.51E-12
2021   9   8  12 -24.88  -47.34  0.43E-12
2021   9   8  12 -24.58  -47.34  0.43E-12
2021   9   8  12 -24.48  -47.34  0.43E-12
2021   9   8  12 -24.38  -47.34  0.47E-12
2021   9   8  12 -24.33  -47.34  0.71E-12
2021   9   8  12 -24.28  -47.34  0.86E-12
2021   9   8  12 -24.23  -47.34  0.21E-11
2021   9   8  12 -24.18  -47.34  0.51E-12
2021   9   8  12 -24.13  -47.34  0.14E-11
2021   9   8  12 -24.08  -47.34  0.12E-11
2021   9   8  12 -24.03  -47.34  0.23E-11
2021   9   8  12 -23.98  -47.34  0.36E-11
2021   9   8  12 -23.93  -47.34  0.95E-12
2021   9   8  12 -23.88  -47.34  0.25E-11
2021   9   8  12 -23.83  -47.34  0.15E-11
2021   9   8  12 -23.78  -47.34  0.23E-11
2021   9   8  12 -23.73  -47.34  0.78E-12
2021   9   8  12 -23.68  -47.34  0.79E-12
2021   9   8  12 -24.58  -47.29  0.43E-12
2021   9   8  12 -24.53  -47.29  0.72E-12
2021   9   8  12 -24.28  -47.29  0.36E-12
2021   9   8  12 -24.23  -47.29  0.36E-12
2021   9   8  12 -24.18  -47.29  0.80E-12
2021   9   8  12 -24.13  -47.29  0.17E-11
2021   9   8  12 -24.08  -47.29  0.22E-11
2021   9   8  12 -24.03  -47.29  0.26E-11
2021   9   8  12 -23.98  -47.29  0.20E-11
2021   9   8  12 -23.93  -47.29  0.45E-12
2021   9   8  12 -23.88  -47.29  0.37E-11
2021   9   8  12 -23.83  -47.29  0.78E-12
2021   9   8  12 -23.78  -47.29  0.14E-11
2021   9   8  12 -23.73  -47.29  0.79E-12
2021   9   8  12 -24.53  -47.24  0.35E-12
2021   9   8  12 -24.28  -47.24  0.51E-12
2021   9   8  12 -24.18  -47.24  0.20E-11
2021   9   8  12 -24.08  -47.24  0.44E-12
2021   9   8  12 -24.03  -47.24  0.12E-11
2021   9   8  12 -23.98  -47.24  0.52E-12
2021   9   8  12 -23.93  -47.24  0.13E-11
2021   9   8  12 -23.88  -47.24  0.44E-11
2021   9   8  12 -23.83  -47.24  0.10E-11
2021   9   8  12 -23.78  -47.24  0.34E-11
2021   9   8  12 -23.73  -47.24  0.16E-11
2021   9   8  12 -23.68  -47.24  0.79E-12
2021   9   8  12 -24.53  -47.19  0.35E-12
2021   9   8  12 -24.43  -47.19  0.36E-12
2021   9   8  12 -24.38  -47.19  0.35E-12
2021   9   8  12 -24.28  -47.19  0.35E-12
2021   9   8  12 -24.23  -47.19  0.35E-12
2021   9   8  12 -24.08  -47.19  0.26E-11
2021   9   8  12 -24.03  -47.19  0.97E-12
2021   9   8  12 -23.98  -47.19  0.97E-12
2021   9   8  12 -23.88  -47.19  0.26E-11
2021   9   8  12 -23.83  -47.19  0.14E-11
2021   9   8  12 -23.68  -47.19  0.14E-11
2021   9   8  12 -23.58  -47.19  0.79E-12
2021   9   8  12 -24.63  -47.14  0.36E-12
2021   9   8  12 -24.48  -47.14  0.45E-12
2021   9   8  12 -24.38  -47.14  0.35E-12
2021   9   8  12 -24.28  -47.14  0.12E-11
2021   9   8  12 -24.23  -47.14  0.35E-12
2021   9   8  12 -24.13  -47.14  0.69E-12
2021   9   8  12 -24.08  -47.14  0.26E-11
2021   9   8  12 -24.03  -47.14  0.16E-11
2021   9   8  12 -23.98  -47.14  0.39E-11
2021   9   8  12 -23.93  -47.14  0.26E-11
2021   9   8  12 -23.88  -47.14  0.31E-11
2021   9   8  12 -23.83  -47.14  0.21E-11
2021   9   8  12 -23.78  -47.14  0.86E-12
2021   9   8  12 -24.43  -47.09  0.70E-12
2021   9   8  12 -24.28  -47.09  0.44E-12
2021   9   8  12 -24.23  -47.09  0.79E-12
2021   9   8  12 -24.18  -47.09  0.53E-12
2021   9   8  12 -24.13  -47.09  0.21E-11
2021   9   8  12 -24.08  -47.09  0.25E-11
2021   9   8  12 -24.03  -47.09  0.16E-11
2021   9   8  12 -23.98  -47.09  0.44E-11
2021   9   8  12 -23.93  -47.09  0.11E-11
2021   9   8  12 -23.88  -47.09  0.11E-11
2021   9   8  12 -23.83  -47.09  0.25E-11
2021   9   8  12 -23.78  -47.09  0.28E-11
2021   9   8  12 -23.63  -47.09  0.19E-11
2021   9   8  12 -24.43  -47.04  0.70E-12
2021   9   8  12 -24.38  -47.04  0.35E-12
2021   9   8  12 -24.33  -47.04  0.35E-12
2021   9   8  12 -24.28  -47.04  0.44E-12
2021   9   8  12 -24.23  -47.04  0.53E-12
2021   9   8  12 -24.13  -47.04  0.17E-11
2021   9   8  12 -24.08  -47.04  0.18E-11
2021   9   8  12 -24.03  -47.04  0.16E-11
2021   9   8  12 -23.98  -47.04  0.24E-11
2021   9   8  12 -23.93  -47.04  0.26E-11
2021   9   8  12 -23.88  -47.04  0.27E-11
2021   9   8  12 -23.83  -47.04  0.16E-11
2021   9   8  12 -23.78  -47.04  0.15E-11
2021   9   8  12 -23.73  -47.04  0.16E-11
2021   9   8  12 -24.43  -46.99  0.70E-12
2021   9   8  12 -24.33  -46.99  0.35E-12
2021   9   8  12 -24.23  -46.99  0.87E-12
2021   9   8  12 -24.18  -46.99  0.53E-12
2021   9   8  12 -24.13  -46.99  0.53E-12
2021   9   8  12 -24.08  -46.99  0.79E-12
2021   9   8  12 -24.03  -46.99  0.18E-11
2021   9   8  12 -23.98  -46.99  0.25E-11
2021   9   8  12 -23.93  -46.99  0.35E-12
2021   9   8  12 -23.88  -46.99  0.44E-11
2021   9   8  12 -23.83  -46.99  0.26E-11
2021   9   8  12 -23.78  -46.99  0.41E-11
2021   9   8  12 -23.73  -46.99  0.34E-11
2021   9   8  12 -23.68  -46.99  0.95E-12
2021   9   8  12 -24.43  -46.94  0.70E-12
2021   9   8  12 -24.18  -46.94  0.10E-11
2021   9   8  12 -24.13  -46.94  0.15E-11
2021   9   8  12 -24.08  -46.94  0.25E-11
2021   9   8  12 -24.03  -46.94  0.18E-11
2021   9   8  12 -23.98  -46.94  0.19E-11
2021   9   8  12 -23.93  -46.94  0.16E-11
2021   9   8  12 -23.88  -46.94  0.20E-11
2021   9   8  12 -23.83  -46.94  0.14E-11
2021   9   8  12 -23.78  -46.94  0.36E-11
2021   9   8  12 -23.73  -46.94  0.10E-11
2021   9   8  12 -24.18  -46.89  0.35E-12
2021   9   8  12 -24.08  -46.89  0.15E-11
2021   9   8  12 -24.03  -46.89  0.13E-11
2021   9   8  12 -23.98  -46.89  0.38E-11
2021   9   8  12 -23.93  -46.89  0.28E-11
2021   9   8  12 -23.88  -46.89  0.36E-11
2021   9   8  12 -23.83  -46.89  0.43E-11
2021   9   8  12 -23.78  -46.89  0.80E-12
2021   9   8  12 -23.73  -46.89  0.18E-11
2021   9   8  12 -23.68  -46.89  0.80E-12
2021   9   8  12 -24.63  -46.84  0.70E-12
2021   9   8  12 -24.48  -46.84  0.35E-12
2021   9   8  12 -24.43  -46.84  0.44E-12
2021   9   8  12 -24.23  -46.84  0.70E-12
2021   9   8  12 -24.13  -46.84  0.14E-11
2021   9   8  12 -24.08  -46.84  0.24E-11
2021   9   8  12 -23.98  -46.84  0.33E-11
2021   9   8  12 -23.93  -46.84  0.34E-11
2021   9   8  12 -23.88  -46.84  0.44E-11
2021   9   8  12 -23.83  -46.84  0.44E-11
2021   9   8  12 -23.78  -46.84  0.19E-11
2021   9   8  12 -23.73  -46.84  0.27E-11
2021   9   8  12 -24.63  -46.79  0.35E-12
2021   9   8  12 -24.33  -46.79  0.79E-12
2021   9   8  12 -24.18  -46.79  0.44E-12
2021   9   8  12 -24.13  -46.79  0.11E-11
2021   9   8  12 -24.08  -46.79  0.19E-11
2021   9   8  12 -24.03  -46.79  0.44E-12
2021   9   8  12 -23.98  -46.79  0.18E-11
2021   9   8  12 -23.93  -46.79  0.21E-11
2021   9   8  12 -23.88  -46.79  0.18E-11
2021   9   8  12 -23.83  -46.79  0.25E-11
2021   9   8  12 -23.78  -46.79  0.52E-11
2021   9   8  12 -23.73  -46.79  0.24E-11
2021   9   8  12 -24.13  -46.74  0.44E-12
2021   9   8  12 -24.08  -46.74  0.79E-12
2021   9   8  12 -24.03  -46.74  0.15E-11
2021   9   8  12 -23.98  -46.74  0.45E-11
2021   9   8  12 -23.93  -46.74  0.27E-11
2021   9   8  12 -23.88  -46.74  0.76E-11
2021   9   8  12 -23.83  -46.74  0.78E-11
2021   9   8  12 -23.78  -46.74  0.18E-11
2021   9   8  12 -23.73  -46.74  0.31E-11
2021   9   8  12 -24.08  -46.69  0.35E-12
2021   9   8  12 -24.03  -46.69  0.35E-12
2021   9   8  12 -23.98  -46.69  0.25E-11
2021   9   8  12 -23.93  -46.69  0.41E-11
2021   9   8  12 -23.88  -46.69  0.41E-11
2021   9   8  12 -23.83  -46.69  0.55E-11
2021   9   8  12 -23.78  -46.69  0.48E-11
2021   9   8  12 -23.73  -46.69  0.14E-11
2021   9   8  12 -24.13  -46.64  0.36E-12
2021   9   8  12 -24.08  -46.64  0.36E-12
2021   9   8  12 -23.98  -46.64  0.18E-11
2021   9   8  12 -23.93  -46.64  0.48E-11
2021   9   8  12 -23.88  -46.64  0.94E-11
2021   9   8  12 -23.83  -46.64  0.73E-11
2021   9   8  12 -23.78  -46.64  0.64E-11
2021   9   8  12 -23.98  -46.59  0.36E-12
2021   9   8  12 -23.93  -46.59  0.23E-11
2021   9   8  12 -23.88  -46.59  0.11E-10
2021   9   8  12 -23.83  -46.59  0.14E-10
2021   9   8  12 -23.78  -46.59  0.84E-11
2021   9   8  12 -23.93  -46.54  0.33E-11
2021   9   8  12 -23.88  -46.54  0.17E-10
2021   9   8  12 -23.83  -46.54  0.17E-10
2021   9   8  12 -23.78  -46.54  0.70E-11
2021   9   8  12 -23.88  -46.49  0.11E-10
2021   9   8  12 -23.83  -46.49  0.36E-10
2021   9   8  12 -23.78  -46.49  0.65E-11
2021   9   8  12 -23.88  -46.44  0.69E-12
2021   9   8  12 -23.83  -46.44  0.77E-10
2021   9   8  12 -23.78  -46.44  0.24E-12
2021   9   8  12 -23.83  -46.39  0.52E-10
2021   9   9   0 -25.58  -48.94  0.62E-12
2021   9   9   0 -25.53  -48.94  0.77E-12
2021   9   9   0 -25.58  -48.89  0.12E-11
2021   9   9   0 -25.38  -48.89  0.15E-12
2021   9   9   0 -25.43  -48.84  0.15E-12
2021   9   9   0 -25.38  -48.84  0.15E-12
2021   9   9   0 -24.73  -48.84  0.46E-12
2021   9   9   0 -25.43  -48.79  0.94E-12
2021   9   9   0 -25.38  -48.79  0.56E-12
2021   9   9   0 -24.98  -48.79  0.15E-12
2021   9   9   0 -24.78  -48.79  0.15E-12
2021   9   9   0 -25.38  -48.74  0.11E-11
2021   9   9   0 -25.18  -48.74  0.46E-12
2021   9   9   0 -25.03  -48.74  0.31E-12
2021   9   9   0 -24.98  -48.74  0.15E-12
2021   9   9   0 -24.93  -48.74  0.63E-12
2021   9   9   0 -25.53  -48.69  0.12E-11
2021   9   9   0 -25.38  -48.69  0.11E-11
2021   9   9   0 -25.33  -48.69  0.70E-12
2021   9   9   0 -25.18  -48.69  0.31E-12
2021   9   9   0 -25.08  -48.69  0.62E-12
2021   9   9   0 -24.93  -48.69  0.47E-12
2021   9   9   0 -24.68  -48.69  0.66E-12
2021   9   9   0 -25.73  -48.64  0.74E-12
2021   9   9   0 -25.68  -48.64  0.16E-12
2021   9   9   0 -25.53  -48.64  0.15E-12
2021   9   9   0 -25.38  -48.64  0.85E-12
2021   9   9   0 -25.33  -48.64  0.32E-12
2021   9   9   0 -25.28  -48.64  0.31E-12
2021   9   9   0 -25.23  -48.64  0.16E-12
2021   9   9   0 -25.18  -48.64  0.31E-12
2021   9   9   0 -25.13  -48.64  0.78E-12
2021   9   9   0 -24.88  -48.64  0.48E-12
2021   9   9   0 -24.68  -48.64  0.44E-12
2021   9   9   0 -25.73  -48.59  0.20E-11
2021   9   9   0 -25.68  -48.59  0.29E-12
2021   9   9   0 -25.48  -48.59  0.14E-12
2021   9   9   0 -25.38  -48.59  0.28E-12
2021   9   9   0 -25.33  -48.59  0.16E-12
2021   9   9   0 -25.23  -48.59  0.31E-12
2021   9   9   0 -25.18  -48.59  0.14E-11
2021   9   9   0 -25.08  -48.59  0.16E-12
2021   9   9   0 -24.88  -48.59  0.32E-12
2021   9   9   0 -24.83  -48.59  0.32E-12
2021   9   9   0 -25.73  -48.54  0.49E-12
2021   9   9   0 -25.68  -48.54  0.20E-11
2021   9   9   0 -25.63  -48.54  0.16E-12
2021   9   9   0 -25.48  -48.54  0.12E-11
2021   9   9   0 -25.43  -48.54  0.14E-12
2021   9   9   0 -25.33  -48.54  0.32E-12
2021   9   9   0 -25.28  -48.54  0.16E-12
2021   9   9   0 -25.23  -48.54  0.16E-12
2021   9   9   0 -25.18  -48.54  0.79E-12
2021   9   9   0 -24.83  -48.54  0.64E-12
2021   9   9   0 -24.48  -48.54  0.89E-12
2021   9   9   0 -25.68  -48.49  0.21E-11
2021   9   9   0 -25.63  -48.49  0.48E-12
2021   9   9   0 -25.58  -48.49  0.28E-12
2021   9   9   0 -25.48  -48.49  0.16E-12
2021   9   9   0 -25.43  -48.49  0.57E-12
2021   9   9   0 -25.38  -48.49  0.16E-12
2021   9   9   0 -25.33  -48.49  0.32E-12
2021   9   9   0 -25.28  -48.49  0.48E-12
2021   9   9   0 -25.23  -48.49  0.57E-12
2021   9   9   0 -25.13  -48.49  0.48E-12
2021   9   9   0 -25.03  -48.49  0.14E-12
2021   9   9   0 -24.93  -48.49  0.16E-11
2021   9   9   0 -24.88  -48.49  0.16E-12
2021   9   9   0 -24.78  -48.49  0.24E-12
2021   9   9   0 -24.48  -48.49  0.22E-12
2021   9   9   0 -24.33  -48.49  0.22E-12
2021   9   9   0 -25.78  -48.44  0.66E-12
2021   9   9   0 -25.68  -48.44  0.44E-12
2021   9   9   0 -25.63  -48.44  0.54E-12
2021   9   9   0 -25.58  -48.44  0.56E-12
2021   9   9   0 -25.53  -48.44  0.56E-12
2021   9   9   0 -25.43  -48.44  0.58E-12
2021   9   9   0 -25.38  -48.44  0.46E-12
2021   9   9   0 -25.33  -48.44  0.16E-12
2021   9   9   0 -25.23  -48.44  0.28E-12
2021   9   9   0 -25.18  -48.44  0.38E-12
2021   9   9   0 -25.13  -48.44  0.79E-12
2021   9   9   0 -25.08  -48.44  0.16E-12
2021   9   9   0 -24.93  -48.44  0.12E-11
2021   9   9   0 -24.88  -48.44  0.16E-12
2021   9   9   0 -24.78  -48.44  0.24E-12
2021   9   9   0 -24.68  -48.44  0.22E-12
2021   9   9   0 -24.53  -48.44  0.49E-12
2021   9   9   0 -24.48  -48.44  0.11E-11
2021   9   9   0 -24.43  -48.44  0.25E-12
2021   9   9   0 -24.38  -48.44  0.22E-12
2021   9   9   0 -25.83  -48.39  0.32E-12
2021   9   9   0 -25.73  -48.39  0.28E-12
2021   9   9   0 -25.63  -48.39  0.49E-12
2021   9   9   0 -25.58  -48.39  0.99E-12
2021   9   9   0 -25.43  -48.39  0.32E-12
2021   9   9   0 -25.38  -48.39  0.31E-12
2021   9   9   0 -25.28  -48.39  0.17E-12
2021   9   9   0 -25.18  -48.39  0.14E-11
2021   9   9   0 -25.08  -48.39  0.44E-12
2021   9   9   0 -25.03  -48.39  0.12E-11
2021   9   9   0 -24.98  -48.39  0.24E-12
2021   9   9   0 -24.93  -48.39  0.57E-12
2021   9   9   0 -24.88  -48.39  0.74E-12
2021   9   9   0 -24.78  -48.39  0.32E-12
2021   9   9   0 -24.73  -48.39  0.56E-12
2021   9   9   0 -24.68  -48.39  0.45E-12
2021   9   9   0 -24.53  -48.39  0.49E-12
2021   9   9   0 -24.48  -48.39  0.67E-12
2021   9   9   0 -24.33  -48.39  0.22E-12
2021   9   9   0 -25.83  -48.34  0.16E-12
2021   9   9   0 -25.63  -48.34  0.31E-12
2021   9   9   0 -25.58  -48.34  0.83E-12
2021   9   9   0 -25.38  -48.34  0.15E-12
2021   9   9   0 -25.28  -48.34  0.16E-12
2021   9   9   0 -25.23  -48.34  0.79E-12
2021   9   9   0 -25.18  -48.34  0.11E-11
2021   9   9   0 -25.08  -48.34  0.97E-12
2021   9   9   0 -24.93  -48.34  0.32E-12
2021   9   9   0 -24.88  -48.34  0.49E-12
2021   9   9   0 -24.83  -48.34  0.32E-12
2021   9   9   0 -24.73  -48.34  0.49E-12
2021   9   9   0 -24.68  -48.34  0.22E-12
2021   9   9   0 -24.53  -48.34  0.75E-12
2021   9   9   0 -24.48  -48.34  0.22E-12
2021   9   9   0 -24.43  -48.34  0.25E-12
2021   9   9   0 -24.33  -48.34  0.30E-12
2021   9   9   0 -24.28  -48.34  0.30E-12
2021   9   9   0 -24.03  -48.34  0.22E-12
2021   9   9   0 -26.18  -48.29  0.13E-11
2021   9   9   0 -25.78  -48.29  0.14E-12
2021   9   9   0 -25.58  -48.29  0.17E-12
2021   9   9   0 -25.53  -48.29  0.43E-12
2021   9   9   0 -25.38  -48.29  0.20E-11
2021   9   9   0 -25.28  -48.29  0.20E-11
2021   9   9   0 -25.23  -48.29  0.98E-12
2021   9   9   0 -25.18  -48.29  0.80E-12
2021   9   9   0 -25.13  -48.29  0.12E-11
2021   9   9   0 -25.08  -48.29  0.72E-12
2021   9   9   0 -25.03  -48.29  0.63E-12
2021   9   9   0 -24.98  -48.29  0.31E-12
2021   9   9   0 -24.88  -48.29  0.14E-11
2021   9   9   0 -24.83  -48.29  0.82E-12
2021   9   9   0 -24.68  -48.29  0.22E-12
2021   9   9   0 -24.53  -48.29  0.55E-12
2021   9   9   0 -24.48  -48.29  0.30E-12
2021   9   9   0 -24.43  -48.29  0.24E-12
2021   9   9   0 -24.33  -48.29  0.71E-12
2021   9   9   0 -24.28  -48.29  0.30E-12
2021   9   9   0 -24.23  -48.29  0.45E-12
2021   9   9   0 -26.13  -48.24  0.16E-12
2021   9   9   0 -25.78  -48.24  0.56E-12
2021   9   9   0 -25.73  -48.24  0.10E-11
2021   9   9   0 -25.63  -48.24  0.62E-12
2021   9   9   0 -25.58  -48.24  0.66E-12
2021   9   9   0 -25.38  -48.24  0.15E-11
2021   9   9   0 -25.33  -48.24  0.88E-12
2021   9   9   0 -25.28  -48.24  0.48E-12
2021   9   9   0 -25.23  -48.24  0.81E-12
2021   9   9   0 -25.13  -48.24  0.11E-11
2021   9   9   0 -25.08  -48.24  0.17E-11
2021   9   9   0 -25.03  -48.24  0.13E-11
2021   9   9   0 -24.93  -48.24  0.25E-12
2021   9   9   0 -24.88  -48.24  0.87E-12
2021   9   9   0 -24.83  -48.24  0.50E-12
2021   9   9   0 -24.78  -48.24  0.16E-12
2021   9   9   0 -24.68  -48.24  0.47E-12
2021   9   9   0 -24.53  -48.24  0.55E-12
2021   9   9   0 -24.48  -48.24  0.45E-12
2021   9   9   0 -24.43  -48.24  0.47E-12
2021   9   9   0 -24.33  -48.24  0.98E-12
2021   9   9   0 -24.23  -48.24  0.60E-12
2021   9   9   0 -24.18  -48.24  0.24E-12
2021   9   9   0 -23.98  -48.24  0.60E-12
2021   9   9   0 -25.78  -48.19  0.13E-11
2021   9   9   0 -25.73  -48.19  0.10E-11
2021   9   9   0 -25.68  -48.19  0.25E-12
2021   9   9   0 -25.63  -48.19  0.31E-12
2021   9   9   0 -25.58  -48.19  0.16E-12
2021   9   9   0 -25.38  -48.19  0.26E-11
2021   9   9   0 -25.33  -48.19  0.73E-12
2021   9   9   0 -25.28  -48.19  0.14E-11
2021   9   9   0 -25.13  -48.19  0.64E-12
2021   9   9   0 -25.08  -48.19  0.14E-11
2021   9   9   0 -25.03  -48.19  0.13E-11
2021   9   9   0 -24.98  -48.19  0.13E-11
2021   9   9   0 -24.88  -48.19  0.75E-12
2021   9   9   0 -24.83  -48.19  0.41E-12
2021   9   9   0 -24.68  -48.19  0.22E-12
2021   9   9   0 -24.63  -48.19  0.22E-12
2021   9   9   0 -24.58  -48.19  0.22E-12
2021   9   9   0 -24.48  -48.19  0.22E-12
2021   9   9   0 -24.38  -48.19  0.24E-12
2021   9   9   0 -24.28  -48.19  0.30E-12
2021   9   9   0 -24.23  -48.19  0.22E-12
2021   9   9   0 -24.13  -48.19  0.30E-12
2021   9   9   0 -24.03  -48.19  0.30E-12
2021   9   9   0 -23.68  -48.19  0.30E-12
2021   9   9   0 -26.23  -48.14  0.16E-12
2021   9   9   0 -25.88  -48.14  0.10E-11
2021   9   9   0 -25.78  -48.14  0.42E-12
2021   9   9   0 -25.73  -48.14  0.17E-12
2021   9   9   0 -25.68  -48.14  0.74E-12
2021   9   9   0 -25.63  -48.14  0.75E-12
2021   9   9   0 -25.53  -48.14  0.16E-12
2021   9   9   0 -25.48  -48.14  0.82E-12
2021   9   9   0 -25.43  -48.14  0.16E-12
2021   9   9   0 -25.38  -48.14  0.16E-11
2021   9   9   0 -25.33  -48.14  0.98E-12
2021   9   9   0 -25.28  -48.14  0.65E-12
2021   9   9   0 -25.18  -48.14  0.86E-12
2021   9   9   0 -25.13  -48.14  0.83E-12
2021   9   9   0 -25.08  -48.14  0.18E-11
2021   9   9   0 -24.98  -48.14  0.16E-12
2021   9   9   0 -24.93  -48.14  0.48E-12
2021   9   9   0 -24.88  -48.14  0.25E-12
2021   9   9   0 -24.83  -48.14  0.49E-12
2021   9   9   0 -24.68  -48.14  0.67E-12
2021   9   9   0 -24.63  -48.14  0.30E-12
2021   9   9   0 -24.53  -48.14  0.33E-12
2021   9   9   0 -24.43  -48.14  0.33E-12
2021   9   9   0 -24.38  -48.14  0.66E-12
2021   9   9   0 -24.33  -48.14  0.24E-12
2021   9   9   0 -24.03  -48.14  0.30E-12
2021   9   9   0 -23.83  -48.14  0.22E-12
2021   9   9   0 -26.23  -48.09  0.33E-12
2021   9   9   0 -25.68  -48.09  0.16E-12
2021   9   9   0 -25.63  -48.09  0.50E-12
2021   9   9   0 -25.48  -48.09  0.11E-11
2021   9   9   0 -25.38  -48.09  0.23E-11
2021   9   9   0 -25.33  -48.09  0.13E-11
2021   9   9   0 -25.13  -48.09  0.21E-11
2021   9   9   0 -25.08  -48.09  0.23E-11
2021   9   9   0 -24.93  -48.09  0.50E-12
2021   9   9   0 -24.88  -48.09  0.83E-12
2021   9   9   0 -24.83  -48.09  0.49E-12
2021   9   9   0 -24.78  -48.09  0.49E-12
2021   9   9   0 -24.63  -48.09  0.30E-12
2021   9   9   0 -24.53  -48.09  0.81E-12
2021   9   9   0 -24.48  -48.09  0.58E-12
2021   9   9   0 -24.43  -48.09  0.66E-12
2021   9   9   0 -24.38  -48.09  0.66E-12
2021   9   9   0 -24.23  -48.09  0.25E-12
2021   9   9   0 -24.18  -48.09  0.50E-12
2021   9   9   0 -24.03  -48.09  0.30E-12
2021   9   9   0 -23.98  -48.09  0.30E-12
2021   9   9   0 -23.83  -48.09  0.60E-12
2021   9   9   0 -25.63  -48.04  0.66E-12
2021   9   9   0 -25.48  -48.04  0.10E-11
2021   9   9   0 -25.38  -48.04  0.11E-11
2021   9   9   0 -25.33  -48.04  0.16E-12
2021   9   9   0 -25.28  -48.04  0.16E-12
2021   9   9   0 -25.13  -48.04  0.16E-12
2021   9   9   0 -25.08  -48.04  0.25E-12
2021   9   9   0 -24.93  -48.04  0.16E-12
2021   9   9   0 -24.88  -48.04  0.88E-12
2021   9   9   0 -24.83  -48.04  0.16E-12
2021   9   9   0 -24.78  -48.04  0.71E-12
2021   9   9   0 -24.73  -48.04  0.26E-12
2021   9   9   0 -24.58  -48.04  0.49E-12
2021   9   9   0 -24.53  -48.04  0.10E-11
2021   9   9   0 -24.48  -48.04  0.51E-12
2021   9   9   0 -24.43  -48.04  0.25E-12
2021   9   9   0 -24.38  -48.04  0.14E-11
2021   9   9   0 -24.33  -48.04  0.50E-12
2021   9   9   0 -24.23  -48.04  0.58E-12
2021   9   9   0 -24.18  -48.04  0.83E-12
2021   9   9   0 -24.13  -48.04  0.66E-12
2021   9   9   0 -24.08  -48.04  0.66E-12
2021   9   9   0 -23.98  -48.04  0.64E-12
2021   9   9   0 -26.18  -47.99  0.16E-12
2021   9   9   0 -26.08  -47.99  0.16E-12
2021   9   9   0 -25.93  -47.99  0.16E-12
2021   9   9   0 -25.48  -47.99  0.26E-12
2021   9   9   0 -25.43  -47.99  0.26E-12
2021   9   9   0 -25.38  -47.99  0.49E-12
2021   9   9   0 -25.18  -47.99  0.32E-12
2021   9   9   0 -25.13  -47.99  0.99E-12
2021   9   9   0 -24.83  -47.99  0.75E-12
2021   9   9   0 -24.78  -47.99  0.12E-11
2021   9   9   0 -24.73  -47.99  0.26E-12
2021   9   9   0 -24.68  -47.99  0.74E-12
2021   9   9   0 -24.53  -47.99  0.10E-11
2021   9   9   0 -24.48  -47.99  0.11E-11
2021   9   9   0 -24.38  -47.99  0.33E-12
2021   9   9   0 -24.28  -47.99  0.34E-12
2021   9   9   0 -24.23  -47.99  0.83E-12
2021   9   9   0 -24.08  -47.99  0.58E-12
2021   9   9   0 -24.03  -47.99  0.98E-12
2021   9   9   0 -23.98  -47.99  0.33E-12
2021   9   9   0 -25.48  -47.94  0.90E-12
2021   9   9   0 -25.38  -47.94  0.65E-12
2021   9   9   0 -25.33  -47.94  0.65E-12
2021   9   9   0 -25.18  -47.94  0.80E-12
2021   9   9   0 -25.13  -47.94  0.50E-12
2021   9   9   0 -25.08  -47.94  0.30E-12
2021   9   9   0 -24.98  -47.94  0.10E-11
2021   9   9   0 -24.93  -47.94  0.25E-12
2021   9   9   0 -24.83  -47.94  0.42E-12
2021   9   9   0 -24.78  -47.94  0.74E-12
2021   9   9   0 -24.73  -47.94  0.10E-11
2021   9   9   0 -24.68  -47.94  0.75E-12
2021   9   9   0 -24.63  -47.94  0.58E-12
2021   9   9   0 -24.58  -47.94  0.25E-12
2021   9   9   0 -24.48  -47.94  0.50E-12
2021   9   9   0 -24.38  -47.94  0.33E-12
2021   9   9   0 -24.33  -47.94  0.34E-12
2021   9   9   0 -24.28  -47.94  0.76E-12
2021   9   9   0 -24.13  -47.94  0.68E-12
2021   9   9   0 -24.03  -47.94  0.67E-12
2021   9   9   0 -25.53  -47.89  0.16E-12
2021   9   9   0 -25.48  -47.89  0.10E-11
2021   9   9   0 -25.43  -47.89  0.25E-12
2021   9   9   0 -25.38  -47.89  0.16E-12
2021   9   9   0 -25.33  -47.89  0.21E-11
2021   9   9   0 -25.28  -47.89  0.44E-12
2021   9   9   0 -25.23  -47.89  0.16E-11
2021   9   9   0 -25.18  -47.89  0.97E-12
2021   9   9   0 -25.08  -47.89  0.12E-11
2021   9   9   0 -24.98  -47.89  0.50E-12
2021   9   9   0 -24.93  -47.89  0.50E-12
2021   9   9   0 -24.78  -47.89  0.59E-12
2021   9   9   0 -24.73  -47.89  0.11E-11
2021   9   9   0 -24.68  -47.89  0.11E-11
2021   9   9   0 -24.63  -47.89  0.25E-12
2021   9   9   0 -24.58  -47.89  0.49E-12
2021   9   9   0 -24.53  -47.89  0.51E-12
2021   9   9   0 -24.48  -47.89  0.51E-12
2021   9   9   0 -24.43  -47.89  0.34E-12
2021   9   9   0 -24.28  -47.89  0.34E-12
2021   9   9   0 -24.23  -47.89  0.25E-12
2021   9   9   0 -24.18  -47.89  0.66E-12
2021   9   9   0 -24.13  -47.89  0.59E-12
2021   9   9   0 -24.08  -47.89  0.68E-12
2021   9   9   0 -25.58  -47.84  0.65E-12
2021   9   9   0 -25.48  -47.84  0.16E-12
2021   9   9   0 -25.38  -47.84  0.32E-12
2021   9   9   0 -25.33  -47.84  0.66E-12
2021   9   9   0 -25.28  -47.84  0.44E-12
2021   9   9   0 -25.23  -47.84  0.81E-12
2021   9   9   0 -24.73  -47.84  0.26E-12
2021   9   9   0 -24.53  -47.84  0.25E-12
2021   9   9   0 -24.48  -47.84  0.11E-11
2021   9   9   0 -24.38  -47.84  0.34E-12
2021   9   9   0 -24.28  -47.84  0.51E-12
2021   9   9   0 -24.23  -47.84  0.34E-12
2021   9   9   0 -24.13  -47.84  0.92E-12
2021   9   9   0 -24.08  -47.84  0.34E-12
2021   9   9   0 -23.98  -47.84  0.25E-12
2021   9   9   0 -25.58  -47.79  0.11E-11
2021   9   9   0 -25.33  -47.79  0.16E-12
2021   9   9   0 -25.23  -47.79  0.13E-11
2021   9   9   0 -25.08  -47.79  0.67E-12
2021   9   9   0 -24.73  -47.79  0.26E-12
2021   9   9   0 -24.53  -47.79  0.50E-12
2021   9   9   0 -24.48  -47.79  0.68E-12
2021   9   9   0 -24.38  -47.79  0.11E-11
2021   9   9   0 -24.33  -47.79  0.85E-12
2021   9   9   0 -24.23  -47.79  0.68E-12
2021   9   9   0 -24.18  -47.79  0.33E-12
2021   9   9   0 -24.13  -47.79  0.34E-12
2021   9   9   0 -25.58  -47.74  0.98E-12
2021   9   9   0 -25.23  -47.74  0.49E-12
2021   9   9   0 -25.18  -47.74  0.17E-12
2021   9   9   0 -25.08  -47.74  0.17E-12
2021   9   9   0 -24.78  -47.74  0.56E-12
2021   9   9   0 -24.73  -47.74  0.13E-11
2021   9   9   0 -24.63  -47.74  0.26E-12
2021   9   9   0 -24.58  -47.74  0.30E-12
2021   9   9   0 -24.48  -47.74  0.35E-12
2021   9   9   0 -24.33  -47.74  0.25E-12
2021   9   9   0 -24.18  -47.74  0.34E-12
2021   9   9   0 -24.13  -47.74  0.16E-11
2021   9   9   0 -24.08  -47.74  0.34E-12
2021   9   9   0 -23.98  -47.74  0.34E-12
2021   9   9   0 -25.53  -47.69  0.16E-12
2021   9   9   0 -25.23  -47.69  0.33E-12
2021   9   9   0 -25.08  -47.69  0.34E-12
2021   9   9   0 -24.93  -47.69  0.58E-12
2021   9   9   0 -24.88  -47.69  0.25E-12
2021   9   9   0 -24.78  -47.69  0.11E-11
2021   9   9   0 -24.68  -47.69  0.25E-12
2021   9   9   0 -24.58  -47.69  0.30E-12
2021   9   9   0 -24.48  -47.69  0.10E-11
2021   9   9   0 -24.33  -47.69  0.51E-12
2021   9   9   0 -24.28  -47.69  0.68E-12
2021   9   9   0 -24.23  -47.69  0.15E-11
2021   9   9   0 -24.13  -47.69  0.68E-12
2021   9   9   0 -24.08  -47.69  0.68E-12
2021   9   9   0 -24.03  -47.69  0.34E-12
2021   9   9   0 -25.58  -47.64  0.16E-12
2021   9   9   0 -25.48  -47.64  0.67E-12
2021   9   9   0 -25.03  -47.64  0.17E-11
2021   9   9   0 -24.98  -47.64  0.17E-12
2021   9   9   0 -24.88  -47.64  0.51E-12
2021   9   9   0 -24.78  -47.64  0.12E-11
2021   9   9   0 -24.73  -47.64  0.26E-12
2021   9   9   0 -24.63  -47.64  0.25E-12
2021   9   9   0 -24.58  -47.64  0.30E-12
2021   9   9   0 -24.48  -47.64  0.34E-12
2021   9   9   0 -24.33  -47.64  0.86E-12
2021   9   9   0 -24.28  -47.64  0.10E-11
2021   9   9   0 -24.23  -47.64  0.26E-12
2021   9   9   0 -24.18  -47.64  0.26E-12
2021   9   9   0 -24.13  -47.64  0.34E-12
2021   9   9   0 -24.08  -47.64  0.26E-12
2021   9   9   0 -24.03  -47.64  0.34E-12
2021   9   9   0 -25.63  -47.59  0.65E-12
2021   9   9   0 -25.48  -47.59  0.17E-12
2021   9   9   0 -25.03  -47.59  0.22E-11
2021   9   9   0 -24.98  -47.59  0.67E-12
2021   9   9   0 -24.88  -47.59  0.32E-12
2021   9   9   0 -24.78  -47.59  0.95E-12
2021   9   9   0 -24.68  -47.59  0.11E-11
2021   9   9   0 -24.63  -47.59  0.11E-11
2021   9   9   0 -24.43  -47.59  0.53E-12
2021   9   9   0 -24.33  -47.59  0.35E-12
2021   9   9   0 -24.28  -47.59  0.95E-12
2021   9   9   0 -24.23  -47.59  0.26E-12
2021   9   9   0 -24.08  -47.59  0.35E-12
2021   9   9   0 -24.03  -47.59  0.34E-12
2021   9   9   0 -25.63  -47.54  0.13E-11
2021   9   9   0 -25.48  -47.54  0.10E-11
2021   9   9   0 -25.03  -47.54  0.13E-11
2021   9   9   0 -24.88  -47.54  0.51E-12
2021   9   9   0 -24.78  -47.54  0.10E-11
2021   9   9   0 -24.68  -47.54  0.59E-12
2021   9   9   0 -24.48  -47.54  0.26E-12
2021   9   9   0 -24.43  -47.54  0.53E-12
2021   9   9   0 -24.38  -47.54  0.25E-12
2021   9   9   0 -24.33  -47.54  0.61E-12
2021   9   9   0 -24.28  -47.54  0.34E-12
2021   9   9   0 -24.18  -47.54  0.35E-12
2021   9   9   0 -24.03  -47.54  0.35E-12
2021   9   9   0 -25.63  -47.49  0.11E-11
2021   9   9   0 -25.48  -47.49  0.12E-11
2021   9   9   0 -25.08  -47.49  0.50E-12
2021   9   9   0 -25.03  -47.49  0.83E-12
2021   9   9   0 -24.98  -47.49  0.67E-12
2021   9   9   0 -24.93  -47.49  0.50E-12
2021   9   9   0 -24.68  -47.49  0.26E-12
2021   9   9   0 -24.58  -47.49  0.25E-12
2021   9   9   0 -24.53  -47.49  0.69E-12
2021   9   9   0 -24.43  -47.49  0.78E-12
2021   9   9   0 -24.38  -47.49  0.36E-12
2021   9   9   0 -24.33  -47.49  0.35E-12
2021   9   9   0 -24.28  -47.49  0.36E-12
2021   9   9   0 -24.23  -47.49  0.69E-12
2021   9   9   0 -24.18  -47.49  0.26E-12
2021   9   9   0 -24.13  -47.49  0.61E-12
2021   9   9   0 -24.08  -47.49  0.68E-12
2021   9   9   0 -24.03  -47.49  0.35E-12
2021   9   9   0 -25.63  -47.44  0.33E-12
2021   9   9   0 -25.58  -47.44  0.81E-12
2021   9   9   0 -25.53  -47.44  0.17E-12
2021   9   9   0 -25.48  -47.44  0.50E-12
2021   9   9   0 -25.28  -47.44  0.17E-12
2021   9   9   0 -25.23  -47.44  0.34E-12
2021   9   9   0 -25.08  -47.44  0.10E-11
2021   9   9   0 -24.93  -47.44  0.12E-11
2021   9   9   0 -24.88  -47.44  0.66E-12
2021   9   9   0 -24.83  -47.44  0.40E-12
2021   9   9   0 -24.78  -47.44  0.34E-12
2021   9   9   0 -24.68  -47.44  0.78E-12
2021   9   9   0 -24.53  -47.44  0.25E-12
2021   9   9   0 -24.48  -47.44  0.53E-12
2021   9   9   0 -24.43  -47.44  0.26E-12
2021   9   9   0 -24.38  -47.44  0.26E-12
2021   9   9   0 -24.33  -47.44  0.25E-12
2021   9   9   0 -24.28  -47.44  0.35E-12
2021   9   9   0 -24.23  -47.44  0.10E-11
2021   9   9   0 -24.18  -47.44  0.70E-12
2021   9   9   0 -25.58  -47.39  0.82E-12
2021   9   9   0 -25.48  -47.39  0.67E-12
2021   9   9   0 -25.28  -47.39  0.50E-12
2021   9   9   0 -25.08  -47.39  0.17E-12
2021   9   9   0 -24.98  -47.39  0.51E-12
2021   9   9   0 -24.93  -47.39  0.10E-11
2021   9   9   0 -24.88  -47.39  0.30E-12
2021   9   9   0 -24.83  -47.39  0.34E-12
2021   9   9   0 -24.78  -47.39  0.76E-12
2021   9   9   0 -24.63  -47.39  0.34E-12
2021   9   9   0 -24.53  -47.39  0.77E-12
2021   9   9   0 -24.38  -47.39  0.26E-12
2021   9   9   0 -24.23  -47.39  0.86E-12
2021   9   9   0 -24.18  -47.39  0.35E-12
2021   9   9   0 -24.13  -47.39  0.70E-12
2021   9   9   0 -24.03  -47.39  0.34E-12
2021   9   9   0 -26.28  -47.34  0.50E-12
2021   9   9   0 -25.83  -47.34  0.33E-12
2021   9   9   0 -25.78  -47.34  0.48E-12
2021   9   9   0 -25.58  -47.34  0.16E-12
2021   9   9   0 -25.48  -47.34  0.17E-12
2021   9   9   0 -25.43  -47.34  0.31E-12
2021   9   9   0 -25.28  -47.34  0.81E-12
2021   9   9   0 -25.13  -47.34  0.16E-12
2021   9   9   0 -25.08  -47.34  0.34E-12
2021   9   9   0 -24.98  -47.34  0.10E-11
2021   9   9   0 -24.93  -47.34  0.15E-11
2021   9   9   0 -24.88  -47.34  0.30E-12
2021   9   9   0 -24.78  -47.34  0.10E-11
2021   9   9   0 -24.68  -47.34  0.61E-12
2021   9   9   0 -24.63  -47.34  0.26E-12
2021   9   9   0 -24.53  -47.34  0.51E-12
2021   9   9   0 -24.48  -47.34  0.25E-12
2021   9   9   0 -24.13  -47.34  0.35E-12
2021   9   9   0 -23.98  -47.34  0.35E-12
2021   9   9   0 -26.28  -47.29  0.50E-12
2021   9   9   0 -26.23  -47.29  0.17E-12
2021   9   9   0 -25.83  -47.29  0.50E-12
2021   9   9   0 -25.73  -47.29  0.80E-12
2021   9   9   0 -25.43  -47.29  0.31E-12
2021   9   9   0 -25.28  -47.29  0.67E-12
2021   9   9   0 -25.23  -47.29  0.83E-12
2021   9   9   0 -25.08  -47.29  0.47E-12
2021   9   9   0 -25.03  -47.29  0.61E-12
2021   9   9   0 -24.98  -47.29  0.51E-12
2021   9   9   0 -24.93  -47.29  0.12E-11
2021   9   9   0 -24.88  -47.29  0.26E-12
2021   9   9   0 -24.68  -47.29  0.61E-12
2021   9   9   0 -24.63  -47.29  0.60E-12
2021   9   9   0 -24.38  -47.29  0.95E-12
2021   9   9   0 -24.33  -47.29  0.26E-12
2021   9   9   0 -24.28  -47.29  0.34E-12
2021   9   9   0 -24.18  -47.29  0.26E-12
2021   9   9   0 -24.13  -47.29  0.35E-12
2021   9   9   0 -24.08  -47.29  0.35E-12
2021   9   9   0 -24.03  -47.29  0.35E-12
2021   9   9   0 -26.23  -47.24  0.17E-12
2021   9   9   0 -25.83  -47.24  0.50E-12
2021   9   9   0 -25.73  -47.24  0.80E-12
2021   9   9   0 -25.53  -47.24  0.16E-12
2021   9   9   0 -25.43  -47.24  0.31E-12
2021   9   9   0 -25.28  -47.24  0.66E-12
2021   9   9   0 -25.23  -47.24  0.83E-12
2021   9   9   0 -25.08  -47.24  0.11E-11
2021   9   9   0 -25.03  -47.24  0.15E-12
2021   9   9   0 -24.93  -47.24  0.17E-11
2021   9   9   0 -24.88  -47.24  0.25E-12
2021   9   9   0 -24.78  -47.24  0.26E-12
2021   9   9   0 -24.73  -47.24  0.76E-12
2021   9   9   0 -24.68  -47.24  0.52E-12
2021   9   9   0 -24.58  -47.24  0.25E-12
2021   9   9   0 -24.38  -47.24  0.60E-12
2021   9   9   0 -24.33  -47.24  0.34E-12
2021   9   9   0 -24.28  -47.24  0.26E-12
2021   9   9   0 -24.23  -47.24  0.11E-11
2021   9   9   0 -24.18  -47.24  0.26E-12
2021   9   9   0 -24.08  -47.24  0.34E-12
2021   9   9   0 -24.03  -47.24  0.35E-12
2021   9   9   0 -26.23  -47.19  0.17E-12
2021   9   9   0 -26.18  -47.19  0.34E-12
2021   9   9   0 -25.78  -47.19  0.67E-12
2021   9   9   0 -25.73  -47.19  0.65E-12
2021   9   9   0 -25.53  -47.19  0.49E-12
2021   9   9   0 -25.28  -47.19  0.49E-12
2021   9   9   0 -25.23  -47.19  0.50E-12
2021   9   9   0 -25.13  -47.19  0.34E-12
2021   9   9   0 -25.03  -47.19  0.93E-12
2021   9   9   0 -24.93  -47.19  0.51E-12
2021   9   9   0 -24.88  -47.19  0.25E-12
2021   9   9   0 -24.73  -47.19  0.26E-12
2021   9   9   0 -24.58  -47.19  0.86E-12
2021   9   9   0 -24.53  -47.19  0.26E-12
2021   9   9   0 -24.48  -47.19  0.61E-12
2021   9   9   0 -24.38  -47.19  0.95E-12
2021   9   9   0 -24.33  -47.19  0.60E-12
2021   9   9   0 -24.28  -47.19  0.61E-12
2021   9   9   0 -24.23  -47.19  0.86E-12
2021   9   9   0 -24.18  -47.19  0.35E-12
2021   9   9   0 -24.13  -47.19  0.86E-12
2021   9   9   0 -23.98  -47.19  0.34E-12
2021   9   9   0 -25.88  -47.14  0.66E-12
2021   9   9   0 -25.83  -47.14  0.15E-12
2021   9   9   0 -25.78  -47.14  0.67E-12
2021   9   9   0 -25.73  -47.14  0.32E-12
2021   9   9   0 -25.53  -47.14  0.51E-12
2021   9   9   0 -25.38  -47.14  0.15E-12
2021   9   9   0 -25.18  -47.14  0.15E-12
2021   9   9   0 -25.13  -47.14  0.50E-12
2021   9   9   0 -24.98  -47.14  0.16E-12
2021   9   9   0 -24.93  -47.14  0.76E-12
2021   9   9   0 -24.78  -47.14  0.61E-12
2021   9   9   0 -24.68  -47.14  0.35E-12
2021   9   9   0 -24.63  -47.14  0.26E-12
2021   9   9   0 -24.53  -47.14  0.52E-12
2021   9   9   0 -24.48  -47.14  0.61E-12
2021   9   9   0 -24.38  -47.14  0.26E-12
2021   9   9   0 -24.28  -47.14  0.26E-12
2021   9   9   0 -24.23  -47.14  0.77E-12
2021   9   9   0 -24.18  -47.14  0.10E-11
2021   9   9   0 -24.13  -47.14  0.35E-12
2021   9   9   0 -24.08  -47.14  0.51E-12
2021   9   9   0 -25.83  -47.09  0.15E-12
2021   9   9   0 -25.78  -47.09  0.34E-12
2021   9   9   0 -25.73  -47.09  0.49E-12
2021   9   9   0 -25.48  -47.09  0.46E-12
2021   9   9   0 -25.43  -47.09  0.31E-12
2021   9   9   0 -25.38  -47.09  0.32E-12
2021   9   9   0 -25.33  -47.09  0.46E-12
2021   9   9   0 -25.18  -47.09  0.32E-12
2021   9   9   0 -25.13  -47.09  0.66E-12
2021   9   9   0 -25.03  -47.09  0.31E-12
2021   9   9   0 -24.98  -47.09  0.31E-12
2021   9   9   0 -24.93  -47.09  0.93E-12
2021   9   9   0 -24.88  -47.09  0.26E-12
2021   9   9   0 -24.83  -47.09  0.51E-12
2021   9   9   0 -24.78  -47.09  0.16E-12
2021   9   9   0 -24.73  -47.09  0.68E-12
2021   9   9   0 -24.68  -47.09  0.26E-12
2021   9   9   0 -24.58  -47.09  0.52E-12
2021   9   9   0 -24.38  -47.09  0.26E-12
2021   9   9   0 -24.33  -47.09  0.35E-12
2021   9   9   0 -24.28  -47.09  0.60E-12
2021   9   9   0 -24.23  -47.09  0.18E-11
2021   9   9   0 -24.18  -47.09  0.35E-12
2021   9   9   0 -24.13  -47.09  0.87E-12
2021   9   9   0 -24.03  -47.09  0.60E-12
2021   9   9   0 -25.88  -47.04  0.16E-12
2021   9   9   0 -25.83  -47.04  0.15E-12
2021   9   9   0 -25.73  -47.04  0.13E-11
2021   9   9   0 -25.48  -47.04  0.15E-12
2021   9   9   0 -25.38  -47.04  0.18E-11
2021   9   9   0 -25.18  -47.04  0.30E-12
2021   9   9   0 -25.03  -47.04  0.62E-12
2021   9   9   0 -24.98  -47.04  0.47E-12
2021   9   9   0 -24.93  -47.04  0.84E-12
2021   9   9   0 -24.88  -47.04  0.34E-12
2021   9   9   0 -24.83  -47.04  0.31E-12
2021   9   9   0 -24.73  -47.04  0.26E-12
2021   9   9   0 -24.58  -47.04  0.26E-12
2021   9   9   0 -24.43  -47.04  0.77E-12
2021   9   9   0 -24.38  -47.04  0.34E-12
2021   9   9   0 -24.33  -47.04  0.95E-12
2021   9   9   0 -24.28  -47.04  0.52E-12
2021   9   9   0 -24.23  -47.04  0.13E-11
2021   9   9   0 -24.18  -47.04  0.78E-12
2021   9   9   0 -24.13  -47.04  0.69E-12
2021   9   9   0 -24.03  -47.04  0.35E-12
2021   9   9   0 -23.98  -47.04  0.10E-11
2021   9   9   0 -25.93  -46.99  0.15E-12
2021   9   9   0 -25.83  -46.99  0.33E-12
2021   9   9   0 -25.68  -46.99  0.16E-12
2021   9   9   0 -25.58  -46.99  0.30E-12
2021   9   9   0 -25.48  -46.99  0.79E-12
2021   9   9   0 -25.38  -46.99  0.15E-12
2021   9   9   0 -25.23  -46.99  0.17E-12
2021   9   9   0 -25.18  -46.99  0.46E-12
2021   9   9   0 -25.03  -46.99  0.19E-11
2021   9   9   0 -24.98  -46.99  0.16E-12
2021   9   9   0 -24.93  -46.99  0.68E-12
2021   9   9   0 -24.83  -46.99  0.48E-12
2021   9   9   0 -24.73  -46.99  0.77E-12
2021   9   9   0 -24.68  -46.99  0.52E-12
2021   9   9   0 -24.58  -46.99  0.52E-12
2021   9   9   0 -24.48  -46.99  0.26E-12
2021   9   9   0 -24.43  -46.99  0.52E-12
2021   9   9   0 -24.38  -46.99  0.72E-12
2021   9   9   0 -24.33  -46.99  0.35E-12
2021   9   9   0 -24.28  -46.99  0.26E-12
2021   9   9   0 -24.23  -46.99  0.26E-12
2021   9   9   0 -24.18  -46.99  0.95E-12
2021   9   9   0 -24.13  -46.99  0.26E-12
2021   9   9   0 -24.08  -46.99  0.87E-12
2021   9   9   0 -24.03  -46.99  0.35E-12
2021   9   9   0 -23.98  -46.99  0.13E-11
2021   9   9   0 -25.93  -46.94  0.15E-12
2021   9   9   0 -25.83  -46.94  0.33E-12
2021   9   9   0 -25.43  -46.94  0.16E-12
2021   9   9   0 -25.38  -46.94  0.46E-12
2021   9   9   0 -25.28  -46.94  0.30E-12
2021   9   9   0 -25.18  -46.94  0.30E-12
2021   9   9   0 -25.13  -46.94  0.15E-12
2021   9   9   0 -25.08  -46.94  0.17E-12
2021   9   9   0 -25.03  -46.94  0.25E-11
2021   9   9   0 -24.98  -46.94  0.49E-12
2021   9   9   0 -24.93  -46.94  0.62E-12
2021   9   9   0 -24.83  -46.94  0.15E-12
2021   9   9   0 -24.78  -46.94  0.26E-12
2021   9   9   0 -24.73  -46.94  0.15E-12
2021   9   9   0 -24.63  -46.94  0.16E-12
2021   9   9   0 -24.53  -46.94  0.34E-12
2021   9   9   0 -24.38  -46.94  0.12E-11
2021   9   9   0 -24.23  -46.94  0.26E-12
2021   9   9   0 -24.18  -46.94  0.52E-12
2021   9   9   0 -24.13  -46.94  0.35E-12
2021   9   9   0 -24.08  -46.94  0.10E-11
2021   9   9   0 -23.98  -46.94  0.14E-11
2021   9   9   0 -26.23  -46.89  0.17E-12
2021   9   9   0 -26.03  -46.89  0.51E-12
2021   9   9   0 -25.98  -46.89  0.52E-12
2021   9   9   0 -25.93  -46.89  0.15E-12
2021   9   9   0 -25.83  -46.89  0.48E-12
2021   9   9   0 -25.43  -46.89  0.16E-12
2021   9   9   0 -25.38  -46.89  0.46E-12
2021   9   9   0 -25.33  -46.89  0.15E-12
2021   9   9   0 -25.28  -46.89  0.11E-11
2021   9   9   0 -25.23  -46.89  0.46E-12
2021   9   9   0 -25.18  -46.89  0.46E-12
2021   9   9   0 -25.08  -46.89  0.15E-12
2021   9   9   0 -25.03  -46.89  0.16E-11
2021   9   9   0 -24.98  -46.89  0.86E-12
2021   9   9   0 -24.88  -46.89  0.47E-12
2021   9   9   0 -24.83  -46.89  0.17E-12
2021   9   9   0 -24.68  -46.89  0.51E-12
2021   9   9   0 -24.48  -46.89  0.35E-12
2021   9   9   0 -24.43  -46.89  0.34E-12
2021   9   9   0 -24.33  -46.89  0.52E-12
2021   9   9   0 -24.28  -46.89  0.50E-12
2021   9   9   0 -24.23  -46.89  0.61E-12
2021   9   9   0 -24.18  -46.89  0.74E-12
2021   9   9   0 -24.13  -46.89  0.52E-12
2021   9   9   0 -24.08  -46.89  0.19E-11
2021   9   9   0 -24.03  -46.89  0.35E-12
2021   9   9   0 -23.98  -46.89  0.10E-11
2021   9   9   0 -23.93  -46.89  0.70E-12
2021   9   9   0 -28.33  -46.84  0.16E-12
2021   9   9   0 -25.98  -46.84  0.52E-12
2021   9   9   0 -25.53  -46.84  0.31E-12
2021   9   9   0 -25.38  -46.84  0.31E-12
2021   9   9   0 -25.28  -46.84  0.15E-12
2021   9   9   0 -25.18  -46.84  0.15E-12
2021   9   9   0 -25.13  -46.84  0.15E-12
2021   9   9   0 -25.03  -46.84  0.31E-12
2021   9   9   0 -24.98  -46.84  0.10E-11
2021   9   9   0 -24.93  -46.84  0.57E-12
2021   9   9   0 -24.88  -46.84  0.48E-12
2021   9   9   0 -24.73  -46.84  0.71E-12
2021   9   9   0 -24.68  -46.84  0.78E-12
2021   9   9   0 -24.58  -46.84  0.35E-12
2021   9   9   0 -24.53  -46.84  0.42E-12
2021   9   9   0 -24.48  -46.84  0.26E-12
2021   9   9   0 -24.38  -46.84  0.60E-12
2021   9   9   0 -24.33  -46.84  0.24E-12
2021   9   9   0 -24.28  -46.84  0.35E-12
2021   9   9   0 -24.23  -46.84  0.61E-12
2021   9   9   0 -24.18  -46.84  0.14E-11
2021   9   9   0 -24.13  -46.84  0.22E-11
2021   9   9   0 -24.08  -46.84  0.35E-12
2021   9   9   0 -24.03  -46.84  0.13E-11
2021   9   9   0 -23.98  -46.84  0.11E-11
2021   9   9   0 -23.93  -46.84  0.10E-11
2021   9   9   0 -28.28  -46.79  0.16E-12
2021   9   9   0 -25.98  -46.79  0.26E-12
2021   9   9   0 -25.93  -46.79  0.26E-12
2021   9   9   0 -25.88  -46.79  0.15E-12
2021   9   9   0 -25.78  -46.79  0.15E-12
2021   9   9   0 -25.38  -46.79  0.62E-12
2021   9   9   0 -24.98  -46.79  0.15E-12
2021   9   9   0 -24.93  -46.79  0.14E-11
2021   9   9   0 -24.88  -46.79  0.17E-12
2021   9   9   0 -24.83  -46.79  0.24E-12
2021   9   9   0 -24.78  -46.79  0.15E-12
2021   9   9   0 -24.73  -46.79  0.16E-12
2021   9   9   0 -24.63  -46.79  0.16E-12
2021   9   9   0 -24.58  -46.79  0.52E-12
2021   9   9   0 -24.53  -46.79  0.61E-12
2021   9   9   0 -24.48  -46.79  0.42E-12
2021   9   9   0 -24.43  -46.79  0.24E-12
2021   9   9   0 -24.38  -46.79  0.16E-12
2021   9   9   0 -24.28  -46.79  0.48E-12
2021   9   9   0 -24.13  -46.79  0.51E-12
2021   9   9   0 -24.08  -46.79  0.13E-11
2021   9   9   0 -24.03  -46.79  0.12E-11
2021   9   9   0 -23.98  -46.79  0.62E-12
2021   9   9   0 -23.93  -46.79  0.36E-12
2021   9   9   0 -28.28  -46.74  0.16E-12
2021   9   9   0 -25.93  -46.74  0.26E-12
2021   9   9   0 -25.53  -46.74  0.61E-12
2021   9   9   0 -25.38  -46.74  0.16E-12
2021   9   9   0 -25.23  -46.74  0.46E-12
2021   9   9   0 -25.08  -46.74  0.32E-12
2021   9   9   0 -24.93  -46.74  0.31E-12
2021   9   9   0 -24.78  -46.74  0.47E-12
2021   9   9   0 -24.73  -46.74  0.52E-12
2021   9   9   0 -24.68  -46.74  0.26E-12
2021   9   9   0 -24.58  -46.74  0.26E-12
2021   9   9   0 -24.53  -46.74  0.16E-12
2021   9   9   0 -24.43  -46.74  0.24E-12
2021   9   9   0 -24.33  -46.74  0.16E-12
2021   9   9   0 -24.23  -46.74  0.83E-12
2021   9   9   0 -24.18  -46.74  0.26E-12
2021   9   9   0 -24.13  -46.74  0.59E-12
2021   9   9   0 -24.08  -46.74  0.21E-11
2021   9   9   0 -24.03  -46.74  0.26E-11
2021   9   9   0 -23.98  -46.74  0.12E-11
2021   9   9   0 -23.93  -46.74  0.16E-11
2021   9   9   0 -25.78  -46.69  0.15E-12
2021   9   9   0 -25.53  -46.69  0.46E-12
2021   9   9   0 -25.43  -46.69  0.15E-12
2021   9   9   0 -25.33  -46.69  0.15E-12
2021   9   9   0 -25.23  -46.69  0.76E-12
2021   9   9   0 -25.13  -46.69  0.15E-12
2021   9   9   0 -25.08  -46.69  0.17E-12
2021   9   9   0 -24.93  -46.69  0.16E-12
2021   9   9   0 -24.88  -46.69  0.26E-12
2021   9   9   0 -24.73  -46.69  0.66E-12
2021   9   9   0 -24.63  -46.69  0.33E-12
2021   9   9   0 -24.58  -46.69  0.16E-12
2021   9   9   0 -24.53  -46.69  0.16E-12
2021   9   9   0 -24.48  -46.69  0.10E-11
2021   9   9   0 -24.38  -46.69  0.24E-12
2021   9   9   0 -24.33  -46.69  0.27E-12
2021   9   9   0 -24.28  -46.69  0.61E-12
2021   9   9   0 -24.23  -46.69  0.43E-12
2021   9   9   0 -24.18  -46.69  0.54E-12
2021   9   9   0 -24.13  -46.69  0.70E-12
2021   9   9   0 -24.08  -46.69  0.84E-12
2021   9   9   0 -24.03  -46.69  0.10E-11
2021   9   9   0 -23.98  -46.69  0.17E-11
2021   9   9   0 -23.93  -46.69  0.18E-11
2021   9   9   0 -23.88  -46.69  0.11E-11
2021   9   9   0 -25.73  -46.64  0.31E-12
2021   9   9   0 -25.53  -46.64  0.15E-12
2021   9   9   0 -25.43  -46.64  0.30E-12
2021   9   9   0 -25.38  -46.64  0.63E-12
2021   9   9   0 -25.33  -46.64  0.15E-12
2021   9   9   0 -25.28  -46.64  0.16E-12
2021   9   9   0 -25.23  -46.64  0.30E-12
2021   9   9   0 -25.13  -46.64  0.17E-12
2021   9   9   0 -25.08  -46.64  0.32E-12
2021   9   9   0 -24.93  -46.64  0.32E-12
2021   9   9   0 -24.73  -46.64  0.31E-12
2021   9   9   0 -24.68  -46.64  0.16E-12
2021   9   9   0 -24.58  -46.64  0.16E-12
2021   9   9   0 -24.53  -46.64  0.79E-12
2021   9   9   0 -24.48  -46.64  0.56E-12
2021   9   9   0 -24.38  -46.64  0.27E-12
2021   9   9   0 -24.33  -46.64  0.35E-12
2021   9   9   0 -24.23  -46.64  0.16E-12
2021   9   9   0 -24.18  -46.64  0.12E-11
2021   9   9   0 -24.13  -46.64  0.51E-12
2021   9   9   0 -24.08  -46.64  0.35E-12
2021   9   9   0 -24.03  -46.64  0.40E-12
2021   9   9   0 -23.98  -46.64  0.16E-11
2021   9   9   0 -23.93  -46.64  0.96E-12
2021   9   9   0 -23.88  -46.64  0.27E-11
2021   9   9   0 -25.53  -46.59  0.46E-12
2021   9   9   0 -25.08  -46.59  0.34E-12
2021   9   9   0 -24.93  -46.59  0.32E-12
2021   9   9   0 -24.88  -46.59  0.16E-12
2021   9   9   0 -24.83  -46.59  0.16E-12
2021   9   9   0 -24.73  -46.59  0.15E-12
2021   9   9   0 -24.63  -46.59  0.16E-12
2021   9   9   0 -24.58  -46.59  0.26E-12
2021   9   9   0 -24.53  -46.59  0.16E-12
2021   9   9   0 -24.38  -46.59  0.27E-12
2021   9   9   0 -24.33  -46.59  0.16E-12
2021   9   9   0 -24.28  -46.59  0.24E-12
2021   9   9   0 -24.23  -46.59  0.80E-12
2021   9   9   0 -24.18  -46.59  0.97E-12
2021   9   9   0 -24.13  -46.59  0.40E-12
2021   9   9   0 -24.08  -46.59  0.48E-12
2021   9   9   0 -24.03  -46.59  0.73E-12
2021   9   9   0 -23.98  -46.59  0.17E-11
2021   9   9   0 -23.93  -46.59  0.22E-11
2021   9   9   0 -23.88  -46.59  0.26E-11
2021   9   9   0 -26.03  -46.54  0.17E-12
2021   9   9   0 -25.73  -46.54  0.15E-12
2021   9   9   0 -25.53  -46.54  0.15E-12
2021   9   9   0 -25.43  -46.54  0.30E-12
2021   9   9   0 -25.08  -46.54  0.50E-12
2021   9   9   0 -24.88  -46.54  0.16E-12
2021   9   9   0 -24.63  -46.54  0.68E-12
2021   9   9   0 -24.53  -46.54  0.32E-12
2021   9   9   0 -24.43  -46.54  0.48E-12
2021   9   9   0 -24.28  -46.54  0.40E-12
2021   9   9   0 -24.23  -46.54  0.72E-12
2021   9   9   0 -24.18  -46.54  0.24E-12
2021   9   9   0 -24.13  -46.54  0.48E-12
2021   9   9   0 -24.08  -46.54  0.10E-11
2021   9   9   0 -24.03  -46.54  0.97E-12
2021   9   9   0 -23.98  -46.54  0.24E-12
2021   9   9   0 -23.93  -46.54  0.15E-11
2021   9   9   0 -23.88  -46.54  0.38E-11
2021   9   9   0 -23.83  -46.54  0.16E-12
2021   9   9   0 -25.43  -46.49  0.15E-12
2021   9   9   0 -25.33  -46.49  0.16E-12
2021   9   9   0 -25.13  -46.49  0.15E-12
2021   9   9   0 -25.08  -46.49  0.31E-12
2021   9   9   0 -24.98  -46.49  0.99E-12
2021   9   9   0 -24.83  -46.49  0.16E-12
2021   9   9   0 -24.78  -46.49  0.31E-12
2021   9   9   0 -24.68  -46.49  0.16E-12
2021   9   9   0 -24.63  -46.49  0.47E-12
2021   9   9   0 -24.58  -46.49  0.32E-12
2021   9   9   0 -24.53  -46.49  0.56E-12
2021   9   9   0 -24.48  -46.49  0.27E-12
2021   9   9   0 -24.38  -46.49  0.40E-12
2021   9   9   0 -24.28  -46.49  0.48E-12
2021   9   9   0 -24.23  -46.49  0.48E-12
2021   9   9   0 -24.18  -46.49  0.48E-12
2021   9   9   0 -24.13  -46.49  0.57E-12
2021   9   9   0 -24.08  -46.49  0.40E-12
2021   9   9   0 -24.03  -46.49  0.41E-12
2021   9   9   0 -23.98  -46.49  0.89E-12
2021   9   9   0 -23.93  -46.49  0.35E-11
2021   9   9   0 -23.88  -46.49  0.46E-11
2021   9   9   0 -23.83  -46.49  0.20E-11
2021   9   9   0 -23.78  -46.49  0.16E-12
2021   9   9   0 -25.53  -46.44  0.31E-12
2021   9   9   0 -25.43  -46.44  0.15E-12
2021   9   9   0 -25.13  -46.44  0.46E-12
2021   9   9   0 -25.08  -46.44  0.17E-12
2021   9   9   0 -24.98  -46.44  0.16E-12
2021   9   9   0 -24.83  -46.44  0.16E-12
2021   9   9   0 -24.73  -46.44  0.16E-12
2021   9   9   0 -24.68  -46.44  0.47E-12
2021   9   9   0 -24.48  -46.44  0.16E-12
2021   9   9   0 -24.43  -46.44  0.32E-12
2021   9   9   0 -24.28  -46.44  0.64E-12
2021   9   9   0 -24.23  -46.44  0.73E-12
2021   9   9   0 -24.18  -46.44  0.24E-12
2021   9   9   0 -24.13  -46.44  0.10E-11
2021   9   9   0 -24.08  -46.44  0.81E-12
2021   9   9   0 -24.03  -46.44  0.81E-12
2021   9   9   0 -23.98  -46.44  0.17E-11
2021   9   9   0 -23.93  -46.44  0.24E-11
2021   9   9   0 -23.88  -46.44  0.93E-11
2021   9   9   0 -23.83  -46.44  0.14E-10
2021   9   9   0 -25.43  -46.39  0.15E-12
2021   9   9   0 -25.13  -46.39  0.15E-12
2021   9   9   0 -25.08  -46.39  0.51E-12
2021   9   9   0 -25.03  -46.39  0.15E-12
2021   9   9   0 -24.78  -46.39  0.16E-12
2021   9   9   0 -24.63  -46.39  0.31E-12
2021   9   9   0 -24.58  -46.39  0.24E-12
2021   9   9   0 -24.53  -46.39  0.52E-12
2021   9   9   0 -24.38  -46.39  0.64E-12
2021   9   9   0 -24.33  -46.39  0.64E-12
2021   9   9   0 -24.23  -46.39  0.56E-12
2021   9   9   0 -24.18  -46.39  0.11E-11
2021   9   9   0 -24.13  -46.39  0.96E-12
2021   9   9   0 -24.08  -46.39  0.24E-12
2021   9   9   0 -24.03  -46.39  0.11E-11
2021   9   9   0 -23.98  -46.39  0.34E-11
2021   9   9   0 -23.93  -46.39  0.19E-11
2021   9   9   0 -23.88  -46.39  0.97E-11
2021   9   9   0 -23.83  -46.39  0.31E-10
2021   9   9   0 -25.18  -46.34  0.31E-12
2021   9   9   0 -25.08  -46.34  0.34E-12
2021   9   9   0 -25.03  -46.34  0.31E-12
2021   9   9   0 -24.78  -46.34  0.16E-12
2021   9   9   0 -24.68  -46.34  0.16E-12
2021   9   9   0 -24.63  -46.34  0.16E-12
2021   9   9   0 -24.43  -46.34  0.16E-12
2021   9   9   0 -24.38  -46.34  0.64E-12
2021   9   9   0 -24.28  -46.34  0.48E-12
2021   9   9   0 -24.23  -46.34  0.64E-12
2021   9   9   0 -24.18  -46.34  0.16E-12
2021   9   9   0 -24.13  -46.34  0.57E-12
2021   9   9   0 -24.08  -46.34  0.64E-12
2021   9   9   0 -24.03  -46.34  0.65E-12
2021   9   9   0 -23.98  -46.34  0.65E-12
2021   9   9   0 -23.93  -46.34  0.12E-11
2021   9   9   0 -23.88  -46.34  0.12E-11
2021   9   9   0 -23.83  -46.34  0.33E-12
2021   9   9   0 -25.68  -46.29  0.15E-12
2021   9   9   0 -25.38  -46.29  0.78E-12
2021   9   9   0 -25.18  -46.29  0.46E-12
2021   9   9   0 -25.13  -46.29  0.16E-12
2021   9   9   0 -25.03  -46.29  0.16E-12
2021   9   9   0 -24.98  -46.29  0.32E-12
2021   9   9   0 -24.68  -46.29  0.79E-12
2021   9   9   0 -24.63  -46.29  0.16E-12
2021   9   9   0 -24.58  -46.29  0.32E-12
2021   9   9   0 -24.53  -46.29  0.16E-12
2021   9   9   0 -24.33  -46.29  0.16E-12
2021   9   9   0 -24.23  -46.29  0.16E-12
2021   9   9   0 -24.18  -46.29  0.16E-12
2021   9   9   0 -24.13  -46.29  0.48E-12
2021   9   9   0 -24.08  -46.29  0.64E-12
2021   9   9   0 -23.98  -46.29  0.20E-11
2021   9   9   0 -23.93  -46.29  0.81E-12
2021   9   9   0 -23.88  -46.29  0.16E-12
2021   9   9   0 -25.68  -46.24  0.15E-12
2021   9   9   0 -25.33  -46.24  0.31E-12
2021   9   9   0 -24.93  -46.24  0.16E-12
2021   9   9   0 -24.88  -46.24  0.16E-12
2021   9   9   0 -24.68  -46.24  0.16E-12
2021   9   9   0 -24.63  -46.24  0.47E-12
2021   9   9   0 -24.58  -46.24  0.16E-12
2021   9   9   0 -24.48  -46.24  0.16E-12
2021   9   9   0 -24.43  -46.24  0.32E-12
2021   9   9   0 -24.38  -46.24  0.32E-12
2021   9   9   0 -24.28  -46.24  0.16E-12
2021   9   9   0 -24.23  -46.24  0.24E-12
2021   9   9   0 -24.18  -46.24  0.32E-12
2021   9   9   0 -24.13  -46.24  0.32E-12
2021   9   9   0 -24.08  -46.24  0.64E-12
2021   9   9   0 -23.98  -46.24  0.32E-12
2021   9   9   0 -23.93  -46.24  0.65E-12
2021   9   9   0 -23.88  -46.24  0.16E-12
2021   9   9   0 -23.83  -46.24  0.16E-12
2021   9   9   0 -25.33  -46.19  0.31E-12
2021   9   9   0 -25.18  -46.19  0.15E-12
2021   9   9   0 -25.03  -46.19  0.16E-12
2021   9   9   0 -24.98  -46.19  0.31E-12
2021   9   9   0 -24.88  -46.19  0.16E-12
2021   9   9   0 -24.68  -46.19  0.16E-12
2021   9   9   0 -24.48  -46.19  0.16E-12
2021   9   9   0 -24.43  -46.19  0.48E-12
2021   9   9   0 -24.38  -46.19  0.16E-12
2021   9   9   0 -24.28  -46.19  0.16E-12
2021   9   9   0 -24.18  -46.19  0.32E-12
2021   9   9   0 -24.08  -46.19  0.16E-12
2021   9   9   0 -24.03  -46.19  0.16E-12
2021   9   9   0 -23.98  -46.19  0.16E-12
2021   9   9   0 -23.93  -46.19  0.32E-12
2021   9   9   0 -25.43  -46.14  0.16E-12
2021   9   9   0 -25.33  -46.14  0.16E-12
2021   9   9   0 -25.08  -46.14  0.34E-12
2021   9   9   0 -24.98  -46.14  0.32E-12
2021   9   9   0 -24.73  -46.14  0.16E-12
2021   9   9   0 -24.63  -46.14  0.32E-12
2021   9   9   0 -24.58  -46.14  0.32E-12
2021   9   9   0 -24.43  -46.14  0.48E-12
2021   9   9   0 -24.38  -46.14  0.48E-12
2021   9   9   0 -24.33  -46.14  0.16E-12
2021   9   9   0 -24.28  -46.14  0.16E-12
2021   9   9   0 -24.23  -46.14  0.48E-12
2021   9   9   0 -24.13  -46.14  0.32E-12
2021   9   9   0 -24.08  -46.14  0.72E-12
2021   9   9   0 -24.03  -46.14  0.32E-12
2021   9   9   0 -23.93  -46.14  0.16E-12
2021   9   9   0 -27.13  -46.09  0.25E-12
2021   9   9   0 -25.43  -46.09  0.16E-12
2021   9   9   0 -24.98  -46.09  0.16E-12
2021   9   9   0 -24.78  -46.09  0.32E-12
2021   9   9   0 -24.68  -46.09  0.16E-12
2021   9   9   0 -24.63  -46.09  0.16E-12
2021   9   9   0 -24.53  -46.09  0.64E-12
2021   9   9   0 -24.48  -46.09  0.16E-12
2021   9   9   0 -24.38  -46.09  0.16E-12
2021   9   9   0 -24.33  -46.09  0.16E-12
2021   9   9   0 -24.23  -46.09  0.32E-12
2021   9   9   0 -24.13  -46.09  0.40E-12
2021   9   9   0 -24.08  -46.09  0.48E-12
2021   9   9   0 -23.98  -46.09  0.16E-12
2021   9   9   0 -23.93  -46.09  0.16E-12
2021   9   9   0 -25.03  -46.04  0.17E-12
2021   9   9   0 -24.98  -46.04  0.16E-12
2021   9   9   0 -24.93  -46.04  0.16E-12
2021   9   9   0 -24.88  -46.04  0.16E-12
2021   9   9   0 -24.58  -46.04  0.16E-12
2021   9   9   0 -24.53  -46.04  0.64E-12
2021   9   9   0 -24.38  -46.04  0.32E-12
2021   9   9   0 -24.28  -46.04  0.16E-12
2021   9   9   0 -24.23  -46.04  0.16E-12
2021   9   9   0 -24.08  -46.04  0.16E-12
2021   9   9   0 -24.88  -45.99  0.16E-12
2021   9   9   0 -24.48  -45.99  0.16E-12
2021   9   9   0 -24.28  -45.99  0.16E-12
2021   9   9   0 -24.08  -45.99  0.32E-12
2021   9   9   0 -25.38  -45.94  0.16E-12
2021   9   9   0 -24.88  -45.94  0.48E-12
2021   9   9   0 -24.63  -45.94  0.16E-12
2021   9   9   0 -24.58  -45.94  0.16E-12
2021   9   9   0 -24.43  -45.94  0.16E-12
2021   9   9   0 -24.23  -45.94  0.16E-12
2021   9   9   0 -23.98  -45.94  0.48E-12
2021   9   9   0 -23.93  -45.94  0.16E-12
2021   9   9   0 -24.78  -45.89  0.16E-12
2021   9   9   0 -24.48  -45.89  0.16E-12
2021   9   9   0 -24.18  -45.89  0.16E-12
2021   9   9   0 -23.98  -45.89  0.16E-12
2021   9   9   0 -24.83  -45.84  0.16E-12
2021   9   9   0 -24.53  -45.84  0.16E-12
2021   9   9   0 -24.43  -45.84  0.32E-12
2021   9   9   0 -24.23  -45.84  0.16E-12
2021   9   9   0 -24.03  -45.84  0.16E-12
2021   9   9   0 -24.78  -45.79  0.16E-12
2021   9   9   0 -24.73  -45.79  0.16E-12
2021   9   9   0 -24.48  -45.79  0.16E-12
2021   9   9   0 -24.33  -45.79  0.24E-12
2021   9   9   0 -24.68  -45.74  0.16E-12
2021   9   9   0 -24.23  -45.49  0.16E-12
2021   9   9   0 -28.28  -45.14  0.16E-12
2021   9   9   0 -27.63  -44.69  0.16E-12
2021   9   9   0 -26.58  -44.64  0.17E-12
2021   9   9   0 -27.53  -44.49  0.16E-12
2021   9   9   0 -27.23  -44.44  0.16E-12
2021   9   9   0 -28.38  -44.34  0.17E-12
2021   9   9   0 -27.23  -44.34  0.17E-12
2021   9   9   0 -27.98  -44.19  0.17E-12
2021   9   9   0 -28.23  -44.09  0.16E-12
