YEAR  MO  DA  HR    LAT     LON Rn2200100
2022   3  30  12 -20.20  -48.40  0.40E-02
2022   3  30  12 -20.15  -48.40  0.58E-02
2022   3  30  12 -20.20  -48.35  0.78E-04
2022   3  30  12 -20.15  -48.35  0.24E-01
2022   3  30  12 -20.10  -48.35  0.14E-01
2022   3  30  12 -20.15  -48.30  0.73E-02
2022   3  30  12 -20.10  -48.30  0.31E-01
2022   3  30  12 -20.05  -48.30  0.16E-01
2022   3  30  12 -20.15  -48.25  0.62E-02
2022   3  30  12 -20.10  -48.25  0.16E-01
2022   3  30  12 -20.05  -48.25  0.44E-01
2022   3  30  12 -20.00  -48.25  0.23E-02
2022   3  30  12 -20.15  -48.20  0.84E-02
2022   3  30  12 -20.10  -48.20  0.13E-01
2022   3  30  12 -20.05  -48.20  0.18E-01
2022   3  30  12 -20.00  -48.20  0.42E-01
2022   3  30  12 -20.15  -48.15  0.87E-02
2022   3  30  12 -20.10  -48.15  0.11E-01
2022   3  30  12 -20.05  -48.15  0.15E-01
2022   3  30  12 -20.00  -48.15  0.58E-01
2022   3  30  12 -20.15  -48.10  0.65E-02
2022   3  30  12 -20.10  -48.10  0.11E-01
2022   3  30  12 -20.05  -48.10  0.12E-01
2022   3  30  12 -20.00  -48.10  0.61E-01
2022   3  30  12 -19.95  -48.10  0.62E-02
2022   3  30  12 -20.15  -48.05  0.15E-02
2022   3  30  12 -20.10  -48.05  0.17E-01
2022   3  30  12 -20.05  -48.05  0.19E-01
2022   3  30  12 -20.00  -48.05  0.55E-01
2022   3  30  12 -19.95  -48.05  0.22E-01
2022   3  30  12 -20.10  -48.00  0.12E-01
2022   3  30  12 -20.05  -48.00  0.26E-01
2022   3  30  12 -20.00  -48.00  0.66E-01
2022   3  30  12 -19.95  -48.00  0.28E-01
2022   3  30  12 -20.05  -47.95  0.25E-01
2022   3  30  12 -20.00  -47.95  0.11E+00
2022   3  30  12 -19.95  -47.95  0.21E-01
2022   3  30  12 -20.00  -47.90  0.11E+00
2022   3  31   0 -20.45  -48.45  0.14E-02
2022   3  31   0 -20.40  -48.45  0.23E-01
2022   3  31   0 -20.35  -48.45  0.32E-01
2022   3  31   0 -20.30  -48.45  0.27E-01
2022   3  31   0 -20.25  -48.45  0.11E-01
2022   3  31   0 -20.20  -48.45  0.20E-03
2022   3  31   0 -20.55  -48.40  0.32E-04
2022   3  31   0 -20.50  -48.40  0.13E-02
2022   3  31   0 -20.45  -48.40  0.22E-01
2022   3  31   0 -20.40  -48.40  0.28E-01
2022   3  31   0 -20.35  -48.40  0.24E-01
2022   3  31   0 -20.30  -48.40  0.23E-01
2022   3  31   0 -20.25  -48.40  0.27E-01
2022   3  31   0 -20.20  -48.40  0.21E-01
2022   3  31   0 -20.70  -48.35  0.89E-03
2022   3  31   0 -20.65  -48.35  0.78E-02
2022   3  31   0 -20.60  -48.35  0.10E-01
2022   3  31   0 -20.55  -48.35  0.16E-01
2022   3  31   0 -20.50  -48.35  0.27E-01
2022   3  31   0 -20.45  -48.35  0.27E-01
2022   3  31   0 -20.40  -48.35  0.23E-01
2022   3  31   0 -20.35  -48.35  0.27E-01
2022   3  31   0 -20.30  -48.35  0.21E-01
2022   3  31   0 -20.25  -48.35  0.17E-01
2022   3  31   0 -20.20  -48.35  0.17E-01
2022   3  31   0 -20.15  -48.35  0.36E-02
2022   3  31   0 -20.70  -48.30  0.92E-03
2022   3  31   0 -20.65  -48.30  0.13E-01
2022   3  31   0 -20.60  -48.30  0.22E-01
2022   3  31   0 -20.55  -48.30  0.23E-01
2022   3  31   0 -20.50  -48.30  0.17E-01
2022   3  31   0 -20.45  -48.30  0.20E-01
2022   3  31   0 -20.40  -48.30  0.32E-01
2022   3  31   0 -20.35  -48.30  0.27E-01
2022   3  31   0 -20.30  -48.30  0.17E-01
2022   3  31   0 -20.25  -48.30  0.15E-01
2022   3  31   0 -20.20  -48.30  0.14E-01
2022   3  31   0 -20.15  -48.30  0.55E-02
2022   3  31   0 -20.70  -48.25  0.10E-03
2022   3  31   0 -20.65  -48.25  0.95E-03
2022   3  31   0 -20.60  -48.25  0.13E-01
2022   3  31   0 -20.55  -48.25  0.16E-01
2022   3  31   0 -20.50  -48.25  0.17E-01
2022   3  31   0 -20.45  -48.25  0.24E-01
2022   3  31   0 -20.40  -48.25  0.36E-01
2022   3  31   0 -20.35  -48.25  0.24E-01
2022   3  31   0 -20.30  -48.25  0.18E-01
2022   3  31   0 -20.25  -48.25  0.13E-01
2022   3  31   0 -20.20  -48.25  0.98E-02
2022   3  31   0 -20.15  -48.25  0.43E-02
2022   3  31   0 -20.75  -48.20  0.94E-04
2022   3  31   0 -20.70  -48.20  0.79E-04
2022   3  31   0 -20.65  -48.20  0.18E-03
2022   3  31   0 -20.60  -48.20  0.95E-02
2022   3  31   0 -20.55  -48.20  0.17E-01
2022   3  31   0 -20.50  -48.20  0.19E-01
2022   3  31   0 -20.45  -48.20  0.25E-01
2022   3  31   0 -20.40  -48.20  0.32E-01
2022   3  31   0 -20.35  -48.20  0.20E-01
2022   3  31   0 -20.30  -48.20  0.17E-01
2022   3  31   0 -20.25  -48.20  0.15E-01
2022   3  31   0 -20.20  -48.20  0.11E-01
2022   3  31   0 -20.15  -48.20  0.24E-02
2022   3  31   0 -20.85  -48.15  0.47E-04
2022   3  31   0 -20.80  -48.15  0.94E-04
2022   3  31   0 -20.60  -48.15  0.95E-02
2022   3  31   0 -20.55  -48.15  0.17E-01
2022   3  31   0 -20.50  -48.15  0.18E-01
2022   3  31   0 -20.45  -48.15  0.24E-01
2022   3  31   0 -20.40  -48.15  0.23E-01
2022   3  31   0 -20.35  -48.15  0.19E-01
2022   3  31   0 -20.30  -48.15  0.19E-01
2022   3  31   0 -20.25  -48.15  0.16E-01
2022   3  31   0 -20.20  -48.15  0.14E-01
2022   3  31   0 -20.15  -48.15  0.27E-02
2022   3  31   0 -20.60  -48.10  0.83E-02
2022   3  31   0 -20.55  -48.10  0.16E-01
2022   3  31   0 -20.50  -48.10  0.17E-01
2022   3  31   0 -20.45  -48.10  0.18E-01
2022   3  31   0 -20.40  -48.10  0.17E-01
2022   3  31   0 -20.35  -48.10  0.16E-01
2022   3  31   0 -20.30  -48.10  0.18E-01
2022   3  31   0 -20.25  -48.10  0.17E-01
2022   3  31   0 -20.20  -48.10  0.19E-01
2022   3  31   0 -20.15  -48.10  0.64E-02
2022   3  31   0 -20.60  -48.05  0.20E-02
2022   3  31   0 -20.55  -48.05  0.14E-01
2022   3  31   0 -20.50  -48.05  0.15E-01
2022   3  31   0 -20.45  -48.05  0.14E-01
2022   3  31   0 -20.40  -48.05  0.16E-01
2022   3  31   0 -20.35  -48.05  0.12E-01
2022   3  31   0 -20.30  -48.05  0.15E-01
2022   3  31   0 -20.25  -48.05  0.14E-01
2022   3  31   0 -20.20  -48.05  0.19E-01
2022   3  31   0 -20.15  -48.05  0.20E-01
2022   3  31   0 -20.60  -48.00  0.56E-04
2022   3  31   0 -20.55  -48.00  0.59E-02
2022   3  31   0 -20.50  -48.00  0.12E-01
2022   3  31   0 -20.45  -48.00  0.15E-01
2022   3  31   0 -20.40  -48.00  0.13E-01
2022   3  31   0 -20.35  -48.00  0.14E-01
2022   3  31   0 -20.30  -48.00  0.86E-02
2022   3  31   0 -20.25  -48.00  0.11E-01
2022   3  31   0 -20.20  -48.00  0.15E-01
2022   3  31   0 -20.15  -48.00  0.21E-01
2022   3  31   0 -20.10  -48.00  0.14E-01
2022   3  31   0 -20.55  -47.95  0.18E-03
2022   3  31   0 -20.50  -47.95  0.64E-02
2022   3  31   0 -20.45  -47.95  0.11E-01
2022   3  31   0 -20.40  -47.95  0.11E-01
2022   3  31   0 -20.35  -47.95  0.14E-01
2022   3  31   0 -20.30  -47.95  0.92E-02
2022   3  31   0 -20.25  -47.95  0.83E-02
2022   3  31   0 -20.20  -47.95  0.12E-01
2022   3  31   0 -20.15  -47.95  0.13E-01
2022   3  31   0 -20.10  -47.95  0.28E-01
2022   3  31   0 -20.05  -47.95  0.17E-01
2022   3  31   0 -20.70  -47.90  0.11E-03
2022   3  31   0 -20.65  -47.90  0.11E-03
2022   3  31   0 -20.60  -47.90  0.15E-03
2022   3  31   0 -20.45  -47.90  0.37E-02
2022   3  31   0 -20.40  -47.90  0.13E-01
2022   3  31   0 -20.35  -47.90  0.89E-02
2022   3  31   0 -20.30  -47.90  0.11E-01
2022   3  31   0 -20.25  -47.90  0.12E-01
2022   3  31   0 -20.20  -47.90  0.62E-02
2022   3  31   0 -20.15  -47.90  0.11E-01
2022   3  31   0 -20.10  -47.90  0.17E-01
2022   3  31   0 -20.05  -47.90  0.42E-01
2022   3  31   0 -20.00  -47.90  0.89E-01
2022   3  31   0 -20.50  -47.85  0.16E-03
2022   3  31   0 -20.40  -47.85  0.34E-03
2022   3  31   0 -20.35  -47.85  0.90E-02
2022   3  31   0 -20.30  -47.85  0.15E-01
2022   3  31   0 -20.25  -47.85  0.14E-01
2022   3  31   0 -20.20  -47.85  0.12E-01
2022   3  31   0 -20.15  -47.85  0.89E-02
2022   3  31   0 -20.10  -47.85  0.15E-01
2022   3  31   0 -20.05  -47.85  0.35E-01
2022   3  31   0 -20.00  -47.85  0.16E+00
2022   3  31   0 -20.75  -47.80  0.93E-04
2022   3  31   0 -20.70  -47.80  0.47E-04
2022   3  31   0 -20.30  -47.80  0.15E-02
2022   3  31   0 -20.25  -47.80  0.12E-01
2022   3  31   0 -20.20  -47.80  0.17E-01
2022   3  31   0 -20.15  -47.80  0.15E-01
2022   3  31   0 -20.10  -47.80  0.13E-01
2022   3  31   0 -20.05  -47.80  0.24E-01
2022   3  31   0 -20.00  -47.80  0.79E-01
2022   3  31   0 -19.95  -47.80  0.17E-03
2022   3  31   0 -20.20  -47.75  0.71E-02
2022   3  31   0 -20.15  -47.75  0.23E-01
2022   3  31   0 -20.10  -47.75  0.30E-01
2022   3  31   0 -20.05  -47.75  0.31E-01
2022   3  31   0 -20.00  -47.75  0.87E-01
2022   3  31   0 -20.15  -47.70  0.59E-04
2022   3  31   0 -20.10  -47.70  0.11E-01
2022   3  31   0 -20.05  -47.70  0.48E-01
2022   3  31   0 -20.00  -47.70  0.42E-01
2022   3  31   0 -20.00  -47.65  0.24E-03
2022   3  31   0 -20.00  -47.60  0.12E-03
