YEAR  MO  DA  HR    LAT     LON Rn2200005
2017   4  17  12 -23.03  -46.69  0.13E+01
2017   4  17  12 -22.98  -46.69  0.13E+01
2017   4  17  12 -22.93  -46.69  0.10E+01
2017   4  17  12 -22.78  -46.69  0.11E+01
2017   4  17  12 -22.73  -46.69  0.13E+01
2017   4  17  12 -23.23  -46.64  0.39E+01
2017   4  17  12 -23.13  -46.64  0.13E+01
2017   4  17  12 -23.08  -46.64  0.11E+01
2017   4  17  12 -22.88  -46.64  0.13E+01
2017   4  17  12 -22.78  -46.64  0.88E+00
2017   4  17  12 -23.23  -46.59  0.90E+00
2017   4  17  12 -23.18  -46.59  0.21E+01
2017   4  17  12 -23.13  -46.59  0.10E+01
2017   4  17  12 -23.08  -46.59  0.90E+00
2017   4  17  12 -23.03  -46.59  0.18E+01
2017   4  17  12 -22.98  -46.59  0.30E+01
2017   4  17  12 -23.43  -46.54  0.20E+01
2017   4  17  12 -23.38  -46.54  0.20E+01
2017   4  17  12 -23.33  -46.54  0.50E+01
2017   4  17  12 -23.28  -46.54  0.37E+01
2017   4  17  12 -23.23  -46.54  0.60E+01
2017   4  17  12 -23.18  -46.54  0.18E+01
2017   4  17  12 -23.13  -46.54  0.13E+01
2017   4  17  12 -23.08  -46.54  0.23E+01
2017   4  17  12 -23.03  -46.54  0.10E+01
2017   4  17  12 -22.98  -46.54  0.89E+00
2017   4  17  12 -23.63  -46.49  0.14E+01
2017   4  17  12 -23.58  -46.49  0.38E+01
2017   4  17  12 -23.53  -46.49  0.40E+01
2017   4  17  12 -23.48  -46.49  0.98E+01
2017   4  17  12 -23.43  -46.49  0.14E+02
2017   4  17  12 -23.38  -46.49  0.36E+01
2017   4  17  12 -23.33  -46.49  0.33E+01
2017   4  17  12 -23.28  -46.49  0.19E+01
2017   4  17  12 -23.23  -46.49  0.27E+01
2017   4  17  12 -23.18  -46.49  0.90E+00
2017   4  17  12 -23.13  -46.49  0.88E+00
2017   4  17  12 -23.08  -46.49  0.89E+00
2017   4  17  12 -22.98  -46.49  0.89E+00
2017   4  17  12 -23.73  -46.44  0.73E+01
2017   4  17  12 -23.68  -46.44  0.28E+02
2017   4  17  12 -23.63  -46.44  0.19E+02
2017   4  17  12 -23.58  -46.44  0.19E+02
2017   4  17  12 -23.53  -46.44  0.21E+02
2017   4  17  12 -23.48  -46.44  0.11E+02
2017   4  17  12 -23.43  -46.44  0.90E+01
2017   4  17  12 -23.38  -46.44  0.45E+01
2017   4  17  12 -23.33  -46.44  0.36E+01
2017   4  17  12 -23.28  -46.44  0.33E+01
2017   4  17  12 -23.23  -46.44  0.18E+01
2017   4  17  12 -22.98  -46.44  0.78E+00
2017   4  17  12 -22.93  -46.44  0.78E+00
2017   4  17  12 -23.83  -46.39  0.48E+02
2017   4  17  12 -23.78  -46.39  0.10E+03
2017   4  17  12 -23.73  -46.39  0.59E+02
2017   4  17  12 -23.68  -46.39  0.33E+02
2017   4  17  12 -23.63  -46.39  0.11E+02
2017   4  17  12 -23.58  -46.39  0.50E+01
2017   4  17  12 -23.53  -46.39  0.74E+01
2017   4  17  12 -23.48  -46.39  0.18E+01
2017   4  17  12 -23.43  -46.39  0.34E+01
2017   4  17  12 -23.38  -46.39  0.17E+01
2017   4  17  12 -23.33  -46.39  0.18E+01
2017   4  17  12 -23.78  -46.34  0.24E+00
2017   4  17  12 -23.73  -46.34  0.12E+01
2017   4  17  12 -23.68  -46.34  0.72E+01
2017   4  17  12 -23.63  -46.34  0.97E+00
2017   4  17  12 -23.58  -46.34  0.51E+01
2017   4  17  12 -23.53  -46.34  0.96E+00
2017   4  17  12 -23.48  -46.34  0.40E+01
2017   4  17  12 -23.43  -46.34  0.91E+00
2017   4  17  12 -23.38  -46.34  0.80E+00
2017   4  17  12 -23.33  -46.34  0.95E+00
2017   4  17  12 -23.23  -46.34  0.91E+00
2017   4  17  12 -23.13  -46.34  0.78E+00
2017   4  17  12 -23.63  -46.29  0.97E+00
2017   4  17  12 -23.58  -46.29  0.96E+00
2017   4  17  12 -23.38  -46.29  0.96E+00
2017   4  17  12 -23.28  -46.29  0.95E+00
2017   4  17  12 -23.23  -46.29  0.79E+00
2017   4  17  12 -23.13  -46.29  0.79E+00
2017   4  18   0 -22.48  -48.54  0.79E+00
2017   4  18   0 -22.03  -48.44  0.78E+00
2017   4  18   0 -22.53  -48.34  0.80E+00
2017   4  18   0 -22.58  -48.29  0.78E+00
2017   4  18   0 -22.23  -48.29  0.16E+01
2017   4  18   0 -22.93  -48.24  0.84E+00
2017   4  18   0 -22.28  -48.24  0.19E+01
2017   4  18   0 -22.28  -48.19  0.98E+00
2017   4  18   0 -22.28  -48.14  0.79E+00
2017   4  18   0 -22.23  -48.14  0.79E+00
2017   4  18   0 -22.03  -48.14  0.79E+00
2017   4  18   0 -21.73  -48.14  0.78E+00
2017   4  18   0 -22.58  -48.09  0.79E+00
2017   4  18   0 -22.48  -48.09  0.95E+00
2017   4  18   0 -21.98  -48.09  0.83E+00
2017   4  18   0 -21.88  -48.09  0.79E+00
2017   4  18   0 -22.88  -48.04  0.81E+00
2017   4  18   0 -22.48  -48.04  0.79E+00
2017   4  18   0 -21.78  -48.04  0.78E+00
2017   4  18   0 -22.48  -47.99  0.96E+00
2017   4  18   0 -22.23  -47.99  0.78E+00
2017   4  18   0 -22.03  -47.99  0.79E+00
2017   4  18   0 -22.83  -47.94  0.17E+01
2017   4  18   0 -22.78  -47.94  0.80E+00
2017   4  18   0 -22.53  -47.94  0.98E+00
2017   4  18   0 -21.73  -47.94  0.78E+00
2017   4  18   0 -22.58  -47.89  0.80E+00
2017   4  18   0 -21.88  -47.89  0.79E+00
2017   4  18   0 -23.13  -47.84  0.85E+00
2017   4  18   0 -22.18  -47.84  0.95E+00
2017   4  18   0 -22.63  -47.79  0.84E+00
2017   4  18   0 -22.48  -47.79  0.96E+00
2017   4  18   0 -22.28  -47.79  0.79E+00
2017   4  18   0 -22.18  -47.79  0.16E+01
2017   4  18   0 -22.58  -47.74  0.20E+01
2017   4  18   0 -22.53  -47.74  0.84E+00
2017   4  18   0 -21.98  -47.74  0.79E+00
2017   4  18   0 -21.93  -47.74  0.78E+00
2017   4  18   0 -22.88  -47.69  0.84E+00
2017   4  18   0 -22.68  -47.69  0.97E+00
2017   4  18   0 -22.63  -47.69  0.83E+00
2017   4  18   0 -22.58  -47.69  0.97E+00
2017   4  18   0 -22.48  -47.69  0.81E+00
2017   4  18   0 -22.38  -47.69  0.94E+00
2017   4  18   0 -22.18  -47.69  0.78E+00
2017   4  18   0 -21.88  -47.69  0.79E+00
2017   4  18   0 -23.38  -47.64  0.89E+00
2017   4  18   0 -22.93  -47.64  0.84E+00
2017   4  18   0 -22.68  -47.64  0.96E+00
2017   4  18   0 -22.53  -47.64  0.84E+00
2017   4  18   0 -22.38  -47.64  0.80E+00
2017   4  18   0 -22.18  -47.64  0.79E+00
2017   4  18   0 -23.23  -47.59  0.86E+00
2017   4  18   0 -23.08  -47.59  0.84E+00
2017   4  18   0 -22.88  -47.59  0.82E+00
2017   4  18   0 -22.78  -47.59  0.99E+00
2017   4  18   0 -22.58  -47.59  0.98E+00
2017   4  18   0 -22.53  -47.59  0.96E+00
2017   4  18   0 -22.23  -47.59  0.95E+00
2017   4  18   0 -22.08  -47.59  0.68E+00
2017   4  18   0 -22.78  -47.54  0.10E+01
2017   4  18   0 -22.73  -47.54  0.83E+00
2017   4  18   0 -22.63  -47.54  0.84E+00
2017   4  18   0 -22.58  -47.54  0.18E+01
2017   4  18   0 -22.53  -47.54  0.96E+00
2017   4  18   0 -22.48  -47.54  0.96E+00
2017   4  18   0 -22.43  -47.54  0.98E+00
2017   4  18   0 -22.33  -47.54  0.78E+00
2017   4  18   0 -22.23  -47.54  0.79E+00
2017   4  18   0 -21.58  -47.54  0.67E+00
2017   4  18   0 -21.43  -47.54  0.68E+00
2017   4  18   0 -23.13  -47.49  0.86E+00
2017   4  18   0 -22.78  -47.49  0.10E+01
2017   4  18   0 -22.58  -47.49  0.82E+00
2017   4  18   0 -22.13  -47.49  0.82E+00
2017   4  18   0 -23.43  -47.44  0.90E+00
2017   4  18   0 -22.93  -47.44  0.10E+01
2017   4  18   0 -22.78  -47.44  0.17E+01
2017   4  18   0 -22.73  -47.44  0.83E+00
2017   4  18   0 -22.58  -47.44  0.80E+00
2017   4  18   0 -22.48  -47.44  0.82E+00
2017   4  18   0 -22.03  -47.44  0.79E+00
2017   4  18   0 -21.68  -47.44  0.78E+00
2017   4  18   0 -23.03  -47.39  0.85E+00
2017   4  18   0 -22.78  -47.39  0.83E+00
2017   4  18   0 -22.68  -47.39  0.85E+00
2017   4  18   0 -22.63  -47.39  0.99E+00
2017   4  18   0 -22.58  -47.39  0.84E+00
2017   4  18   0 -22.53  -47.39  0.98E+00
2017   4  18   0 -22.23  -47.39  0.82E+00
2017   4  18   0 -22.03  -47.39  0.18E+01
2017   4  18   0 -21.83  -47.39  0.78E+00
2017   4  18   0 -23.08  -47.34  0.19E+01
2017   4  18   0 -23.03  -47.34  0.89E+00
2017   4  18   0 -22.88  -47.34  0.17E+01
2017   4  18   0 -22.83  -47.34  0.17E+01
2017   4  18   0 -22.78  -47.34  0.99E+00
2017   4  18   0 -22.73  -47.34  0.83E+00
2017   4  18   0 -22.63  -47.34  0.97E+00
2017   4  18   0 -22.58  -47.34  0.10E+01
2017   4  18   0 -22.13  -47.34  0.80E+00
2017   4  18   0 -23.03  -47.29  0.10E+01
2017   4  18   0 -22.98  -47.29  0.10E+01
2017   4  18   0 -22.93  -47.29  0.83E+00
2017   4  18   0 -22.88  -47.29  0.21E+01
2017   4  18   0 -22.78  -47.29  0.10E+01
2017   4  18   0 -22.73  -47.29  0.99E+00
2017   4  18   0 -22.68  -47.29  0.99E+00
2017   4  18   0 -22.43  -47.29  0.96E+00
2017   4  18   0 -22.38  -47.29  0.81E+00
2017   4  18   0 -22.33  -47.29  0.18E+01
2017   4  18   0 -21.93  -47.29  0.68E+00
2017   4  18   0 -23.18  -47.24  0.10E+01
2017   4  18   0 -23.13  -47.24  0.86E+00
2017   4  18   0 -23.08  -47.24  0.10E+01
2017   4  18   0 -23.03  -47.24  0.89E+00
2017   4  18   0 -22.93  -47.24  0.10E+01
2017   4  18   0 -22.88  -47.24  0.10E+01
2017   4  18   0 -22.28  -47.24  0.18E+01
2017   4  18   0 -22.23  -47.24  0.10E+01
2017   4  18   0 -22.08  -47.24  0.68E+00
2017   4  18   0 -21.98  -47.24  0.96E+00
2017   4  18   0 -23.23  -47.19  0.89E+00
2017   4  18   0 -23.13  -47.19  0.19E+01
2017   4  18   0 -23.08  -47.19  0.89E+00
2017   4  18   0 -22.98  -47.19  0.85E+00
2017   4  18   0 -22.93  -47.19  0.21E+01
2017   4  18   0 -22.88  -47.19  0.10E+01
2017   4  18   0 -22.73  -47.19  0.20E+01
2017   4  18   0 -22.68  -47.19  0.98E+00
2017   4  18   0 -22.63  -47.19  0.98E+00
2017   4  18   0 -22.58  -47.19  0.82E+00
2017   4  18   0 -22.48  -47.19  0.20E+01
2017   4  18   0 -22.28  -47.19  0.18E+01
2017   4  18   0 -22.23  -47.19  0.96E+00
2017   4  18   0 -21.98  -47.19  0.96E+00
2017   4  18   0 -23.33  -47.14  0.90E+00
2017   4  18   0 -23.28  -47.14  0.90E+00
2017   4  18   0 -23.18  -47.14  0.89E+00
2017   4  18   0 -23.13  -47.14  0.86E+00
2017   4  18   0 -23.08  -47.14  0.85E+00
2017   4  18   0 -23.03  -47.14  0.85E+00
2017   4  18   0 -22.98  -47.14  0.19E+01
2017   4  18   0 -22.78  -47.14  0.99E+00
2017   4  18   0 -22.73  -47.14  0.20E+01
2017   4  18   0 -22.68  -47.14  0.20E+01
2017   4  18   0 -22.63  -47.14  0.30E+01
2017   4  18   0 -22.58  -47.14  0.99E+00
2017   4  18   0 -22.53  -47.14  0.98E+00
2017   4  18   0 -22.43  -47.14  0.97E+00
2017   4  18   0 -22.38  -47.14  0.85E+00
2017   4  18   0 -22.33  -47.14  0.97E+00
2017   4  18   0 -22.18  -47.14  0.95E+00
2017   4  18   0 -21.88  -47.14  0.78E+00
2017   4  18   0 -23.33  -47.09  0.10E+01
2017   4  18   0 -23.18  -47.09  0.10E+01
2017   4  18   0 -22.88  -47.09  0.29E+01
2017   4  18   0 -22.83  -47.09  0.10E+01
2017   4  18   0 -22.78  -47.09  0.85E+00
2017   4  18   0 -22.38  -47.09  0.19E+01
2017   4  18   0 -22.33  -47.09  0.98E+00
2017   4  18   0 -22.28  -47.09  0.96E+00
2017   4  18   0 -21.93  -47.09  0.79E+00
2017   4  18   0 -23.18  -47.04  0.10E+01
2017   4  18   0 -23.08  -47.04  0.19E+01
2017   4  18   0 -23.03  -47.04  0.10E+01
2017   4  18   0 -22.98  -47.04  0.85E+00
2017   4  18   0 -22.88  -47.04  0.10E+01
2017   4  18   0 -22.73  -47.04  0.13E+01
2017   4  18   0 -22.58  -47.04  0.98E+00
2017   4  18   0 -22.43  -47.04  0.98E+00
2017   4  18   0 -22.08  -47.04  0.84E+00
2017   4  18   0 -21.78  -47.04  0.79E+00
2017   4  18   0 -23.38  -46.99  0.91E+00
2017   4  18   0 -23.28  -46.99  0.19E+01
2017   4  18   0 -23.13  -46.99  0.10E+01
2017   4  18   0 -23.08  -46.99  0.10E+01
2017   4  18   0 -23.03  -46.99  0.10E+01
2017   4  18   0 -22.88  -46.99  0.20E+01
2017   4  18   0 -22.83  -46.99  0.99E+00
2017   4  18   0 -22.78  -46.99  0.10E+01
2017   4  18   0 -22.73  -46.99  0.99E+00
2017   4  18   0 -22.63  -46.99  0.10E+01
2017   4  18   0 -22.58  -46.99  0.10E+01
2017   4  18   0 -22.53  -46.99  0.99E+00
2017   4  18   0 -22.43  -46.99  0.10E+01
2017   4  18   0 -22.38  -46.99  0.99E+00
2017   4  18   0 -22.18  -46.99  0.96E+00
2017   4  18   0 -22.08  -46.99  0.18E+01
2017   4  18   0 -22.03  -46.99  0.84E+00
2017   4  18   0 -23.43  -46.94  0.11E+01
2017   4  18   0 -23.13  -46.94  0.90E+00
2017   4  18   0 -23.03  -46.94  0.21E+01
2017   4  18   0 -22.88  -46.94  0.10E+01
2017   4  18   0 -22.83  -46.94  0.10E+01
2017   4  18   0 -22.78  -46.94  0.85E+00
2017   4  18   0 -22.73  -46.94  0.99E+00
2017   4  18   0 -22.68  -46.94  0.20E+01
2017   4  18   0 -22.53  -46.94  0.98E+00
2017   4  18   0 -22.43  -46.94  0.99E+00
2017   4  18   0 -22.38  -46.94  0.98E+00
2017   4  18   0 -22.28  -46.94  0.84E+00
2017   4  18   0 -22.18  -46.94  0.18E+01
2017   4  18   0 -23.58  -46.89  0.11E+01
2017   4  18   0 -23.38  -46.89  0.20E+01
2017   4  18   0 -23.33  -46.89  0.11E+01
2017   4  18   0 -23.28  -46.89  0.91E+00
2017   4  18   0 -23.23  -46.89  0.30E+01
2017   4  18   0 -23.13  -46.89  0.20E+01
2017   4  18   0 -23.08  -46.89  0.30E+01
2017   4  18   0 -23.03  -46.89  0.10E+01
2017   4  18   0 -22.98  -46.89  0.33E+01
2017   4  18   0 -22.93  -46.89  0.10E+01
2017   4  18   0 -22.88  -46.89  0.23E+01
2017   4  18   0 -22.83  -46.89  0.10E+01
2017   4  18   0 -22.78  -46.89  0.10E+01
2017   4  18   0 -22.68  -46.89  0.20E+01
2017   4  18   0 -22.43  -46.89  0.10E+01
2017   4  18   0 -21.98  -46.89  0.79E+00
2017   4  18   0 -23.58  -46.84  0.11E+01
2017   4  18   0 -23.48  -46.84  0.91E+00
2017   4  18   0 -23.38  -46.84  0.19E+01
2017   4  18   0 -23.33  -46.84  0.10E+01
2017   4  18   0 -23.28  -46.84  0.10E+01
2017   4  18   0 -23.23  -46.84  0.21E+01
2017   4  18   0 -23.18  -46.84  0.11E+01
2017   4  18   0 -23.13  -46.84  0.10E+01
2017   4  18   0 -23.08  -46.84  0.10E+01
2017   4  18   0 -23.03  -46.84  0.10E+01
2017   4  18   0 -22.98  -46.84  0.10E+01
2017   4  18   0 -22.88  -46.84  0.20E+01
2017   4  18   0 -22.83  -46.84  0.20E+01
2017   4  18   0 -22.68  -46.84  0.25E+01
2017   4  18   0 -22.58  -46.84  0.25E+01
2017   4  18   0 -22.53  -46.84  0.99E+00
2017   4  18   0 -23.53  -46.79  0.18E+01
2017   4  18   0 -23.43  -46.79  0.31E+01
2017   4  18   0 -23.38  -46.79  0.13E+01
2017   4  18   0 -23.33  -46.79  0.11E+01
2017   4  18   0 -23.28  -46.79  0.11E+01
2017   4  18   0 -23.23  -46.79  0.21E+01
2017   4  18   0 -23.13  -46.79  0.47E+01
2017   4  18   0 -23.08  -46.79  0.23E+01
2017   4  18   0 -23.03  -46.79  0.23E+01
2017   4  18   0 -22.98  -46.79  0.13E+01
2017   4  18   0 -22.93  -46.79  0.13E+01
2017   4  18   0 -22.88  -46.79  0.13E+01
2017   4  18   0 -22.78  -46.79  0.10E+01
2017   4  18   0 -22.73  -46.79  0.13E+01
2017   4  18   0 -22.63  -46.79  0.26E+01
2017   4  18   0 -23.63  -46.74  0.92E+00
2017   4  18   0 -23.48  -46.74  0.32E+01
2017   4  18   0 -23.43  -46.74  0.20E+01
2017   4  18   0 -23.38  -46.74  0.41E+01
2017   4  18   0 -23.33  -46.74  0.43E+01
2017   4  18   0 -23.28  -46.74  0.34E+01
2017   4  18   0 -23.23  -46.74  0.21E+01
2017   4  18   0 -23.18  -46.74  0.21E+01
2017   4  18   0 -23.13  -46.74  0.26E+01
2017   4  18   0 -23.03  -46.74  0.10E+01
2017   4  18   0 -22.98  -46.74  0.23E+01
2017   4  18   0 -22.93  -46.74  0.10E+01
2017   4  18   0 -22.88  -46.74  0.44E+01
2017   4  18   0 -22.78  -46.74  0.38E+01
2017   4  18   0 -22.73  -46.74  0.35E+01
2017   4  18   0 -22.58  -46.74  0.13E+01
2017   4  18   0 -22.53  -46.74  0.25E+01
2017   4  18   0 -23.58  -46.69  0.18E+01
2017   4  18   0 -23.53  -46.69  0.20E+01
2017   4  18   0 -23.48  -46.69  0.20E+01
2017   4  18   0 -23.38  -46.69  0.35E+01
2017   4  18   0 -23.33  -46.69  0.32E+01
2017   4  18   0 -23.28  -46.69  0.21E+01
2017   4  18   0 -23.23  -46.69  0.10E+01
2017   4  18   0 -23.18  -46.69  0.34E+01
2017   4  18   0 -23.08  -46.69  0.36E+01
2017   4  18   0 -23.03  -46.69  0.13E+01
2017   4  18   0 -22.93  -46.69  0.25E+01
2017   4  18   0 -22.83  -46.69  0.13E+01
2017   4  18   0 -22.78  -46.69  0.38E+01
2017   4  18   0 -22.73  -46.69  0.12E+01
2017   4  18   0 -22.68  -46.69  0.25E+01
2017   4  18   0 -22.63  -46.69  0.25E+01
2017   4  18   0 -22.58  -46.69  0.38E+01
2017   4  18   0 -22.53  -46.69  0.10E+01
2017   4  18   0 -22.43  -46.69  0.24E+01
2017   4  18   0 -22.38  -46.69  0.98E+00
2017   4  18   0 -22.28  -46.69  0.11E+01
2017   4  18   0 -22.23  -46.69  0.98E+00
2017   4  18   0 -21.98  -46.69  0.84E+00
2017   4  18   0 -23.63  -46.64  0.18E+01
2017   4  18   0 -23.53  -46.64  0.11E+01
2017   4  18   0 -23.48  -46.64  0.20E+01
2017   4  18   0 -23.43  -46.64  0.21E+01
2017   4  18   0 -23.38  -46.64  0.31E+01
2017   4  18   0 -23.33  -46.64  0.91E+00
2017   4  18   0 -23.28  -46.64  0.58E+01
2017   4  18   0 -23.23  -46.64  0.32E+01
2017   4  18   0 -23.13  -46.64  0.26E+01
2017   4  18   0 -23.08  -46.64  0.36E+01
2017   4  18   0 -23.03  -46.64  0.13E+01
2017   4  18   0 -22.98  -46.64  0.23E+01
2017   4  18   0 -22.93  -46.64  0.13E+01
2017   4  18   0 -22.78  -46.64  0.13E+01
2017   4  18   0 -22.68  -46.64  0.13E+01
2017   4  18   0 -22.58  -46.64  0.10E+01
2017   4  18   0 -22.48  -46.64  0.13E+01
2017   4  18   0 -22.33  -46.64  0.86E+00
2017   4  18   0 -23.68  -46.59  0.20E+01
2017   4  18   0 -23.63  -46.59  0.22E+01
2017   4  18   0 -23.58  -46.59  0.22E+01
2017   4  18   0 -23.53  -46.59  0.33E+01
2017   4  18   0 -23.48  -46.59  0.24E+01
2017   4  18   0 -23.43  -46.59  0.32E+01
2017   4  18   0 -23.38  -46.59  0.34E+01
2017   4  18   0 -23.33  -46.59  0.34E+01
2017   4  18   0 -23.28  -46.59  0.37E+01
2017   4  18   0 -23.23  -46.59  0.24E+01
2017   4  18   0 -23.18  -46.59  0.52E+01
2017   4  18   0 -23.13  -46.59  0.26E+01
2017   4  18   0 -23.08  -46.59  0.13E+01
2017   4  18   0 -22.83  -46.59  0.13E+01
2017   4  18   0 -23.73  -46.54  0.90E+00
2017   4  18   0 -23.68  -46.54  0.54E+01
2017   4  18   0 -23.63  -46.54  0.71E+01
2017   4  18   0 -23.58  -46.54  0.44E+01
2017   4  18   0 -23.53  -46.54  0.48E+01
2017   4  18   0 -23.48  -46.54  0.36E+01
2017   4  18   0 -23.43  -46.54  0.13E+01
2017   4  18   0 -23.38  -46.54  0.13E+01
2017   4  18   0 -23.33  -46.54  0.11E+01
2017   4  18   0 -23.28  -46.54  0.53E+01
2017   4  18   0 -23.23  -46.54  0.11E+01
2017   4  18   0 -23.18  -46.54  0.13E+01
2017   4  18   0 -23.13  -46.54  0.13E+01
2017   4  18   0 -23.08  -46.54  0.60E+01
2017   4  18   0 -22.58  -46.54  0.25E+01
2017   4  18   0 -22.53  -46.54  0.11E+01
2017   4  18   0 -22.48  -46.54  0.13E+01
2017   4  18   0 -22.38  -46.54  0.13E+01
2017   4  18   0 -22.23  -46.54  0.85E+00
2017   4  18   0 -23.78  -46.49  0.11E+01
2017   4  18   0 -23.73  -46.49  0.45E+01
2017   4  18   0 -23.68  -46.49  0.41E+01
2017   4  18   0 -23.63  -46.49  0.13E+02
2017   4  18   0 -23.58  -46.49  0.78E+01
2017   4  18   0 -23.53  -46.49  0.62E+01
2017   4  18   0 -23.48  -46.49  0.14E+01
2017   4  18   0 -23.43  -46.49  0.27E+01
2017   4  18   0 -23.38  -46.49  0.27E+01
2017   4  18   0 -23.33  -46.49  0.24E+01
2017   4  18   0 -23.28  -46.49  0.36E+01
2017   4  18   0 -23.18  -46.49  0.13E+01
2017   4  18   0 -23.08  -46.49  0.13E+01
2017   4  18   0 -22.93  -46.49  0.13E+01
2017   4  18   0 -22.38  -46.49  0.99E+00
2017   4  18   0 -22.33  -46.49  0.85E+00
2017   4  18   0 -22.23  -46.49  0.86E+00
2017   4  18   0 -23.78  -46.44  0.11E+02
2017   4  18   0 -23.73  -46.44  0.85E+01
2017   4  18   0 -23.68  -46.44  0.50E+01
2017   4  18   0 -23.63  -46.44  0.38E+01
2017   4  18   0 -23.58  -46.44  0.27E+01
2017   4  18   0 -23.53  -46.44  0.27E+01
2017   4  18   0 -23.48  -46.44  0.41E+01
2017   4  18   0 -23.43  -46.44  0.14E+01
2017   4  18   0 -23.33  -46.44  0.27E+01
2017   4  18   0 -23.23  -46.44  0.13E+01
2017   4  18   0 -22.63  -46.44  0.13E+01
2017   4  18   0 -23.83  -46.39  0.82E+01
2017   4  18   0 -23.78  -46.39  0.22E+02
2017   4  18   0 -23.73  -46.39  0.12E+02
2017   4  18   0 -23.68  -46.39  0.14E+01
2017   4  18   0 -23.63  -46.39  0.27E+01
2017   4  18   0 -21.83  -46.39  0.82E+00
2017   4  18   0 -22.33  -46.34  0.86E+00
2017   4  18   0 -22.18  -46.14  0.85E+00
