YEAR  MO  DA  HR    LAT     LON Rn2200100
2011   9   8  12  22.40   86.00  0.13E-12
2011   9   8  12  22.30   86.05  0.23E-12
2011   9   8  12  22.35   86.05  0.33E-12
2011   9   8  12  22.40   86.05  0.77E-12
2011   9   8  12  22.45   86.05  0.27E-12
2011   9   8  12  22.55   86.05  0.22E-12
2011   9   8  12  22.60   86.05  0.27E-12
2011   9   8  12  22.30   86.10  0.29E-12
2011   9   8  12  22.35   86.10  0.51E-12
2011   9   8  12  22.40   86.10  0.70E-12
2011   9   8  12  22.45   86.10  0.15E-11
2011   9   8  12  22.50   86.10  0.19E-11
2011   9   8  12  22.55   86.10  0.60E-12
2011   9   8  12  22.60   86.10  0.56E-12
2011   9   8  12  22.65   86.10  0.22E-12
2011   9   8  12  22.70   86.10  0.13E-12
2011   9   8  12  22.15   86.15  0.18E-12
2011   9   8  12  22.20   86.15  0.18E-12
2011   9   8  12  22.25   86.15  0.27E-12
2011   9   8  12  22.30   86.15  0.47E-12
2011   9   8  12  22.35   86.15  0.13E-11
2011   9   8  12  22.40   86.15  0.15E-11
2011   9   8  12  22.45   86.15  0.18E-11
2011   9   8  12  22.50   86.15  0.10E-11
2011   9   8  12  22.55   86.15  0.19E-11
2011   9   8  12  22.60   86.15  0.15E-11
2011   9   8  12  22.65   86.15  0.27E-12
2011   9   8  12  22.05   86.20  0.13E-12
2011   9   8  12  22.10   86.20  0.65E-13
2011   9   8  12  22.15   86.20  0.43E-12
2011   9   8  12  22.20   86.20  0.51E-12
2011   9   8  12  22.25   86.20  0.95E-12
2011   9   8  12  22.30   86.20  0.21E-11
2011   9   8  12  22.35   86.20  0.24E-11
2011   9   8  12  22.40   86.20  0.20E-11
2011   9   8  12  22.45   86.20  0.24E-11
2011   9   8  12  22.50   86.20  0.29E-11
2011   9   8  12  22.55   86.20  0.37E-11
2011   9   8  12  22.60   86.20  0.32E-11
2011   9   8  12  22.65   86.20  0.17E-11
2011   9   8  12  22.70   86.20  0.27E-12
2011   9   8  12  22.75   86.20  0.44E-12
2011   9   8  12  22.80   86.20  0.87E-13
2011   9   8  12  22.05   86.25  0.65E-13
2011   9   8  12  22.10   86.25  0.86E-13
2011   9   8  12  22.15   86.25  0.26E-12
2011   9   8  12  22.20   86.25  0.15E-11
2011   9   8  12  22.25   86.25  0.13E-11
2011   9   8  12  22.30   86.25  0.31E-11
2011   9   8  12  22.35   86.25  0.34E-11
2011   9   8  12  22.40   86.25  0.59E-11
2011   9   8  12  22.45   86.25  0.11E-10
2011   9   8  12  22.50   86.25  0.12E-10
2011   9   8  12  22.55   86.25  0.11E-10
2011   9   8  12  22.60   86.25  0.11E-10
2011   9   8  12  22.65   86.25  0.68E-11
2011   9   8  12  22.70   86.25  0.31E-11
2011   9   8  12  22.75   86.25  0.37E-12
2011   9   8  12  22.05   86.30  0.17E-12
2011   9   8  12  22.10   86.30  0.40E-12
2011   9   8  12  22.15   86.30  0.90E-12
2011   9   8  12  22.20   86.30  0.13E-11
2011   9   8  12  22.25   86.30  0.14E-11
2011   9   8  12  22.30   86.30  0.40E-11
2011   9   8  12  22.35   86.30  0.68E-11
2011   9   8  12  22.40   86.30  0.91E-11
2011   9   8  12  22.45   86.30  0.12E-10
2011   9   8  12  22.50   86.30  0.18E-10
2011   9   8  12  22.55   86.30  0.27E-10
2011   9   8  12  22.60   86.30  0.35E-10
2011   9   8  12  22.65   86.30  0.20E-10
2011   9   8  12  22.70   86.30  0.52E-11
2011   9   8  12  22.75   86.30  0.12E-11
2011   9   8  12  22.00   86.35  0.64E-13
2011   9   8  12  22.05   86.35  0.13E-12
2011   9   8  12  22.10   86.35  0.25E-12
2011   9   8  12  22.15   86.35  0.16E-11
2011   9   8  12  22.20   86.35  0.15E-11
2011   9   8  12  22.25   86.35  0.30E-11
2011   9   8  12  22.30   86.35  0.64E-11
2011   9   8  12  22.35   86.35  0.83E-11
2011   9   8  12  22.40   86.35  0.10E-10
2011   9   8  12  22.45   86.35  0.16E-10
2011   9   8  12  22.50   86.35  0.27E-10
2011   9   8  12  22.55   86.35  0.44E-10
2011   9   8  12  22.60   86.35  0.12E-09
2011   9   8  12  22.65   86.35  0.23E-09
2011   9   8  12  22.70   86.35  0.17E-10
2011   9   8  12  22.75   86.35  0.15E-11
2011   9   8  12  22.80   86.35  0.72E-12
2011   9   8  12  22.05   86.40  0.18E-12
2011   9   8  12  22.10   86.40  0.53E-12
2011   9   8  12  22.15   86.40  0.19E-11
2011   9   8  12  22.20   86.40  0.20E-11
2011   9   8  12  22.25   86.40  0.45E-11
2011   9   8  12  22.30   86.40  0.65E-11
2011   9   8  12  22.35   86.40  0.86E-11
2011   9   8  12  22.40   86.40  0.13E-10
2011   9   8  12  22.45   86.40  0.19E-10
2011   9   8  12  22.50   86.40  0.31E-10
2011   9   8  12  22.55   86.40  0.51E-10
2011   9   8  12  22.60   86.40  0.78E-10
2011   9   8  12  22.65   86.40  0.51E-10
2011   9   8  12  22.70   86.40  0.83E-11
2011   9   8  12  22.75   86.40  0.82E-12
2011   9   8  12  22.80   86.40  0.72E-12
2011   9   8  12  22.00   86.45  0.18E-12
2011   9   8  12  22.05   86.45  0.24E-12
2011   9   8  12  22.10   86.45  0.89E-12
2011   9   8  12  22.15   86.45  0.10E-11
2011   9   8  12  22.20   86.45  0.29E-11
2011   9   8  12  22.25   86.45  0.35E-11
2011   9   8  12  22.30   86.45  0.62E-11
2011   9   8  12  22.35   86.45  0.11E-10
2011   9   8  12  22.40   86.45  0.15E-10
2011   9   8  12  22.45   86.45  0.23E-10
2011   9   8  12  22.50   86.45  0.28E-10
2011   9   8  12  22.55   86.45  0.34E-10
2011   9   8  12  22.60   86.45  0.38E-10
2011   9   8  12  22.65   86.45  0.16E-10
2011   9   8  12  22.70   86.45  0.26E-11
2011   9   8  12  22.75   86.45  0.71E-12
2011   9   8  12  22.80   86.45  0.27E-12
2011   9   8  12  22.00   86.50  0.12E-12
2011   9   8  12  22.05   86.50  0.40E-12
2011   9   8  12  22.10   86.50  0.87E-12
2011   9   8  12  22.15   86.50  0.16E-11
2011   9   8  12  22.20   86.50  0.23E-11
2011   9   8  12  22.25   86.50  0.34E-11
2011   9   8  12  22.30   86.50  0.83E-11
2011   9   8  12  22.35   86.50  0.11E-10
2011   9   8  12  22.40   86.50  0.14E-10
2011   9   8  12  22.45   86.50  0.19E-10
2011   9   8  12  22.50   86.50  0.20E-10
2011   9   8  12  22.55   86.50  0.24E-10
2011   9   8  12  22.60   86.50  0.17E-10
2011   9   8  12  22.65   86.50  0.74E-11
2011   9   8  12  22.70   86.50  0.22E-11
2011   9   8  12  22.75   86.50  0.47E-12
2011   9   8  12  22.80   86.50  0.68E-12
2011   9   8  12  22.00   86.55  0.75E-13
2011   9   8  12  22.05   86.55  0.48E-12
2011   9   8  12  22.10   86.55  0.90E-12
2011   9   8  12  22.15   86.55  0.18E-11
2011   9   8  12  22.20   86.55  0.15E-11
2011   9   8  12  22.25   86.55  0.50E-11
2011   9   8  12  22.30   86.55  0.89E-11
2011   9   8  12  22.35   86.55  0.10E-10
2011   9   8  12  22.40   86.55  0.12E-10
2011   9   8  12  22.45   86.55  0.14E-10
2011   9   8  12  22.50   86.55  0.13E-10
2011   9   8  12  22.55   86.55  0.16E-10
2011   9   8  12  22.60   86.55  0.87E-11
2011   9   8  12  22.65   86.55  0.35E-11
2011   9   8  12  22.70   86.55  0.10E-11
2011   9   8  12  22.75   86.55  0.47E-12
2011   9   8  12  22.80   86.55  0.43E-12
2011   9   8  12  22.00   86.60  0.15E-12
2011   9   8  12  22.05   86.60  0.27E-12
2011   9   8  12  22.10   86.60  0.80E-12
2011   9   8  12  22.15   86.60  0.11E-11
2011   9   8  12  22.20   86.60  0.24E-11
2011   9   8  12  22.25   86.60  0.44E-11
2011   9   8  12  22.30   86.60  0.79E-11
2011   9   8  12  22.35   86.60  0.71E-11
2011   9   8  12  22.40   86.60  0.98E-11
2011   9   8  12  22.45   86.60  0.96E-11
2011   9   8  12  22.50   86.60  0.10E-10
2011   9   8  12  22.55   86.60  0.90E-11
2011   9   8  12  22.60   86.60  0.56E-11
2011   9   8  12  22.65   86.60  0.25E-11
2011   9   8  12  22.70   86.60  0.10E-11
2011   9   8  12  22.75   86.60  0.48E-12
2011   9   8  12  22.80   86.60  0.15E-12
2011   9   8  12  21.95   86.65  0.56E-13
2011   9   8  12  22.00   86.65  0.11E-12
2011   9   8  12  22.05   86.65  0.14E-12
2011   9   8  12  22.10   86.65  0.90E-12
2011   9   8  12  22.15   86.65  0.11E-11
2011   9   8  12  22.20   86.65  0.27E-11
2011   9   8  12  22.25   86.65  0.43E-11
2011   9   8  12  22.30   86.65  0.72E-11
2011   9   8  12  22.35   86.65  0.56E-11
2011   9   8  12  22.40   86.65  0.78E-11
2011   9   8  12  22.45   86.65  0.77E-11
2011   9   8  12  22.50   86.65  0.68E-11
2011   9   8  12  22.55   86.65  0.60E-11
2011   9   8  12  22.60   86.65  0.25E-11
2011   9   8  12  22.65   86.65  0.17E-11
2011   9   8  12  22.70   86.65  0.92E-12
2011   9   8  12  22.75   86.65  0.20E-12
2011   9   8  12  22.80   86.65  0.86E-13
2011   9   8  12  21.95   86.70  0.56E-13
2011   9   8  12  22.05   86.70  0.24E-12
2011   9   8  12  22.10   86.70  0.45E-12
2011   9   8  12  22.15   86.70  0.51E-12
2011   9   8  12  22.20   86.70  0.19E-11
2011   9   8  12  22.25   86.70  0.30E-11
2011   9   8  12  22.30   86.70  0.49E-11
2011   9   8  12  22.35   86.70  0.31E-11
2011   9   8  12  22.40   86.70  0.62E-11
2011   9   8  12  22.45   86.70  0.39E-11
2011   9   8  12  22.50   86.70  0.43E-11
2011   9   8  12  22.55   86.70  0.30E-11
2011   9   8  12  22.60   86.70  0.16E-11
2011   9   8  12  22.65   86.70  0.18E-11
2011   9   8  12  22.70   86.70  0.50E-12
2011   9   8  12  22.75   86.70  0.18E-12
2011   9   8  12  22.80   86.70  0.15E-12
2011   9   8  12  21.95   86.75  0.56E-13
2011   9   8  12  22.05   86.75  0.47E-12
2011   9   8  12  22.10   86.75  0.13E-12
2011   9   8  12  22.15   86.75  0.11E-11
2011   9   8  12  22.20   86.75  0.16E-11
2011   9   8  12  22.25   86.75  0.28E-11
2011   9   8  12  22.30   86.75  0.28E-11
2011   9   8  12  22.35   86.75  0.30E-11
2011   9   8  12  22.40   86.75  0.36E-11
2011   9   8  12  22.45   86.75  0.30E-11
2011   9   8  12  22.50   86.75  0.29E-11
2011   9   8  12  22.55   86.75  0.19E-11
2011   9   8  12  22.60   86.75  0.55E-12
2011   9   8  12  22.65   86.75  0.15E-11
2011   9   8  12  22.70   86.75  0.13E-12
2011   9   8  12  22.75   86.75  0.18E-12
2011   9   8  12  22.80   86.75  0.13E-12
2011   9   8  12  22.05   86.80  0.19E-12
2011   9   8  12  22.10   86.80  0.36E-12
2011   9   8  12  22.15   86.80  0.39E-12
2011   9   8  12  22.20   86.80  0.82E-12
2011   9   8  12  22.25   86.80  0.25E-11
2011   9   8  12  22.30   86.80  0.20E-11
2011   9   8  12  22.35   86.80  0.18E-11
2011   9   8  12  22.40   86.80  0.24E-11
2011   9   8  12  22.45   86.80  0.17E-11
2011   9   8  12  22.50   86.80  0.13E-11
2011   9   8  12  22.55   86.80  0.14E-11
2011   9   8  12  22.60   86.80  0.41E-12
2011   9   8  12  22.65   86.80  0.11E-11
2011   9   8  12  22.75   86.80  0.65E-13
2011   9   8  12  22.80   86.80  0.64E-13
2011   9   8  12  22.00   86.85  0.64E-13
2011   9   8  12  22.05   86.85  0.18E-12
2011   9   8  12  22.10   86.85  0.40E-12
2011   9   8  12  22.15   86.85  0.33E-12
2011   9   8  12  22.20   86.85  0.48E-12
2011   9   8  12  22.25   86.85  0.15E-11
2011   9   8  12  22.30   86.85  0.14E-11
2011   9   8  12  22.35   86.85  0.15E-11
2011   9   8  12  22.40   86.85  0.10E-11
2011   9   8  12  22.45   86.85  0.14E-11
2011   9   8  12  22.50   86.85  0.78E-12
2011   9   8  12  22.55   86.85  0.61E-12
2011   9   8  12  22.60   86.85  0.32E-12
2011   9   8  12  22.65   86.85  0.45E-12
2011   9   8  12  22.75   86.85  0.65E-13
2011   9   8  12  22.05   86.90  0.65E-13
2011   9   8  12  22.10   86.90  0.25E-12
2011   9   8  12  22.15   86.90  0.26E-12
2011   9   8  12  22.20   86.90  0.44E-12
2011   9   8  12  22.25   86.90  0.83E-12
2011   9   8  12  22.30   86.90  0.50E-12
2011   9   8  12  22.35   86.90  0.70E-12
2011   9   8  12  22.40   86.90  0.89E-12
2011   9   8  12  22.45   86.90  0.11E-11
2011   9   8  12  22.50   86.90  0.22E-12
2011   9   8  12  22.55   86.90  0.44E-12
2011   9   8  12  22.60   86.90  0.64E-13
2011   9   8  12  22.65   86.90  0.20E-12
2011   9   8  12  22.05   86.95  0.12E-12
2011   9   8  12  22.10   86.95  0.56E-13
2011   9   8  12  22.15   86.95  0.20E-12
2011   9   8  12  22.20   86.95  0.18E-12
2011   9   8  12  22.25   86.95  0.59E-12
2011   9   8  12  22.30   86.95  0.32E-12
2011   9   8  12  22.35   86.95  0.58E-12
2011   9   8  12  22.40   86.95  0.49E-12
2011   9   8  12  22.45   86.95  0.24E-12
2011   9   8  12  22.50   86.95  0.33E-12
2011   9   8  12  22.55   86.95  0.25E-12
2011   9   8  12  22.65   86.95  0.56E-13
2011   9   8  12  22.70   86.95  0.56E-13
2011   9   8  12  22.05   87.00  0.56E-13
2011   9   8  12  22.10   87.00  0.11E-12
2011   9   8  12  22.15   87.00  0.12E-12
2011   9   8  12  22.20   87.00  0.18E-12
2011   9   8  12  22.25   87.00  0.39E-12
2011   9   8  12  22.30   87.00  0.20E-12
2011   9   8  12  22.35   87.00  0.64E-13
2011   9   8  12  22.40   87.00  0.40E-12
2011   9   8  12  22.45   87.00  0.55E-13
2011   9   8  12  22.50   87.00  0.20E-12
2011   9   8  12  22.55   87.00  0.12E-12
2011   9   8  12  22.65   87.00  0.56E-13
2011   9   8  12  22.15   87.05  0.11E-12
2011   9   8  12  22.20   87.05  0.39E-12
2011   9   8  12  22.25   87.05  0.13E-12
2011   9   8  12  22.30   87.05  0.26E-12
2011   9   8  12  22.35   87.05  0.56E-13
2011   9   8  12  22.40   87.05  0.13E-12
2011   9   8  12  22.15   87.10  0.56E-13
2011   9   8  12  22.20   87.10  0.65E-13
2011   9   8  12  22.30   87.10  0.64E-13
2011   9   8  12  22.25   87.15  0.64E-13
2011   9   9   0  22.25   86.15  0.56E-13
2011   9   9   0  22.45   86.15  0.64E-13
2011   9   9   0  22.50   86.15  0.65E-13
2011   9   9   0  22.25   86.20  0.11E-12
2011   9   9   0  22.30   86.20  0.64E-13
2011   9   9   0  22.40   86.20  0.64E-13
2011   9   9   0  22.45   86.20  0.18E-12
2011   9   9   0  22.60   86.20  0.65E-13
2011   9   9   0  22.00   86.25  0.65E-13
2011   9   9   0  22.25   86.25  0.55E-13
2011   9   9   0  22.30   86.25  0.13E-12
2011   9   9   0  22.35   86.25  0.19E-12
2011   9   9   0  22.40   86.25  0.13E-12
2011   9   9   0  22.45   86.25  0.17E-12
2011   9   9   0  22.60   86.25  0.13E-12
2011   9   9   0  22.00   86.30  0.65E-13
2011   9   9   0  22.20   86.30  0.43E-12
2011   9   9   0  22.25   86.30  0.33E-12
2011   9   9   0  22.30   86.30  0.33E-12
2011   9   9   0  22.35   86.30  0.19E-12
2011   9   9   0  22.40   86.30  0.30E-12
2011   9   9   0  22.45   86.30  0.19E-12
2011   9   9   0  22.55   86.30  0.13E-12
2011   9   9   0  22.60   86.30  0.13E-12
2011   9   9   0  22.65   86.30  0.14E-10
2011   9   9   0  22.75   86.30  0.64E-13
2011   9   9   0  21.95   86.35  0.64E-13
2011   9   9   0  22.15   86.35  0.13E-12
2011   9   9   0  22.20   86.35  0.55E-12
2011   9   9   0  22.25   86.35  0.58E-12
2011   9   9   0  22.30   86.35  0.64E-12
2011   9   9   0  22.35   86.35  0.32E-12
2011   9   9   0  22.40   86.35  0.69E-12
2011   9   9   0  22.45   86.35  0.26E-12
2011   9   9   0  22.50   86.35  0.19E-12
2011   9   9   0  22.55   86.35  0.19E-12
2011   9   9   0  22.60   86.35  0.12E-09
2011   9   9   0  22.65   86.35  0.27E-09
2011   9   9   0  22.70   86.35  0.13E-12
2011   9   9   0  22.75   86.35  0.19E-12
2011   9   9   0  21.90   86.40  0.64E-13
2011   9   9   0  21.95   86.40  0.64E-13
2011   9   9   0  22.05   86.40  0.64E-13
2011   9   9   0  22.15   86.40  0.51E-12
2011   9   9   0  22.20   86.40  0.73E-12
2011   9   9   0  22.25   86.40  0.10E-11
2011   9   9   0  22.30   86.40  0.51E-12
2011   9   9   0  22.35   86.40  0.26E-12
2011   9   9   0  22.40   86.40  0.75E-12
2011   9   9   0  22.45   86.40  0.44E-12
2011   9   9   0  22.50   86.40  0.78E-12
2011   9   9   0  22.55   86.40  0.66E-10
2011   9   9   0  22.60   86.40  0.21E-09
2011   9   9   0  22.65   86.40  0.34E-10
2011   9   9   0  22.70   86.40  0.13E-12
2011   9   9   0  21.90   86.45  0.13E-12
2011   9   9   0  22.00   86.45  0.64E-13
2011   9   9   0  22.05   86.45  0.64E-13
2011   9   9   0  22.10   86.45  0.51E-12
2011   9   9   0  22.15   86.45  0.70E-12
2011   9   9   0  22.20   86.45  0.11E-11
2011   9   9   0  22.25   86.45  0.15E-11
2011   9   9   0  22.30   86.45  0.10E-11
2011   9   9   0  22.35   86.45  0.11E-11
2011   9   9   0  22.40   86.45  0.13E-11
2011   9   9   0  22.45   86.45  0.27E-11
2011   9   9   0  22.50   86.45  0.43E-10
2011   9   9   0  22.55   86.45  0.15E-09
2011   9   9   0  22.60   86.45  0.68E-10
2011   9   9   0  22.65   86.45  0.56E-11
2011   9   9   0  22.70   86.45  0.19E-12
2011   9   9   0  22.75   86.45  0.56E-13
2011   9   9   0  21.90   86.50  0.13E-12
2011   9   9   0  21.95   86.50  0.18E-12
2011   9   9   0  22.05   86.50  0.25E-12
2011   9   9   0  22.10   86.50  0.76E-12
2011   9   9   0  22.15   86.50  0.14E-11
2011   9   9   0  22.20   86.50  0.19E-11
2011   9   9   0  22.25   86.50  0.16E-11
2011   9   9   0  22.30   86.50  0.15E-11
2011   9   9   0  22.35   86.50  0.16E-11
2011   9   9   0  22.40   86.50  0.37E-11
2011   9   9   0  22.45   86.50  0.20E-10
2011   9   9   0  22.50   86.50  0.10E-09
2011   9   9   0  22.55   86.50  0.67E-10
2011   9   9   0  22.60   86.50  0.33E-10
2011   9   9   0  22.65   86.50  0.38E-11
2011   9   9   0  22.70   86.50  0.19E-12
2011   9   9   0  22.75   86.50  0.12E-12
2011   9   9   0  21.95   86.55  0.64E-13
2011   9   9   0  22.00   86.55  0.17E-12
2011   9   9   0  22.05   86.55  0.63E-12
2011   9   9   0  22.10   86.55  0.15E-11
2011   9   9   0  22.15   86.55  0.19E-11
2011   9   9   0  22.20   86.55  0.18E-11
2011   9   9   0  22.25   86.55  0.19E-11
2011   9   9   0  22.30   86.55  0.24E-11
2011   9   9   0  22.35   86.55  0.44E-11
2011   9   9   0  22.40   86.55  0.12E-10
2011   9   9   0  22.45   86.55  0.52E-10
2011   9   9   0  22.50   86.55  0.76E-10
2011   9   9   0  22.55   86.55  0.44E-10
2011   9   9   0  22.60   86.55  0.18E-10
2011   9   9   0  22.65   86.55  0.41E-11
2011   9   9   0  22.70   86.55  0.27E-12
2011   9   9   0  22.75   86.55  0.26E-12
2011   9   9   0  22.80   86.55  0.13E-12
2011   9   9   0  21.85   86.60  0.63E-13
2011   9   9   0  21.90   86.60  0.55E-13
2011   9   9   0  21.95   86.60  0.12E-12
2011   9   9   0  22.00   86.60  0.26E-12
2011   9   9   0  22.05   86.60  0.70E-12
2011   9   9   0  22.10   86.60  0.25E-11
2011   9   9   0  22.15   86.60  0.19E-11
2011   9   9   0  22.20   86.60  0.28E-11
2011   9   9   0  22.25   86.60  0.27E-11
2011   9   9   0  22.30   86.60  0.36E-11
2011   9   9   0  22.35   86.60  0.86E-11
2011   9   9   0  22.40   86.60  0.25E-10
2011   9   9   0  22.45   86.60  0.55E-10
2011   9   9   0  22.50   86.60  0.48E-10
2011   9   9   0  22.55   86.60  0.34E-10
2011   9   9   0  22.60   86.60  0.11E-10
2011   9   9   0  22.65   86.60  0.42E-11
2011   9   9   0  22.70   86.60  0.86E-12
2011   9   9   0  22.75   86.60  0.32E-12
2011   9   9   0  22.80   86.60  0.24E-12
2011   9   9   0  21.85   86.65  0.13E-12
2011   9   9   0  21.90   86.65  0.18E-12
2011   9   9   0  21.95   86.65  0.24E-12
2011   9   9   0  22.00   86.65  0.85E-12
2011   9   9   0  22.05   86.65  0.11E-11
2011   9   9   0  22.10   86.65  0.24E-11
2011   9   9   0  22.15   86.65  0.28E-11
2011   9   9   0  22.20   86.65  0.40E-11
2011   9   9   0  22.25   86.65  0.60E-11
2011   9   9   0  22.30   86.65  0.80E-11
2011   9   9   0  22.35   86.65  0.17E-10
2011   9   9   0  22.40   86.65  0.41E-10
2011   9   9   0  22.45   86.65  0.48E-10
2011   9   9   0  22.50   86.65  0.40E-10
2011   9   9   0  22.55   86.65  0.23E-10
2011   9   9   0  22.60   86.65  0.94E-11
2011   9   9   0  22.65   86.65  0.23E-11
2011   9   9   0  22.70   86.65  0.14E-11
2011   9   9   0  22.75   86.65  0.33E-12
2011   9   9   0  22.80   86.65  0.53E-12
2011   9   9   0  21.85   86.70  0.13E-12
2011   9   9   0  21.90   86.70  0.31E-12
2011   9   9   0  21.95   86.70  0.33E-12
2011   9   9   0  22.00   86.70  0.15E-11
2011   9   9   0  22.05   86.70  0.18E-11
2011   9   9   0  22.10   86.70  0.26E-11
2011   9   9   0  22.15   86.70  0.34E-11
2011   9   9   0  22.20   86.70  0.53E-11
2011   9   9   0  22.25   86.70  0.59E-11
2011   9   9   0  22.30   86.70  0.13E-10
2011   9   9   0  22.35   86.70  0.31E-10
2011   9   9   0  22.40   86.70  0.39E-10
2011   9   9   0  22.45   86.70  0.52E-10
2011   9   9   0  22.50   86.70  0.35E-10
2011   9   9   0  22.55   86.70  0.18E-10
2011   9   9   0  22.60   86.70  0.83E-11
2011   9   9   0  22.65   86.70  0.21E-11
2011   9   9   0  22.70   86.70  0.16E-11
2011   9   9   0  22.75   86.70  0.51E-12
2011   9   9   0  22.80   86.70  0.28E-12
2011   9   9   0  22.85   86.70  0.11E-12
2011   9   9   0  21.85   86.75  0.15E-12
2011   9   9   0  21.90   86.75  0.42E-12
2011   9   9   0  21.95   86.75  0.99E-12
2011   9   9   0  22.00   86.75  0.15E-11
2011   9   9   0  22.05   86.75  0.24E-11
2011   9   9   0  22.10   86.75  0.37E-11
2011   9   9   0  22.15   86.75  0.45E-11
2011   9   9   0  22.20   86.75  0.63E-11
2011   9   9   0  22.25   86.75  0.13E-10
2011   9   9   0  22.30   86.75  0.20E-10
2011   9   9   0  22.35   86.75  0.32E-10
2011   9   9   0  22.40   86.75  0.40E-10
2011   9   9   0  22.45   86.75  0.42E-10
2011   9   9   0  22.50   86.75  0.32E-10
2011   9   9   0  22.55   86.75  0.17E-10
2011   9   9   0  22.60   86.75  0.54E-11
2011   9   9   0  22.65   86.75  0.23E-11
2011   9   9   0  22.70   86.75  0.12E-11
2011   9   9   0  22.75   86.75  0.82E-12
2011   9   9   0  21.80   86.80  0.17E-12
2011   9   9   0  21.85   86.80  0.30E-12
2011   9   9   0  21.90   86.80  0.35E-12
2011   9   9   0  21.95   86.80  0.12E-11
2011   9   9   0  22.00   86.80  0.19E-11
2011   9   9   0  22.05   86.80  0.32E-11
2011   9   9   0  22.10   86.80  0.36E-11
2011   9   9   0  22.15   86.80  0.68E-11
2011   9   9   0  22.20   86.80  0.74E-11
2011   9   9   0  22.25   86.80  0.14E-10
2011   9   9   0  22.30   86.80  0.27E-10
2011   9   9   0  22.35   86.80  0.30E-10
2011   9   9   0  22.40   86.80  0.42E-10
2011   9   9   0  22.45   86.80  0.40E-10
2011   9   9   0  22.50   86.80  0.23E-10
2011   9   9   0  22.55   86.80  0.11E-10
2011   9   9   0  22.60   86.80  0.44E-11
2011   9   9   0  22.65   86.80  0.34E-11
2011   9   9   0  22.70   86.80  0.94E-12
2011   9   9   0  22.75   86.80  0.13E-11
2011   9   9   0  22.80   86.80  0.64E-13
2011   9   9   0  22.85   86.80  0.16E-12
2011   9   9   0  21.80   86.85  0.16E-12
2011   9   9   0  21.85   86.85  0.30E-12
2011   9   9   0  21.90   86.85  0.36E-12
2011   9   9   0  21.95   86.85  0.11E-11
2011   9   9   0  22.00   86.85  0.24E-11
2011   9   9   0  22.05   86.85  0.30E-11
2011   9   9   0  22.10   86.85  0.60E-11
2011   9   9   0  22.15   86.85  0.72E-11
2011   9   9   0  22.20   86.85  0.13E-10
2011   9   9   0  22.25   86.85  0.24E-10
2011   9   9   0  22.30   86.85  0.31E-10
2011   9   9   0  22.35   86.85  0.42E-10
2011   9   9   0  22.40   86.85  0.37E-10
2011   9   9   0  22.45   86.85  0.34E-10
2011   9   9   0  22.50   86.85  0.21E-10
2011   9   9   0  22.55   86.85  0.79E-11
2011   9   9   0  22.60   86.85  0.58E-11
2011   9   9   0  22.65   86.85  0.30E-11
2011   9   9   0  22.70   86.85  0.21E-11
2011   9   9   0  22.75   86.85  0.87E-13
2011   9   9   0  22.80   86.85  0.19E-12
2011   9   9   0  22.85   86.85  0.50E-12
2011   9   9   0  22.90   86.85  0.31E-12
2011   9   9   0  21.80   86.90  0.27E-12
2011   9   9   0  21.85   86.90  0.47E-12
2011   9   9   0  21.90   86.90  0.30E-12
2011   9   9   0  21.95   86.90  0.14E-11
2011   9   9   0  22.00   86.90  0.26E-11
2011   9   9   0  22.05   86.90  0.38E-11
2011   9   9   0  22.10   86.90  0.79E-11
2011   9   9   0  22.15   86.90  0.91E-11
2011   9   9   0  22.20   86.90  0.17E-10
2011   9   9   0  22.25   86.90  0.22E-10
2011   9   9   0  22.30   86.90  0.30E-10
2011   9   9   0  22.35   86.90  0.32E-10
2011   9   9   0  22.40   86.90  0.36E-10
2011   9   9   0  22.45   86.90  0.21E-10
2011   9   9   0  22.50   86.90  0.13E-10
2011   9   9   0  22.55   86.90  0.10E-10
2011   9   9   0  22.60   86.90  0.57E-11
2011   9   9   0  22.65   86.90  0.28E-11
2011   9   9   0  22.70   86.90  0.19E-11
2011   9   9   0  22.75   86.90  0.16E-11
2011   9   9   0  22.80   86.90  0.19E-12
2011   9   9   0  22.85   86.90  0.91E-12
2011   9   9   0  21.80   86.95  0.15E-12
2011   9   9   0  21.85   86.95  0.63E-12
2011   9   9   0  21.90   86.95  0.53E-12
2011   9   9   0  21.95   86.95  0.15E-11
2011   9   9   0  22.00   86.95  0.32E-11
2011   9   9   0  22.05   86.95  0.57E-11
2011   9   9   0  22.10   86.95  0.74E-11
2011   9   9   0  22.15   86.95  0.11E-10
2011   9   9   0  22.20   86.95  0.24E-10
2011   9   9   0  22.25   86.95  0.31E-10
2011   9   9   0  22.30   86.95  0.35E-10
2011   9   9   0  22.35   86.95  0.37E-10
2011   9   9   0  22.40   86.95  0.30E-10
2011   9   9   0  22.45   86.95  0.21E-10
2011   9   9   0  22.50   86.95  0.16E-10
2011   9   9   0  22.55   86.95  0.90E-11
2011   9   9   0  22.60   86.95  0.49E-11
2011   9   9   0  22.65   86.95  0.26E-11
2011   9   9   0  22.70   86.95  0.14E-11
2011   9   9   0  22.75   86.95  0.44E-12
2011   9   9   0  21.80   87.00  0.30E-12
2011   9   9   0  21.85   87.00  0.26E-12
2011   9   9   0  21.90   87.00  0.88E-12
2011   9   9   0  21.95   87.00  0.18E-11
2011   9   9   0  22.00   87.00  0.30E-11
2011   9   9   0  22.05   87.00  0.67E-11
2011   9   9   0  22.10   87.00  0.80E-11
2011   9   9   0  22.15   87.00  0.14E-10
2011   9   9   0  22.20   87.00  0.25E-10
2011   9   9   0  22.25   87.00  0.30E-10
2011   9   9   0  22.30   87.00  0.35E-10
2011   9   9   0  22.35   87.00  0.37E-10
2011   9   9   0  22.40   87.00  0.30E-10
2011   9   9   0  22.45   87.00  0.20E-10
2011   9   9   0  22.50   87.00  0.14E-10
2011   9   9   0  22.55   87.00  0.54E-11
2011   9   9   0  22.60   87.00  0.11E-10
2011   9   9   0  22.65   87.00  0.32E-11
2011   9   9   0  22.70   87.00  0.16E-12
2011   9   9   0  22.75   87.00  0.32E-12
2011   9   9   0  21.80   87.05  0.27E-12
2011   9   9   0  21.85   87.05  0.55E-12
2011   9   9   0  21.90   87.05  0.87E-12
2011   9   9   0  21.95   87.05  0.16E-11
2011   9   9   0  22.00   87.05  0.31E-11
2011   9   9   0  22.05   87.05  0.80E-11
2011   9   9   0  22.10   87.05  0.86E-11
2011   9   9   0  22.15   87.05  0.16E-10
2011   9   9   0  22.20   87.05  0.25E-10
2011   9   9   0  22.25   87.05  0.30E-10
2011   9   9   0  22.30   87.05  0.34E-10
2011   9   9   0  22.35   87.05  0.34E-10
2011   9   9   0  22.40   87.05  0.26E-10
2011   9   9   0  22.45   87.05  0.20E-10
2011   9   9   0  22.50   87.05  0.11E-10
2011   9   9   0  22.55   87.05  0.38E-11
2011   9   9   0  22.60   87.05  0.41E-11
2011   9   9   0  22.65   87.05  0.20E-11
2011   9   9   0  22.70   87.05  0.32E-12
2011   9   9   0  22.75   87.05  0.32E-12
2011   9   9   0  21.80   87.10  0.36E-12
2011   9   9   0  21.85   87.10  0.37E-12
2011   9   9   0  21.90   87.10  0.12E-11
2011   9   9   0  21.95   87.10  0.20E-11
2011   9   9   0  22.00   87.10  0.50E-11
2011   9   9   0  22.05   87.10  0.71E-11
2011   9   9   0  22.10   87.10  0.11E-10
2011   9   9   0  22.15   87.10  0.17E-10
2011   9   9   0  22.20   87.10  0.26E-10
2011   9   9   0  22.25   87.10  0.29E-10
2011   9   9   0  22.30   87.10  0.30E-10
2011   9   9   0  22.35   87.10  0.32E-10
2011   9   9   0  22.40   87.10  0.17E-10
2011   9   9   0  22.45   87.10  0.14E-10
2011   9   9   0  22.50   87.10  0.60E-11
2011   9   9   0  22.55   87.10  0.38E-11
2011   9   9   0  22.60   87.10  0.31E-11
2011   9   9   0  22.65   87.10  0.18E-11
2011   9   9   0  22.70   87.10  0.54E-12
2011   9   9   0  22.75   87.10  0.37E-12
2011   9   9   0  21.80   87.15  0.21E-12
2011   9   9   0  21.85   87.15  0.97E-12
2011   9   9   0  21.90   87.15  0.10E-11
2011   9   9   0  21.95   87.15  0.24E-11
2011   9   9   0  22.00   87.15  0.50E-11
2011   9   9   0  22.05   87.15  0.76E-11
2011   9   9   0  22.10   87.15  0.11E-10
2011   9   9   0  22.15   87.15  0.16E-10
2011   9   9   0  22.20   87.15  0.24E-10
2011   9   9   0  22.25   87.15  0.23E-10
2011   9   9   0  22.30   87.15  0.25E-10
2011   9   9   0  22.35   87.15  0.21E-10
2011   9   9   0  22.40   87.15  0.16E-10
2011   9   9   0  22.45   87.15  0.65E-11
2011   9   9   0  22.50   87.15  0.42E-11
2011   9   9   0  22.55   87.15  0.30E-11
2011   9   9   0  22.60   87.15  0.19E-12
2011   9   9   0  22.65   87.15  0.37E-12
2011   9   9   0  21.80   87.20  0.70E-13
2011   9   9   0  21.85   87.20  0.96E-12
2011   9   9   0  21.90   87.20  0.78E-12
2011   9   9   0  21.95   87.20  0.15E-11
2011   9   9   0  22.00   87.20  0.49E-11
2011   9   9   0  22.05   87.20  0.85E-11
2011   9   9   0  22.10   87.20  0.11E-10
2011   9   9   0  22.15   87.20  0.13E-10
2011   9   9   0  22.20   87.20  0.21E-10
2011   9   9   0  22.25   87.20  0.22E-10
2011   9   9   0  22.30   87.20  0.21E-10
2011   9   9   0  22.35   87.20  0.18E-10
2011   9   9   0  22.40   87.20  0.14E-10
2011   9   9   0  22.45   87.20  0.85E-11
2011   9   9   0  22.50   87.20  0.58E-11
2011   9   9   0  22.55   87.20  0.12E-11
2011   9   9   0  22.60   87.20  0.64E-13
2011   9   9   0  22.65   87.20  0.11E-12
2011   9   9   0  21.80   87.25  0.21E-12
2011   9   9   0  21.85   87.25  0.44E-12
2011   9   9   0  21.90   87.25  0.15E-11
2011   9   9   0  21.95   87.25  0.11E-11
2011   9   9   0  22.00   87.25  0.44E-11
2011   9   9   0  22.05   87.25  0.80E-11
2011   9   9   0  22.10   87.25  0.85E-11
2011   9   9   0  22.15   87.25  0.14E-10
2011   9   9   0  22.20   87.25  0.15E-10
2011   9   9   0  22.25   87.25  0.15E-10
2011   9   9   0  22.30   87.25  0.16E-10
2011   9   9   0  22.35   87.25  0.15E-10
2011   9   9   0  22.40   87.25  0.96E-11
2011   9   9   0  22.45   87.25  0.40E-11
2011   9   9   0  22.50   87.25  0.27E-11
2011   9   9   0  22.55   87.25  0.66E-12
2011   9   9   0  22.65   87.25  0.16E-12
2011   9   9   0  21.80   87.30  0.21E-12
2011   9   9   0  21.85   87.30  0.12E-12
2011   9   9   0  21.90   87.30  0.76E-12
2011   9   9   0  21.95   87.30  0.14E-11
2011   9   9   0  22.00   87.30  0.39E-11
2011   9   9   0  22.05   87.30  0.66E-11
2011   9   9   0  22.10   87.30  0.90E-11
2011   9   9   0  22.15   87.30  0.13E-10
2011   9   9   0  22.20   87.30  0.11E-10
2011   9   9   0  22.25   87.30  0.11E-10
2011   9   9   0  22.30   87.30  0.13E-10
2011   9   9   0  22.35   87.30  0.11E-10
2011   9   9   0  22.40   87.30  0.54E-11
2011   9   9   0  22.45   87.30  0.22E-11
2011   9   9   0  22.50   87.30  0.17E-11
2011   9   9   0  22.55   87.30  0.24E-12
2011   9   9   0  22.65   87.30  0.32E-12
2011   9   9   0  22.70   87.30  0.10E-12
2011   9   9   0  21.80   87.35  0.10E-12
2011   9   9   0  21.85   87.35  0.10E-12
2011   9   9   0  21.90   87.35  0.35E-12
2011   9   9   0  21.95   87.35  0.11E-11
2011   9   9   0  22.00   87.35  0.27E-11
2011   9   9   0  22.05   87.35  0.49E-11
2011   9   9   0  22.10   87.35  0.67E-11
2011   9   9   0  22.15   87.35  0.93E-11
2011   9   9   0  22.20   87.35  0.97E-11
2011   9   9   0  22.25   87.35  0.97E-11
2011   9   9   0  22.30   87.35  0.70E-11
2011   9   9   0  22.35   87.35  0.75E-11
2011   9   9   0  22.40   87.35  0.45E-11
2011   9   9   0  22.45   87.35  0.20E-11
2011   9   9   0  22.50   87.35  0.53E-12
2011   9   9   0  22.60   87.35  0.84E-12
2011   9   9   0  22.65   87.35  0.21E-12
2011   9   9   0  21.90   87.40  0.33E-12
2011   9   9   0  21.95   87.40  0.35E-12
2011   9   9   0  22.00   87.40  0.83E-12
2011   9   9   0  22.05   87.40  0.34E-11
2011   9   9   0  22.10   87.40  0.39E-11
2011   9   9   0  22.15   87.40  0.76E-11
2011   9   9   0  22.20   87.40  0.73E-11
2011   9   9   0  22.25   87.40  0.67E-11
2011   9   9   0  22.30   87.40  0.64E-11
2011   9   9   0  22.35   87.40  0.46E-11
2011   9   9   0  22.40   87.40  0.37E-11
2011   9   9   0  22.45   87.40  0.27E-11
2011   9   9   0  22.50   87.40  0.14E-11
2011   9   9   0  22.55   87.40  0.12E-12
2011   9   9   0  22.60   87.40  0.42E-12
2011   9   9   0  21.90   87.45  0.21E-12
2011   9   9   0  21.95   87.45  0.70E-12
2011   9   9   0  22.00   87.45  0.72E-12
2011   9   9   0  22.05   87.45  0.17E-11
2011   9   9   0  22.10   87.45  0.29E-11
2011   9   9   0  22.15   87.45  0.39E-11
2011   9   9   0  22.20   87.45  0.55E-11
2011   9   9   0  22.25   87.45  0.45E-11
2011   9   9   0  22.30   87.45  0.42E-11
2011   9   9   0  22.35   87.45  0.30E-11
2011   9   9   0  22.40   87.45  0.64E-12
2011   9   9   0  22.45   87.45  0.11E-11
2011   9   9   0  22.50   87.45  0.41E-12
2011   9   9   0  22.55   87.45  0.10E-12
2011   9   9   0  21.90   87.50  0.16E-12
2011   9   9   0  22.00   87.50  0.57E-12
2011   9   9   0  22.05   87.50  0.98E-12
2011   9   9   0  22.10   87.50  0.20E-11
2011   9   9   0  22.15   87.50  0.38E-11
2011   9   9   0  22.20   87.50  0.30E-11
2011   9   9   0  22.25   87.50  0.24E-11
2011   9   9   0  22.30   87.50  0.25E-11
2011   9   9   0  22.35   87.50  0.10E-11
2011   9   9   0  21.90   87.55  0.32E-12
2011   9   9   0  22.00   87.55  0.10E-12
2011   9   9   0  22.05   87.55  0.10E-11
2011   9   9   0  22.10   87.55  0.44E-12
2011   9   9   0  22.15   87.55  0.16E-11
2011   9   9   0  22.20   87.55  0.13E-11
2011   9   9   0  22.25   87.55  0.72E-12
2011   9   9   0  22.30   87.55  0.77E-12
2011   9   9   0  22.35   87.55  0.40E-12
2011   9   9   0  22.40   87.55  0.35E-12
2011   9   9   0  22.45   87.55  0.12E-12
2011   9   9   0  21.90   87.60  0.12E-12
2011   9   9   0  21.95   87.60  0.24E-12
2011   9   9   0  22.00   87.60  0.12E-12
2011   9   9   0  22.05   87.60  0.10E-12
2011   9   9   0  22.10   87.60  0.99E-12
2011   9   9   0  22.15   87.60  0.43E-12
2011   9   9   0  22.20   87.60  0.80E-12
2011   9   9   0  22.25   87.60  0.10E-12
2011   9   9   0  22.30   87.60  0.81E-12
2011   9   9   0  22.35   87.60  0.24E-12
2011   9   9   0  22.40   87.60  0.24E-12
2011   9   9   0  22.45   87.60  0.12E-12
2011   9   9   0  22.10   87.65  0.36E-12
2011   9   9   0  22.15   87.65  0.90E-12
2011   9   9   0  22.20   87.65  0.73E-12
2011   9   9   0  22.25   87.65  0.22E-12
2011   9   9   0  22.30   87.65  0.24E-12
2011   9   9   0  22.20   87.70  0.24E-12
2011   9   9   0  22.25   87.70  0.24E-12
2011   9   9   0  22.30   87.70  0.36E-12
