YEAR  MO  DA  HR    LAT     LON Rn2200010
2016   8  11  12 -23.85  -46.40  0.14E-03
2016   8  11  12 -23.80  -46.40  0.85E-04
2016   8  11  12 -23.80  -46.35  0.50E-02
2016   8  11  12 -23.75  -46.35  0.41E-03
2016   8  11  12 -23.70  -46.35  0.10E-03
2016   8  11  12 -23.80  -46.30  0.45E-03
2016   8  11  12 -23.75  -46.30  0.17E-02
2016   8  11  12 -23.70  -46.30  0.45E-03
2016   8  11  12 -23.65  -46.30  0.98E-04
2016   8  11  12 -23.60  -46.30  0.25E-04
2016   8  11  12 -23.55  -46.30  0.25E-04
2016   8  11  12 -23.80  -46.25  0.25E-04
2016   8  11  12 -23.75  -46.25  0.35E-03
2016   8  11  12 -23.70  -46.25  0.73E-03
2016   8  11  12 -23.65  -46.25  0.36E-03
2016   8  11  12 -23.60  -46.25  0.32E-03
2016   8  11  12 -23.55  -46.25  0.98E-04
2016   8  11  12 -23.50  -46.25  0.50E-04
2016   8  11  12 -23.40  -46.25  0.25E-04
2016   8  11  12 -23.35  -46.25  0.25E-04
2016   8  11  12 -23.30  -46.25  0.25E-04
2016   8  11  12 -23.75  -46.20  0.25E-04
2016   8  11  12 -23.70  -46.20  0.45E-03
2016   8  11  12 -23.65  -46.20  0.40E-03
2016   8  11  12 -23.60  -46.20  0.49E-03
2016   8  11  12 -23.55  -46.20  0.24E-03
2016   8  11  12 -23.50  -46.20  0.17E-03
2016   8  11  12 -23.45  -46.20  0.50E-04
2016   8  11  12 -23.40  -46.20  0.25E-04
2016   8  11  12 -23.35  -46.20  0.50E-04
2016   8  11  12 -23.15  -46.20  0.25E-04
2016   8  11  12 -23.10  -46.20  0.24E-04
2016   8  11  12 -23.05  -46.20  0.25E-04
2016   8  11  12 -23.70  -46.15  0.25E-04
2016   8  11  12 -23.65  -46.15  0.15E-03
2016   8  11  12 -23.60  -46.15  0.45E-03
2016   8  11  12 -23.55  -46.15  0.34E-03
2016   8  11  12 -23.50  -46.15  0.22E-03
2016   8  11  12 -23.45  -46.15  0.93E-04
2016   8  11  12 -23.40  -46.15  0.50E-04
2016   8  11  12 -23.35  -46.15  0.50E-04
2016   8  11  12 -23.30  -46.15  0.74E-04
2016   8  11  12 -23.15  -46.15  0.25E-04
2016   8  11  12 -23.05  -46.15  0.25E-04
2016   8  11  12 -23.65  -46.10  0.12E-03
2016   8  11  12 -23.60  -46.10  0.22E-03
2016   8  11  12 -23.55  -46.10  0.73E-04
2016   8  11  12 -23.50  -46.10  0.24E-03
2016   8  11  12 -23.45  -46.10  0.12E-03
2016   8  11  12 -23.40  -46.10  0.12E-03
2016   8  11  12 -23.35  -46.10  0.99E-04
2016   8  11  12 -23.30  -46.10  0.95E-04
2016   8  11  12 -23.25  -46.10  0.49E-04
2016   8  11  12 -23.20  -46.10  0.25E-04
2016   8  11  12 -22.85  -46.10  0.24E-04
2016   8  11  12 -23.60  -46.05  0.75E-04
2016   8  11  12 -23.55  -46.05  0.73E-04
2016   8  11  12 -23.50  -46.05  0.12E-03
2016   8  11  12 -23.45  -46.05  0.15E-03
2016   8  11  12 -23.40  -46.05  0.17E-03
2016   8  11  12 -23.35  -46.05  0.17E-03
2016   8  11  12 -23.30  -46.05  0.47E-04
2016   8  11  12 -23.25  -46.05  0.47E-04
2016   8  11  12 -23.20  -46.05  0.47E-04
2016   8  11  12 -23.15  -46.05  0.49E-04
2016   8  11  12 -22.95  -46.05  0.24E-04
2016   8  11  12 -22.90  -46.05  0.24E-04
2016   8  11  12 -22.75  -46.05  0.24E-04
2016   8  11  12 -23.60  -46.00  0.23E-04
2016   8  11  12 -23.55  -46.00  0.15E-03
2016   8  11  12 -23.50  -46.00  0.99E-04
2016   8  11  12 -23.45  -46.00  0.95E-04
2016   8  11  12 -23.40  -46.00  0.99E-04
2016   8  11  12 -23.35  -46.00  0.95E-04
2016   8  11  12 -23.30  -46.00  0.97E-04
2016   8  11  12 -23.25  -46.00  0.99E-04
2016   8  11  12 -23.20  -46.00  0.47E-04
2016   8  11  12 -23.05  -46.00  0.73E-04
2016   8  11  12 -22.85  -46.00  0.24E-04
2016   8  11  12 -22.75  -46.00  0.24E-04
2016   8  11  12 -23.60  -45.95  0.25E-04
2016   8  11  12 -23.55  -45.95  0.25E-04
2016   8  11  12 -23.50  -45.95  0.25E-04
2016   8  11  12 -23.45  -45.95  0.50E-04
2016   8  11  12 -23.40  -45.95  0.15E-03
2016   8  11  12 -23.35  -45.95  0.12E-03
2016   8  11  12 -23.30  -45.95  0.99E-04
2016   8  11  12 -23.15  -45.95  0.73E-04
2016   8  11  12 -23.10  -45.95  0.74E-04
2016   8  11  12 -22.95  -45.95  0.47E-04
2016   8  11  12 -23.55  -45.90  0.25E-04
2016   8  11  12 -23.45  -45.90  0.50E-04
2016   8  11  12 -23.40  -45.90  0.49E-04
2016   8  11  12 -23.35  -45.90  0.20E-03
2016   8  11  12 -23.30  -45.90  0.74E-04
2016   8  11  12 -23.25  -45.90  0.74E-04
2016   8  11  12 -23.20  -45.90  0.98E-04
2016   8  11  12 -23.15  -45.90  0.12E-03
2016   8  11  12 -23.10  -45.90  0.96E-04
2016   8  11  12 -23.05  -45.90  0.24E-04
2016   8  11  12 -23.00  -45.90  0.24E-04
2016   8  11  12 -22.95  -45.90  0.24E-04
2016   8  11  12 -22.90  -45.90  0.49E-04
2016   8  11  12 -22.85  -45.90  0.49E-04
2016   8  11  12 -22.80  -45.90  0.48E-04
2016   8  11  12 -23.50  -45.85  0.23E-04
2016   8  11  12 -23.40  -45.85  0.12E-03
2016   8  11  12 -23.35  -45.85  0.49E-04
2016   8  11  12 -23.30  -45.85  0.25E-04
2016   8  11  12 -23.25  -45.85  0.74E-04
2016   8  11  12 -23.20  -45.85  0.24E-04
2016   8  11  12 -23.15  -45.85  0.49E-04
2016   8  11  12 -23.10  -45.85  0.73E-04
2016   8  11  12 -23.05  -45.85  0.97E-04
2016   8  11  12 -23.00  -45.85  0.47E-04
2016   8  11  12 -22.95  -45.85  0.97E-04
2016   8  11  12 -22.80  -45.85  0.22E-04
2016   8  11  12 -23.40  -45.80  0.47E-04
2016   8  11  12 -23.35  -45.80  0.25E-04
2016   8  11  12 -23.30  -45.80  0.25E-04
2016   8  11  12 -23.25  -45.80  0.15E-03
2016   8  11  12 -23.20  -45.80  0.96E-04
2016   8  11  12 -23.15  -45.80  0.74E-04
2016   8  11  12 -23.10  -45.80  0.73E-04
2016   8  11  12 -23.05  -45.80  0.49E-04
2016   8  11  12 -23.00  -45.80  0.24E-04
2016   8  11  12 -22.95  -45.80  0.49E-04
2016   8  11  12 -22.90  -45.80  0.12E-03
2016   8  11  12 -22.85  -45.80  0.22E-04
2016   8  11  12 -22.80  -45.80  0.24E-04
2016   8  11  12 -22.75  -45.80  0.24E-04
2016   8  11  12 -22.70  -45.80  0.24E-04
2016   8  11  12 -22.65  -45.80  0.22E-04
2016   8  11  12 -22.60  -45.80  0.24E-04
2016   8  11  12 -23.45  -45.75  0.25E-04
2016   8  11  12 -23.35  -45.75  0.25E-04
2016   8  11  12 -23.30  -45.75  0.25E-04
2016   8  11  12 -23.25  -45.75  0.49E-04
2016   8  11  12 -23.15  -45.75  0.94E-04
2016   8  11  12 -23.10  -45.75  0.25E-04
2016   8  11  12 -23.05  -45.75  0.47E-04
2016   8  11  12 -23.00  -45.75  0.12E-03
2016   8  11  12 -22.95  -45.75  0.19E-03
2016   8  11  12 -22.90  -45.75  0.97E-04
2016   8  11  12 -22.85  -45.75  0.70E-04
2016   8  11  12 -22.80  -45.75  0.24E-04
2016   8  11  12 -22.75  -45.75  0.48E-04
2016   8  11  12 -22.70  -45.75  0.70E-04
2016   8  11  12 -22.65  -45.75  0.72E-04
2016   8  11  12 -23.30  -45.70  0.25E-04
2016   8  11  12 -23.15  -45.70  0.12E-03
2016   8  11  12 -23.10  -45.70  0.15E-03
2016   8  11  12 -23.05  -45.70  0.24E-04
2016   8  11  12 -23.00  -45.70  0.73E-04
2016   8  11  12 -22.95  -45.70  0.22E-04
2016   8  11  12 -22.90  -45.70  0.48E-04
2016   8  11  12 -22.85  -45.70  0.49E-04
2016   8  11  12 -22.80  -45.70  0.24E-04
2016   8  11  12 -22.75  -45.70  0.24E-04
2016   8  11  12 -22.70  -45.70  0.48E-04
2016   8  11  12 -23.30  -45.65  0.24E-04
2016   8  11  12 -23.25  -45.65  0.24E-04
2016   8  11  12 -23.20  -45.65  0.49E-04
2016   8  11  12 -23.15  -45.65  0.49E-04
2016   8  11  12 -23.10  -45.65  0.22E-04
2016   8  11  12 -23.05  -45.65  0.73E-04
2016   8  11  12 -23.00  -45.65  0.97E-04
2016   8  11  12 -22.85  -45.65  0.46E-04
2016   8  11  12 -22.80  -45.65  0.46E-04
2016   8  11  12 -22.75  -45.65  0.24E-04
2016   8  11  12 -22.70  -45.65  0.24E-04
2016   8  11  12 -22.65  -45.65  0.46E-04
2016   8  11  12 -22.60  -45.65  0.46E-04
2016   8  11  12 -22.35  -45.65  0.24E-04
2016   8  11  12 -23.40  -45.60  0.25E-04
2016   8  11  12 -23.30  -45.60  0.24E-04
2016   8  11  12 -23.25  -45.60  0.24E-04
2016   8  11  12 -23.20  -45.60  0.49E-04
2016   8  11  12 -22.95  -45.60  0.24E-04
2016   8  11  12 -22.90  -45.60  0.14E-03
2016   8  11  12 -22.85  -45.60  0.73E-04
2016   8  11  12 -22.75  -45.60  0.24E-04
2016   8  11  12 -22.70  -45.60  0.12E-03
2016   8  11  12 -22.65  -45.60  0.92E-04
2016   8  11  12 -22.60  -45.60  0.46E-04
2016   8  11  12 -22.55  -45.60  0.23E-04
2016   8  11  12 -22.50  -45.60  0.24E-04
2016   8  11  12 -22.45  -45.60  0.22E-04
2016   8  11  12 -23.20  -45.55  0.24E-04
2016   8  11  12 -23.15  -45.55  0.24E-04
2016   8  11  12 -23.05  -45.55  0.73E-04
2016   8  11  12 -23.00  -45.55  0.73E-04
2016   8  11  12 -22.95  -45.55  0.24E-04
2016   8  11  12 -22.90  -45.55  0.46E-04
2016   8  11  12 -22.85  -45.55  0.71E-04
2016   8  11  12 -22.80  -45.55  0.70E-04
2016   8  11  12 -22.75  -45.55  0.68E-04
2016   8  11  12 -22.70  -45.55  0.94E-04
2016   8  11  12 -22.65  -45.55  0.24E-04
2016   8  11  12 -22.60  -45.55  0.46E-04
2016   8  11  12 -22.55  -45.55  0.70E-04
2016   8  11  12 -22.40  -45.55  0.24E-04
2016   8  11  12 -22.35  -45.55  0.47E-04
2016   8  11  12 -23.10  -45.50  0.24E-04
2016   8  11  12 -23.00  -45.50  0.97E-04
2016   8  11  12 -22.95  -45.50  0.24E-04
2016   8  11  12 -22.90  -45.50  0.24E-04
2016   8  11  12 -22.85  -45.50  0.24E-04
2016   8  11  12 -22.75  -45.50  0.24E-04
2016   8  11  12 -22.70  -45.50  0.48E-04
2016   8  11  12 -22.65  -45.50  0.22E-04
2016   8  11  12 -22.60  -45.50  0.24E-04
2016   8  11  12 -22.55  -45.50  0.24E-04
2016   8  11  12 -22.40  -45.50  0.47E-04
2016   8  11  12 -22.35  -45.50  0.22E-04
2016   8  11  12 -22.30  -45.50  0.22E-04
2016   8  11  12 -23.00  -45.45  0.48E-04
2016   8  11  12 -22.95  -45.45  0.14E-03
2016   8  11  12 -22.90  -45.45  0.24E-04
2016   8  11  12 -22.85  -45.45  0.46E-04
2016   8  11  12 -22.80  -45.45  0.46E-04
2016   8  11  12 -22.75  -45.45  0.12E-03
2016   8  11  12 -22.70  -45.45  0.46E-04
2016   8  11  12 -22.65  -45.45  0.48E-04
2016   8  11  12 -22.60  -45.45  0.22E-04
2016   8  11  12 -22.25  -45.45  0.24E-04
2016   8  11  12 -22.90  -45.40  0.72E-04
2016   8  11  12 -22.85  -45.40  0.48E-04
2016   8  11  12 -22.80  -45.40  0.94E-04
2016   8  11  12 -22.75  -45.40  0.68E-04
2016   8  11  12 -22.65  -45.40  0.68E-04
2016   8  11  12 -22.60  -45.40  0.48E-04
2016   8  11  12 -22.55  -45.40  0.24E-04
2016   8  11  12 -22.50  -45.40  0.48E-04
2016   8  11  12 -22.45  -45.40  0.24E-04
2016   8  11  12 -22.40  -45.40  0.24E-04
2016   8  11  12 -22.20  -45.40  0.22E-04
2016   8  11  12 -22.15  -45.40  0.22E-04
2016   8  11  12 -22.10  -45.40  0.22E-04
2016   8  11  12 -22.85  -45.35  0.48E-04
2016   8  11  12 -22.80  -45.35  0.24E-04
2016   8  11  12 -22.75  -45.35  0.94E-04
2016   8  11  12 -22.70  -45.35  0.68E-04
2016   8  11  12 -22.65  -45.35  0.24E-04
2016   8  11  12 -22.60  -45.35  0.24E-04
2016   8  11  12 -22.50  -45.35  0.24E-04
2016   8  11  12 -22.45  -45.35  0.24E-04
2016   8  11  12 -22.40  -45.35  0.24E-04
2016   8  11  12 -22.80  -45.30  0.71E-04
2016   8  11  12 -22.75  -45.30  0.24E-04
2016   8  11  12 -22.60  -45.30  0.22E-04
2016   8  11  12 -22.55  -45.30  0.24E-04
2016   8  11  12 -22.50  -45.30  0.22E-04
2016   8  11  12 -22.35  -45.30  0.24E-04
2016   8  11  12 -22.80  -45.25  0.24E-04
2016   8  11  12 -22.75  -45.25  0.24E-04
2016   8  11  12 -22.65  -45.25  0.70E-04
2016   8  11  12 -22.60  -45.25  0.22E-04
2016   8  11  12 -22.55  -45.25  0.24E-04
2016   8  11  12 -22.45  -45.25  0.23E-04
2016   8  11  12 -22.25  -45.25  0.24E-04
2016   8  11  12 -22.20  -45.25  0.47E-04
2016   8  11  12 -23.20  -45.20  0.24E-04
2016   8  11  12 -22.70  -45.20  0.48E-04
2016   8  11  12 -22.65  -45.20  0.24E-04
2016   8  11  12 -22.60  -45.20  0.24E-04
2016   8  11  12 -22.55  -45.20  0.24E-04
2016   8  11  12 -22.50  -45.20  0.24E-04
2016   8  11  12 -22.45  -45.20  0.24E-04
2016   8  11  12 -23.00  -45.15  0.24E-04
2016   8  11  12 -22.95  -45.15  0.24E-04
2016   8  11  12 -22.70  -45.15  0.24E-04
2016   8  11  12 -22.65  -45.15  0.48E-04
2016   8  11  12 -22.55  -45.15  0.48E-04
2016   8  11  12 -22.60  -45.10  0.45E-04
2016   8  11  12 -22.35  -45.10  0.47E-04
2016   8  11  12 -22.65  -45.00  0.24E-04
2016   8  11  12 -22.30  -45.00  0.22E-04
2016   8  11  12 -22.80  -44.95  0.22E-04
2016   8  11  12 -22.50  -44.90  0.24E-04
2016   8  11  12 -22.20  -44.90  0.23E-04
2016   8  11  12 -22.85  -44.80  0.24E-04
2016   8  11  12 -22.75  -44.65  0.24E-04
2016   8  11  12 -22.25  -44.60  0.42E-04
2016   8  12   0 -22.60  -46.55  0.24E-04
2016   8  12   0 -21.50  -46.55  0.23E-04
2016   8  12   0 -22.45  -46.50  0.47E-04
2016   8  12   0 -21.55  -46.50  0.46E-04
2016   8  12   0 -21.45  -46.50  0.23E-04
2016   8  12   0 -22.75  -46.45  0.48E-04
2016   8  12   0 -22.25  -46.45  0.24E-04
2016   8  12   0 -21.85  -46.45  0.23E-04
2016   8  12   0 -23.80  -46.40  0.13E-02
2016   8  12   0 -23.60  -46.40  0.50E-04
2016   8  12   0 -23.55  -46.40  0.25E-04
2016   8  12   0 -23.45  -46.40  0.25E-04
2016   8  12   0 -23.40  -46.40  0.25E-04
2016   8  12   0 -22.70  -46.40  0.24E-04
2016   8  12   0 -22.60  -46.40  0.24E-04
2016   8  12   0 -22.20  -46.40  0.24E-04
2016   8  12   0 -22.15  -46.40  0.24E-04
2016   8  12   0 -21.90  -46.40  0.23E-04
2016   8  12   0 -23.80  -46.35  0.24E-02
2016   8  12   0 -23.75  -46.35  0.12E-02
2016   8  12   0 -23.70  -46.35  0.60E-03
2016   8  12   0 -23.65  -46.35  0.13E-03
2016   8  12   0 -23.60  -46.35  0.25E-04
2016   8  12   0 -23.55  -46.35  0.15E-03
2016   8  12   0 -23.50  -46.35  0.12E-03
2016   8  12   0 -23.45  -46.35  0.75E-04
2016   8  12   0 -23.40  -46.35  0.25E-04
2016   8  12   0 -23.35  -46.35  0.74E-04
2016   8  12   0 -23.30  -46.35  0.49E-04
2016   8  12   0 -23.20  -46.35  0.25E-04
2016   8  12   0 -23.15  -46.35  0.25E-04
2016   8  12   0 -23.00  -46.35  0.49E-04
2016   8  12   0 -22.65  -46.35  0.24E-04
2016   8  12   0 -22.60  -46.35  0.24E-04
2016   8  12   0 -22.25  -46.35  0.24E-04
2016   8  12   0 -22.15  -46.35  0.23E-04
2016   8  12   0 -23.80  -46.30  0.25E-04
2016   8  12   0 -23.75  -46.30  0.23E-03
2016   8  12   0 -23.70  -46.30  0.75E-03
2016   8  12   0 -23.65  -46.30  0.85E-03
2016   8  12   0 -23.60  -46.30  0.45E-03
2016   8  12   0 -23.55  -46.30  0.25E-03
2016   8  12   0 -23.50  -46.30  0.12E-03
2016   8  12   0 -23.45  -46.30  0.74E-04
2016   8  12   0 -23.40  -46.30  0.50E-04
2016   8  12   0 -23.35  -46.30  0.49E-04
2016   8  12   0 -23.30  -46.30  0.25E-04
2016   8  12   0 -23.25  -46.30  0.25E-04
2016   8  12   0 -23.20  -46.30  0.25E-04
2016   8  12   0 -23.15  -46.30  0.74E-04
2016   8  12   0 -23.10  -46.30  0.24E-04
2016   8  12   0 -23.05  -46.30  0.25E-04
2016   8  12   0 -23.00  -46.30  0.49E-04
2016   8  12   0 -22.95  -46.30  0.24E-04
2016   8  12   0 -22.90  -46.30  0.24E-04
2016   8  12   0 -22.85  -46.30  0.97E-04
2016   8  12   0 -22.80  -46.30  0.49E-04
2016   8  12   0 -22.65  -46.30  0.48E-04
2016   8  12   0 -22.60  -46.30  0.24E-04
2016   8  12   0 -22.45  -46.30  0.48E-04
2016   8  12   0 -22.30  -46.30  0.23E-04
2016   8  12   0 -22.25  -46.30  0.24E-04
2016   8  12   0 -22.10  -46.30  0.23E-04
2016   8  12   0 -22.00  -46.30  0.23E-04
2016   8  12   0 -21.95  -46.30  0.24E-04
2016   8  12   0 -21.80  -46.30  0.23E-04
2016   8  12   0 -21.75  -46.30  0.45E-04
2016   8  12   0 -21.70  -46.30  0.23E-04
2016   8  12   0 -21.45  -46.30  0.23E-04
2016   8  12   0 -21.25  -46.30  0.23E-04
2016   8  12   0 -23.75  -46.25  0.25E-04
2016   8  12   0 -23.70  -46.25  0.10E-03
2016   8  12   0 -23.65  -46.25  0.20E-03
2016   8  12   0 -23.60  -46.25  0.33E-03
2016   8  12   0 -23.55  -46.25  0.40E-03
2016   8  12   0 -23.50  -46.25  0.17E-03
2016   8  12   0 -23.45  -46.25  0.10E-03
2016   8  12   0 -23.40  -46.25  0.12E-03
2016   8  12   0 -23.35  -46.25  0.40E-03
2016   8  12   0 -23.30  -46.25  0.74E-04
2016   8  12   0 -23.25  -46.25  0.99E-04
2016   8  12   0 -23.20  -46.25  0.49E-04
2016   8  12   0 -23.15  -46.25  0.49E-04
2016   8  12   0 -23.10  -46.25  0.24E-04
2016   8  12   0 -23.05  -46.25  0.49E-04
2016   8  12   0 -23.00  -46.25  0.73E-04
2016   8  12   0 -22.95  -46.25  0.49E-04
2016   8  12   0 -22.90  -46.25  0.48E-04
2016   8  12   0 -22.85  -46.25  0.24E-04
2016   8  12   0 -22.80  -46.25  0.24E-04
2016   8  12   0 -22.70  -46.25  0.24E-04
2016   8  12   0 -22.65  -46.25  0.48E-04
2016   8  12   0 -22.55  -46.25  0.48E-04
2016   8  12   0 -22.50  -46.25  0.23E-04
2016   8  12   0 -22.45  -46.25  0.24E-04
2016   8  12   0 -22.40  -46.25  0.24E-04
2016   8  12   0 -22.20  -46.25  0.24E-04
2016   8  12   0 -22.05  -46.25  0.47E-04
2016   8  12   0 -21.90  -46.25  0.23E-04
2016   8  12   0 -23.70  -46.20  0.50E-04
2016   8  12   0 -23.65  -46.20  0.10E-03
2016   8  12   0 -23.60  -46.20  0.12E-03
2016   8  12   0 -23.55  -46.20  0.27E-03
2016   8  12   0 -23.50  -46.20  0.27E-03
2016   8  12   0 -23.45  -46.20  0.25E-03
2016   8  12   0 -23.40  -46.20  0.20E-03
2016   8  12   0 -23.35  -46.20  0.15E-03
2016   8  12   0 -23.30  -46.20  0.49E-04
2016   8  12   0 -23.25  -46.20  0.12E-03
2016   8  12   0 -23.20  -46.20  0.74E-04
2016   8  12   0 -23.15  -46.20  0.74E-04
2016   8  12   0 -23.10  -46.20  0.15E-03
2016   8  12   0 -23.05  -46.20  0.73E-04
2016   8  12   0 -23.00  -46.20  0.49E-04
2016   8  12   0 -22.95  -46.20  0.24E-04
2016   8  12   0 -22.90  -46.20  0.49E-04
2016   8  12   0 -22.85  -46.20  0.24E-04
2016   8  12   0 -22.80  -46.20  0.73E-04
2016   8  12   0 -22.75  -46.20  0.24E-04
2016   8  12   0 -22.70  -46.20  0.49E-04
2016   8  12   0 -22.60  -46.20  0.24E-04
2016   8  12   0 -22.45  -46.20  0.24E-04
2016   8  12   0 -22.40  -46.20  0.24E-04
2016   8  12   0 -22.35  -46.20  0.24E-04
2016   8  12   0 -22.25  -46.20  0.24E-04
2016   8  12   0 -22.10  -46.20  0.23E-04
2016   8  12   0 -21.90  -46.20  0.23E-04
2016   8  12   0 -21.80  -46.20  0.23E-04
2016   8  12   0 -21.25  -46.20  0.22E-04
2016   8  12   0 -23.65  -46.15  0.25E-04
2016   8  12   0 -23.60  -46.15  0.75E-04
2016   8  12   0 -23.55  -46.15  0.99E-04
2016   8  12   0 -23.50  -46.15  0.12E-03
2016   8  12   0 -23.45  -46.15  0.50E-04
2016   8  12   0 -23.40  -46.15  0.99E-04
2016   8  12   0 -23.35  -46.15  0.50E-04
2016   8  12   0 -23.30  -46.15  0.22E-03
2016   8  12   0 -23.25  -46.15  0.22E-03
2016   8  12   0 -23.20  -46.15  0.12E-03
2016   8  12   0 -23.15  -46.15  0.98E-04
2016   8  12   0 -23.10  -46.15  0.74E-04
2016   8  12   0 -23.05  -46.15  0.49E-04
2016   8  12   0 -23.00  -46.15  0.73E-04
2016   8  12   0 -22.95  -46.15  0.49E-04
2016   8  12   0 -22.90  -46.15  0.24E-04
2016   8  12   0 -22.85  -46.15  0.17E-03
2016   8  12   0 -22.80  -46.15  0.24E-04
2016   8  12   0 -22.75  -46.15  0.96E-04
2016   8  12   0 -22.70  -46.15  0.73E-04
2016   8  12   0 -22.65  -46.15  0.48E-04
2016   8  12   0 -22.60  -46.15  0.24E-04
2016   8  12   0 -22.55  -46.15  0.48E-04
2016   8  12   0 -22.50  -46.15  0.24E-04
2016   8  12   0 -22.45  -46.15  0.24E-04
2016   8  12   0 -22.35  -46.15  0.24E-04
2016   8  12   0 -22.10  -46.15  0.23E-04
2016   8  12   0 -22.05  -46.15  0.23E-04
2016   8  12   0 -22.00  -46.15  0.23E-04
2016   8  12   0 -21.95  -46.15  0.23E-04
2016   8  12   0 -21.90  -46.15  0.23E-04
2016   8  12   0 -21.85  -46.15  0.23E-04
2016   8  12   0 -21.80  -46.15  0.46E-04
2016   8  12   0 -21.75  -46.15  0.23E-04
2016   8  12   0 -21.55  -46.15  0.23E-04
2016   8  12   0 -20.85  -46.15  0.43E-04
2016   8  12   0 -20.80  -46.15  0.22E-04
2016   8  12   0 -20.65  -46.15  0.22E-04
2016   8  12   0 -23.55  -46.10  0.50E-04
2016   8  12   0 -23.50  -46.10  0.25E-04
2016   8  12   0 -23.45  -46.10  0.75E-04
2016   8  12   0 -23.40  -46.10  0.99E-04
2016   8  12   0 -23.35  -46.10  0.12E-03
2016   8  12   0 -23.30  -46.10  0.25E-04
2016   8  12   0 -23.25  -46.10  0.49E-04
2016   8  12   0 -23.20  -46.10  0.74E-04
2016   8  12   0 -23.15  -46.10  0.98E-04
2016   8  12   0 -23.10  -46.10  0.98E-04
2016   8  12   0 -23.05  -46.10  0.74E-04
2016   8  12   0 -23.00  -46.10  0.98E-04
2016   8  12   0 -22.95  -46.10  0.24E-04
2016   8  12   0 -22.90  -46.10  0.24E-04
2016   8  12   0 -22.85  -46.10  0.49E-04
2016   8  12   0 -22.80  -46.10  0.24E-04
2016   8  12   0 -22.75  -46.10  0.97E-04
2016   8  12   0 -22.65  -46.10  0.72E-04
2016   8  12   0 -22.60  -46.10  0.48E-04
2016   8  12   0 -22.55  -46.10  0.48E-04
2016   8  12   0 -22.45  -46.10  0.24E-04
2016   8  12   0 -22.40  -46.10  0.23E-04
2016   8  12   0 -22.35  -46.10  0.71E-04
2016   8  12   0 -22.30  -46.10  0.24E-04
2016   8  12   0 -22.10  -46.10  0.24E-04
2016   8  12   0 -22.00  -46.10  0.24E-04
2016   8  12   0 -21.95  -46.10  0.23E-04
2016   8  12   0 -21.80  -46.10  0.23E-04
2016   8  12   0 -21.55  -46.10  0.23E-04
2016   8  12   0 -21.15  -46.10  0.23E-04
2016   8  12   0 -21.00  -46.10  0.22E-04
2016   8  12   0 -20.95  -46.10  0.22E-04
2016   8  12   0 -23.50  -46.05  0.50E-04
2016   8  12   0 -23.45  -46.05  0.25E-04
2016   8  12   0 -23.35  -46.05  0.74E-04
2016   8  12   0 -23.30  -46.05  0.49E-04
2016   8  12   0 -23.25  -46.05  0.98E-04
2016   8  12   0 -23.20  -46.05  0.49E-04
2016   8  12   0 -23.15  -46.05  0.12E-03
2016   8  12   0 -23.10  -46.05  0.20E-03
2016   8  12   0 -23.05  -46.05  0.73E-04
2016   8  12   0 -23.00  -46.05  0.15E-03
2016   8  12   0 -22.95  -46.05  0.49E-04
2016   8  12   0 -22.90  -46.05  0.98E-04
2016   8  12   0 -22.85  -46.05  0.48E-04
2016   8  12   0 -22.80  -46.05  0.48E-04
2016   8  12   0 -22.75  -46.05  0.73E-04
2016   8  12   0 -22.70  -46.05  0.72E-04
2016   8  12   0 -22.60  -46.05  0.96E-04
2016   8  12   0 -22.55  -46.05  0.48E-04
2016   8  12   0 -22.50  -46.05  0.72E-04
2016   8  12   0 -22.45  -46.05  0.24E-04
2016   8  12   0 -22.35  -46.05  0.71E-04
2016   8  12   0 -22.30  -46.05  0.47E-04
2016   8  12   0 -22.25  -46.05  0.24E-04
2016   8  12   0 -22.20  -46.05  0.23E-04
2016   8  12   0 -22.15  -46.05  0.47E-04
2016   8  12   0 -22.10  -46.05  0.23E-04
2016   8  12   0 -22.00  -46.05  0.23E-04
2016   8  12   0 -21.95  -46.05  0.24E-04
2016   8  12   0 -21.90  -46.05  0.23E-04
2016   8  12   0 -21.80  -46.05  0.46E-04
2016   8  12   0 -21.75  -46.05  0.23E-04
2016   8  12   0 -21.70  -46.05  0.23E-04
2016   8  12   0 -21.50  -46.05  0.69E-04
2016   8  12   0 -21.40  -46.05  0.23E-04
2016   8  12   0 -20.90  -46.05  0.22E-04
2016   8  12   0 -23.40  -46.00  0.50E-04
2016   8  12   0 -23.35  -46.00  0.25E-04
2016   8  12   0 -23.30  -46.00  0.25E-04
2016   8  12   0 -23.25  -46.00  0.12E-03
2016   8  12   0 -23.20  -46.00  0.74E-04
2016   8  12   0 -23.10  -46.00  0.98E-04
2016   8  12   0 -23.05  -46.00  0.12E-03
2016   8  12   0 -23.00  -46.00  0.73E-04
2016   8  12   0 -22.95  -46.00  0.73E-04
2016   8  12   0 -22.90  -46.00  0.12E-03
2016   8  12   0 -22.85  -46.00  0.49E-04
2016   8  12   0 -22.80  -46.00  0.24E-04
2016   8  12   0 -22.75  -46.00  0.72E-04
2016   8  12   0 -22.70  -46.00  0.12E-03
2016   8  12   0 -22.65  -46.00  0.97E-04
2016   8  12   0 -22.60  -46.00  0.48E-04
2016   8  12   0 -22.55  -46.00  0.96E-04
2016   8  12   0 -22.50  -46.00  0.48E-04
2016   8  12   0 -22.45  -46.00  0.48E-04
2016   8  12   0 -22.40  -46.00  0.23E-04
2016   8  12   0 -22.35  -46.00  0.47E-04
2016   8  12   0 -22.25  -46.00  0.95E-04
2016   8  12   0 -22.20  -46.00  0.23E-04
2016   8  12   0 -22.15  -46.00  0.23E-04
2016   8  12   0 -22.10  -46.00  0.23E-04
2016   8  12   0 -22.00  -46.00  0.70E-04
2016   8  12   0 -21.95  -46.00  0.46E-04
2016   8  12   0 -21.85  -46.00  0.23E-04
2016   8  12   0 -21.80  -46.00  0.23E-04
2016   8  12   0 -21.75  -46.00  0.23E-04
2016   8  12   0 -21.70  -46.00  0.23E-04
2016   8  12   0 -21.65  -46.00  0.23E-04
2016   8  12   0 -21.60  -46.00  0.23E-04
2016   8  12   0 -21.55  -46.00  0.23E-04
2016   8  12   0 -21.50  -46.00  0.46E-04
2016   8  12   0 -21.45  -46.00  0.68E-04
2016   8  12   0 -21.40  -46.00  0.23E-04
2016   8  12   0 -21.30  -46.00  0.22E-04
2016   8  12   0 -21.25  -46.00  0.23E-04
2016   8  12   0 -23.45  -45.95  0.74E-04
2016   8  12   0 -23.30  -45.95  0.74E-04
2016   8  12   0 -23.25  -45.95  0.49E-04
2016   8  12   0 -23.15  -45.95  0.25E-04
2016   8  12   0 -23.10  -45.95  0.24E-04
2016   8  12   0 -23.05  -45.95  0.49E-04
2016   8  12   0 -23.00  -45.95  0.73E-04
2016   8  12   0 -22.95  -45.95  0.48E-04
2016   8  12   0 -22.90  -45.95  0.73E-04
2016   8  12   0 -22.85  -45.95  0.73E-04
2016   8  12   0 -22.80  -45.95  0.97E-04
2016   8  12   0 -22.75  -45.95  0.14E-03
2016   8  12   0 -22.70  -45.95  0.24E-04
2016   8  12   0 -22.60  -45.95  0.71E-04
2016   8  12   0 -22.55  -45.95  0.12E-03
2016   8  12   0 -22.50  -45.95  0.72E-04
2016   8  12   0 -22.45  -45.95  0.96E-04
2016   8  12   0 -22.40  -45.95  0.71E-04
2016   8  12   0 -22.35  -45.95  0.48E-04
2016   8  12   0 -22.30  -45.95  0.71E-04
2016   8  12   0 -22.20  -45.95  0.71E-04
2016   8  12   0 -22.15  -45.95  0.71E-04
2016   8  12   0 -22.10  -45.95  0.24E-04
2016   8  12   0 -22.05  -45.95  0.24E-04
2016   8  12   0 -21.90  -45.95  0.23E-04
2016   8  12   0 -21.85  -45.95  0.23E-04
2016   8  12   0 -21.75  -45.95  0.23E-04
2016   8  12   0 -23.40  -45.90  0.25E-04
2016   8  12   0 -23.35  -45.90  0.25E-04
2016   8  12   0 -23.30  -45.90  0.25E-04
2016   8  12   0 -23.25  -45.90  0.25E-04
2016   8  12   0 -23.20  -45.90  0.15E-03
2016   8  12   0 -23.15  -45.90  0.24E-04
2016   8  12   0 -23.10  -45.90  0.49E-04
2016   8  12   0 -23.00  -45.90  0.49E-04
2016   8  12   0 -22.95  -45.90  0.25E-04
2016   8  12   0 -22.90  -45.90  0.73E-04
2016   8  12   0 -22.85  -45.90  0.15E-03
2016   8  12   0 -22.80  -45.90  0.17E-03
2016   8  12   0 -22.75  -45.90  0.24E-04
2016   8  12   0 -22.70  -45.90  0.96E-04
2016   8  12   0 -22.65  -45.90  0.12E-03
2016   8  12   0 -22.60  -45.90  0.24E-04
2016   8  12   0 -22.45  -45.90  0.47E-04
2016   8  12   0 -22.35  -45.90  0.71E-04
2016   8  12   0 -22.30  -45.90  0.47E-04
2016   8  12   0 -22.25  -45.90  0.71E-04
2016   8  12   0 -22.20  -45.90  0.24E-04
2016   8  12   0 -21.90  -45.90  0.23E-04
2016   8  12   0 -21.85  -45.90  0.24E-04
2016   8  12   0 -21.80  -45.90  0.23E-04
2016   8  12   0 -21.70  -45.90  0.23E-04
2016   8  12   0 -21.65  -45.90  0.23E-04
2016   8  12   0 -21.40  -45.90  0.22E-04
2016   8  12   0 -21.35  -45.90  0.22E-04
2016   8  12   0 -20.95  -45.90  0.44E-04
2016   8  12   0 -20.90  -45.90  0.22E-04
2016   8  12   0 -20.85  -45.90  0.22E-04
2016   8  12   0 -20.60  -45.90  0.21E-04
2016   8  12   0 -20.50  -45.90  0.21E-04
2016   8  12   0 -23.30  -45.85  0.25E-04
2016   8  12   0 -23.15  -45.85  0.73E-04
2016   8  12   0 -23.05  -45.85  0.49E-04
2016   8  12   0 -23.00  -45.85  0.24E-04
2016   8  12   0 -22.95  -45.85  0.49E-04
2016   8  12   0 -22.90  -45.85  0.24E-04
2016   8  12   0 -22.85  -45.85  0.49E-04
2016   8  12   0 -22.80  -45.85  0.73E-04
2016   8  12   0 -22.75  -45.85  0.72E-04
2016   8  12   0 -22.70  -45.85  0.48E-04
2016   8  12   0 -22.65  -45.85  0.72E-04
2016   8  12   0 -22.60  -45.85  0.72E-04
2016   8  12   0 -22.55  -45.85  0.12E-03
2016   8  12   0 -22.50  -45.85  0.72E-04
2016   8  12   0 -22.45  -45.85  0.48E-04
2016   8  12   0 -22.35  -45.85  0.71E-04
2016   8  12   0 -22.30  -45.85  0.72E-04
2016   8  12   0 -22.20  -45.85  0.47E-04
2016   8  12   0 -22.15  -45.85  0.24E-04
2016   8  12   0 -22.10  -45.85  0.23E-04
2016   8  12   0 -22.05  -45.85  0.46E-04
2016   8  12   0 -21.90  -45.85  0.23E-04
2016   8  12   0 -21.80  -45.85  0.23E-04
2016   8  12   0 -21.75  -45.85  0.47E-04
2016   8  12   0 -21.70  -45.85  0.23E-04
2016   8  12   0 -21.65  -45.85  0.23E-04
2016   8  12   0 -21.55  -45.85  0.69E-04
2016   8  12   0 -21.10  -45.85  0.45E-04
2016   8  12   0 -21.05  -45.85  0.66E-04
2016   8  12   0 -21.00  -45.85  0.44E-04
2016   8  12   0 -23.10  -45.80  0.24E-04
2016   8  12   0 -23.05  -45.80  0.24E-04
2016   8  12   0 -23.00  -45.80  0.24E-04
2016   8  12   0 -22.90  -45.80  0.49E-04
2016   8  12   0 -22.85  -45.80  0.72E-04
2016   8  12   0 -22.80  -45.80  0.24E-04
2016   8  12   0 -22.75  -45.80  0.24E-04
2016   8  12   0 -22.70  -45.80  0.48E-04
2016   8  12   0 -22.65  -45.80  0.48E-04
2016   8  12   0 -22.60  -45.80  0.19E-03
2016   8  12   0 -22.55  -45.80  0.72E-04
2016   8  12   0 -22.50  -45.80  0.24E-04
2016   8  12   0 -22.45  -45.80  0.23E-04
2016   8  12   0 -22.40  -45.80  0.23E-04
2016   8  12   0 -22.30  -45.80  0.48E-04
2016   8  12   0 -22.20  -45.80  0.24E-04
2016   8  12   0 -22.15  -45.80  0.23E-04
2016   8  12   0 -22.05  -45.80  0.69E-04
2016   8  12   0 -22.00  -45.80  0.47E-04
2016   8  12   0 -21.95  -45.80  0.23E-04
2016   8  12   0 -21.90  -45.80  0.23E-04
2016   8  12   0 -21.85  -45.80  0.23E-04
2016   8  12   0 -21.75  -45.80  0.23E-04
2016   8  12   0 -21.70  -45.80  0.46E-04
2016   8  12   0 -21.65  -45.80  0.23E-04
2016   8  12   0 -21.55  -45.80  0.23E-04
2016   8  12   0 -21.45  -45.80  0.22E-04
2016   8  12   0 -21.40  -45.80  0.23E-04
2016   8  12   0 -21.20  -45.80  0.45E-04
2016   8  12   0 -21.15  -45.80  0.44E-04
2016   8  12   0 -21.05  -45.80  0.22E-04
2016   8  12   0 -23.10  -45.75  0.24E-04
2016   8  12   0 -23.05  -45.75  0.25E-04
2016   8  12   0 -23.00  -45.75  0.24E-04
2016   8  12   0 -22.95  -45.75  0.24E-04
2016   8  12   0 -22.85  -45.75  0.24E-04
2016   8  12   0 -22.80  -45.75  0.49E-04
2016   8  12   0 -22.75  -45.75  0.73E-04
2016   8  12   0 -22.70  -45.75  0.24E-04
2016   8  12   0 -22.65  -45.75  0.72E-04
2016   8  12   0 -22.60  -45.75  0.48E-04
2016   8  12   0 -22.55  -45.75  0.24E-04
2016   8  12   0 -22.45  -45.75  0.24E-04
2016   8  12   0 -22.40  -45.75  0.24E-04
2016   8  12   0 -22.35  -45.75  0.72E-04
2016   8  12   0 -22.30  -45.75  0.12E-03
2016   8  12   0 -22.20  -45.75  0.24E-04
2016   8  12   0 -22.15  -45.75  0.24E-04
2016   8  12   0 -22.10  -45.75  0.24E-04
2016   8  12   0 -22.00  -45.75  0.47E-04
2016   8  12   0 -21.95  -45.75  0.23E-04
2016   8  12   0 -21.90  -45.75  0.46E-04
2016   8  12   0 -21.85  -45.75  0.46E-04
2016   8  12   0 -21.80  -45.75  0.23E-04
2016   8  12   0 -21.75  -45.75  0.23E-04
2016   8  12   0 -21.70  -45.75  0.92E-04
2016   8  12   0 -21.65  -45.75  0.23E-04
2016   8  12   0 -21.60  -45.75  0.23E-04
2016   8  12   0 -21.45  -45.75  0.23E-04
2016   8  12   0 -21.40  -45.75  0.23E-04
2016   8  12   0 -21.35  -45.75  0.45E-04
2016   8  12   0 -21.30  -45.75  0.68E-04
2016   8  12   0 -21.25  -45.75  0.21E-04
2016   8  12   0 -21.20  -45.75  0.43E-04
2016   8  12   0 -21.15  -45.75  0.22E-04
2016   8  12   0 -21.05  -45.75  0.45E-04
2016   8  12   0 -20.90  -45.75  0.20E-04
2016   8  12   0 -20.80  -45.75  0.22E-04
2016   8  12   0 -23.05  -45.70  0.24E-04
2016   8  12   0 -23.00  -45.70  0.24E-04
2016   8  12   0 -22.85  -45.70  0.48E-04
2016   8  12   0 -22.80  -45.70  0.72E-04
2016   8  12   0 -22.75  -45.70  0.24E-04
2016   8  12   0 -22.70  -45.70  0.72E-04
2016   8  12   0 -22.65  -45.70  0.24E-04
2016   8  12   0 -22.60  -45.70  0.14E-03
2016   8  12   0 -22.55  -45.70  0.24E-04
2016   8  12   0 -22.50  -45.70  0.24E-04
2016   8  12   0 -22.45  -45.70  0.95E-04
2016   8  12   0 -22.40  -45.70  0.12E-03
2016   8  12   0 -22.35  -45.70  0.24E-04
2016   8  12   0 -22.30  -45.70  0.47E-04
2016   8  12   0 -22.25  -45.70  0.48E-04
2016   8  12   0 -22.20  -45.70  0.71E-04
2016   8  12   0 -22.15  -45.70  0.95E-04
2016   8  12   0 -22.10  -45.70  0.47E-04
2016   8  12   0 -22.05  -45.70  0.71E-04
2016   8  12   0 -22.00  -45.70  0.24E-04
2016   8  12   0 -21.95  -45.70  0.23E-04
2016   8  12   0 -21.90  -45.70  0.70E-04
2016   8  12   0 -21.80  -45.70  0.23E-04
2016   8  12   0 -21.75  -45.70  0.23E-04
2016   8  12   0 -21.70  -45.70  0.23E-04
2016   8  12   0 -21.65  -45.70  0.46E-04
2016   8  12   0 -21.55  -45.70  0.23E-04
2016   8  12   0 -21.50  -45.70  0.23E-04
2016   8  12   0 -21.45  -45.70  0.23E-04
2016   8  12   0 -21.30  -45.70  0.43E-04
2016   8  12   0 -20.95  -45.70  0.44E-04
2016   8  12   0 -20.75  -45.70  0.22E-04
2016   8  12   0 -20.65  -45.70  0.20E-04
2016   8  12   0 -22.95  -45.65  0.24E-04
2016   8  12   0 -22.90  -45.65  0.24E-04
2016   8  12   0 -22.85  -45.65  0.48E-04
2016   8  12   0 -22.75  -45.65  0.24E-04
2016   8  12   0 -22.70  -45.65  0.24E-04
2016   8  12   0 -22.65  -45.65  0.48E-04
2016   8  12   0 -22.60  -45.65  0.24E-04
2016   8  12   0 -22.55  -45.65  0.72E-04
2016   8  12   0 -22.50  -45.65  0.48E-04
2016   8  12   0 -22.45  -45.65  0.47E-04
2016   8  12   0 -22.40  -45.65  0.96E-04
2016   8  12   0 -22.35  -45.65  0.48E-04
2016   8  12   0 -22.30  -45.65  0.47E-04
2016   8  12   0 -22.25  -45.65  0.23E-04
2016   8  12   0 -22.20  -45.65  0.47E-04
2016   8  12   0 -22.15  -45.65  0.47E-04
2016   8  12   0 -22.10  -45.65  0.93E-04
2016   8  12   0 -22.05  -45.65  0.94E-04
2016   8  12   0 -22.00  -45.65  0.23E-04
2016   8  12   0 -21.90  -45.65  0.47E-04
2016   8  12   0 -21.85  -45.65  0.46E-04
2016   8  12   0 -21.80  -45.65  0.46E-04
2016   8  12   0 -21.75  -45.65  0.23E-04
2016   8  12   0 -21.65  -45.65  0.22E-04
2016   8  12   0 -21.60  -45.65  0.68E-04
2016   8  12   0 -21.50  -45.65  0.46E-04
2016   8  12   0 -21.35  -45.65  0.45E-04
2016   8  12   0 -21.30  -45.65  0.23E-04
2016   8  12   0 -21.20  -45.65  0.45E-04
2016   8  12   0 -21.15  -45.65  0.23E-04
2016   8  12   0 -20.55  -45.65  0.22E-04
2016   8  12   0 -20.50  -45.65  0.21E-04
2016   8  12   0 -20.20  -45.65  0.21E-04
2016   8  12   0 -22.85  -45.60  0.24E-04
2016   8  12   0 -22.80  -45.60  0.48E-04
2016   8  12   0 -22.75  -45.60  0.24E-04
2016   8  12   0 -22.65  -45.60  0.72E-04
2016   8  12   0 -22.60  -45.60  0.48E-04
2016   8  12   0 -22.55  -45.60  0.71E-04
2016   8  12   0 -22.50  -45.60  0.24E-04
2016   8  12   0 -22.45  -45.60  0.48E-04
2016   8  12   0 -22.35  -45.60  0.47E-04
2016   8  12   0 -22.30  -45.60  0.24E-04
2016   8  12   0 -22.25  -45.60  0.47E-04
2016   8  12   0 -22.20  -45.60  0.94E-04
2016   8  12   0 -22.15  -45.60  0.23E-04
2016   8  12   0 -22.10  -45.60  0.47E-04
2016   8  12   0 -22.05  -45.60  0.24E-04
2016   8  12   0 -22.00  -45.60  0.46E-04
2016   8  12   0 -21.95  -45.60  0.47E-04
2016   8  12   0 -21.90  -45.60  0.23E-04
2016   8  12   0 -21.80  -45.60  0.69E-04
2016   8  12   0 -21.70  -45.60  0.69E-04
2016   8  12   0 -21.60  -45.60  0.92E-04
2016   8  12   0 -21.55  -45.60  0.23E-04
2016   8  12   0 -21.45  -45.60  0.23E-04
2016   8  12   0 -21.35  -45.60  0.46E-04
2016   8  12   0 -21.30  -45.60  0.22E-04
2016   8  12   0 -21.25  -45.60  0.21E-04
2016   8  12   0 -21.05  -45.60  0.22E-04
2016   8  12   0 -21.00  -45.60  0.22E-04
2016   8  12   0 -22.90  -45.55  0.24E-04
2016   8  12   0 -22.85  -45.55  0.24E-04
2016   8  12   0 -22.65  -45.55  0.24E-04
2016   8  12   0 -22.55  -45.55  0.24E-04
2016   8  12   0 -22.50  -45.55  0.48E-04
2016   8  12   0 -22.45  -45.55  0.71E-04
2016   8  12   0 -22.40  -45.55  0.47E-04
2016   8  12   0 -22.35  -45.55  0.94E-04
2016   8  12   0 -22.30  -45.55  0.12E-03
2016   8  12   0 -22.25  -45.55  0.47E-04
2016   8  12   0 -22.20  -45.55  0.71E-04
2016   8  12   0 -22.15  -45.55  0.24E-04
2016   8  12   0 -22.10  -45.55  0.12E-03
2016   8  12   0 -22.05  -45.55  0.23E-04
2016   8  12   0 -22.00  -45.55  0.47E-04
2016   8  12   0 -21.95  -45.55  0.23E-04
2016   8  12   0 -21.85  -45.55  0.70E-04
2016   8  12   0 -21.80  -45.55  0.69E-04
2016   8  12   0 -21.75  -45.55  0.46E-04
2016   8  12   0 -21.65  -45.55  0.69E-04
2016   8  12   0 -21.60  -45.55  0.23E-04
2016   8  12   0 -21.55  -45.55  0.23E-04
2016   8  12   0 -21.50  -45.55  0.23E-04
2016   8  12   0 -21.40  -45.55  0.23E-04
2016   8  12   0 -21.30  -45.55  0.23E-04
2016   8  12   0 -21.25  -45.55  0.22E-04
2016   8  12   0 -21.15  -45.55  0.22E-04
2016   8  12   0 -21.10  -45.55  0.22E-04
2016   8  12   0 -21.00  -45.55  0.44E-04
2016   8  12   0 -20.95  -45.55  0.22E-04
2016   8  12   0 -20.60  -45.55  0.21E-04
2016   8  12   0 -22.90  -45.50  0.48E-04
2016   8  12   0 -22.50  -45.50  0.24E-04
2016   8  12   0 -22.45  -45.50  0.24E-04
2016   8  12   0 -22.35  -45.50  0.47E-04
2016   8  12   0 -22.30  -45.50  0.24E-04
2016   8  12   0 -22.25  -45.50  0.71E-04
2016   8  12   0 -22.20  -45.50  0.47E-04
2016   8  12   0 -22.15  -45.50  0.24E-04
2016   8  12   0 -22.10  -45.50  0.23E-04
2016   8  12   0 -22.05  -45.50  0.46E-04
2016   8  12   0 -22.00  -45.50  0.23E-04
2016   8  12   0 -21.95  -45.50  0.23E-04
2016   8  12   0 -21.90  -45.50  0.23E-04
2016   8  12   0 -21.85  -45.50  0.46E-04
2016   8  12   0 -21.80  -45.50  0.23E-04
2016   8  12   0 -21.75  -45.50  0.23E-04
2016   8  12   0 -21.60  -45.50  0.23E-04
2016   8  12   0 -21.55  -45.50  0.45E-04
2016   8  12   0 -21.35  -45.50  0.22E-04
2016   8  12   0 -21.30  -45.50  0.45E-04
2016   8  12   0 -21.25  -45.50  0.22E-04
2016   8  12   0 -20.95  -45.50  0.22E-04
2016   8  12   0 -20.90  -45.50  0.44E-04
2016   8  12   0 -20.85  -45.50  0.44E-04
2016   8  12   0 -20.80  -45.50  0.44E-04
2016   8  12   0 -20.65  -45.50  0.21E-04
2016   8  12   0 -22.90  -45.45  0.24E-04
2016   8  12   0 -22.85  -45.45  0.24E-04
2016   8  12   0 -22.80  -45.45  0.24E-04
2016   8  12   0 -22.75  -45.45  0.48E-04
2016   8  12   0 -22.70  -45.45  0.24E-04
2016   8  12   0 -22.65  -45.45  0.24E-04
2016   8  12   0 -22.60  -45.45  0.24E-04
2016   8  12   0 -22.55  -45.45  0.48E-04
2016   8  12   0 -22.45  -45.45  0.24E-04
2016   8  12   0 -22.40  -45.45  0.94E-04
2016   8  12   0 -22.30  -45.45  0.70E-04
2016   8  12   0 -22.25  -45.45  0.47E-04
2016   8  12   0 -22.10  -45.45  0.70E-04
2016   8  12   0 -22.05  -45.45  0.46E-04
2016   8  12   0 -22.00  -45.45  0.93E-04
2016   8  12   0 -21.95  -45.45  0.69E-04
2016   8  12   0 -21.90  -45.45  0.23E-04
2016   8  12   0 -21.85  -45.45  0.23E-04
2016   8  12   0 -21.80  -45.45  0.23E-04
2016   8  12   0 -21.75  -45.45  0.23E-04
2016   8  12   0 -21.70  -45.45  0.46E-04
2016   8  12   0 -21.65  -45.45  0.46E-04
2016   8  12   0 -21.60  -45.45  0.23E-04
2016   8  12   0 -21.55  -45.45  0.23E-04
2016   8  12   0 -21.40  -45.45  0.45E-04
2016   8  12   0 -21.20  -45.45  0.67E-04
2016   8  12   0 -21.10  -45.45  0.45E-04
2016   8  12   0 -21.05  -45.45  0.22E-04
2016   8  12   0 -20.95  -45.45  0.22E-04
2016   8  12   0 -22.95  -45.40  0.24E-04
2016   8  12   0 -22.60  -45.40  0.24E-04
2016   8  12   0 -22.55  -45.40  0.71E-04
2016   8  12   0 -22.50  -45.40  0.24E-04
2016   8  12   0 -22.35  -45.40  0.24E-04
2016   8  12   0 -22.30  -45.40  0.23E-04
2016   8  12   0 -22.20  -45.40  0.47E-04
2016   8  12   0 -22.10  -45.40  0.47E-04
2016   8  12   0 -22.05  -45.40  0.47E-04
2016   8  12   0 -22.00  -45.40  0.93E-04
2016   8  12   0 -21.95  -45.40  0.47E-04
2016   8  12   0 -21.90  -45.40  0.69E-04
2016   8  12   0 -21.85  -45.40  0.23E-04
2016   8  12   0 -21.80  -45.40  0.23E-04
2016   8  12   0 -21.75  -45.40  0.69E-04
2016   8  12   0 -21.70  -45.40  0.23E-04
2016   8  12   0 -21.65  -45.40  0.23E-04
2016   8  12   0 -21.60  -45.40  0.23E-04
2016   8  12   0 -21.55  -45.40  0.46E-04
2016   8  12   0 -21.50  -45.40  0.23E-04
2016   8  12   0 -21.45  -45.40  0.23E-04
2016   8  12   0 -21.40  -45.40  0.23E-04
2016   8  12   0 -21.15  -45.40  0.45E-04
2016   8  12   0 -21.05  -45.40  0.22E-04
2016   8  12   0 -21.00  -45.40  0.22E-04
2016   8  12   0 -20.80  -45.40  0.22E-04
2016   8  12   0 -20.65  -45.40  0.21E-04
2016   8  12   0 -22.65  -45.35  0.47E-04
2016   8  12   0 -22.60  -45.35  0.24E-04
2016   8  12   0 -22.40  -45.35  0.24E-04
2016   8  12   0 -22.25  -45.35  0.70E-04
2016   8  12   0 -22.10  -45.35  0.12E-03
2016   8  12   0 -22.00  -45.35  0.23E-04
2016   8  12   0 -21.95  -45.35  0.46E-04
2016   8  12   0 -21.80  -45.35  0.23E-04
2016   8  12   0 -21.75  -45.35  0.46E-04
2016   8  12   0 -21.65  -45.35  0.23E-04
2016   8  12   0 -21.55  -45.35  0.68E-04
2016   8  12   0 -21.50  -45.35  0.67E-04
2016   8  12   0 -21.40  -45.35  0.23E-04
2016   8  12   0 -21.35  -45.35  0.88E-04
2016   8  12   0 -21.20  -45.35  0.23E-04
2016   8  12   0 -21.15  -45.35  0.22E-04
2016   8  12   0 -21.10  -45.35  0.22E-04
2016   8  12   0 -20.85  -45.35  0.22E-04
2016   8  12   0 -20.60  -45.35  0.22E-04
2016   8  12   0 -22.60  -45.30  0.24E-04
2016   8  12   0 -22.55  -45.30  0.24E-04
2016   8  12   0 -22.50  -45.30  0.48E-04
2016   8  12   0 -22.40  -45.30  0.24E-04
2016   8  12   0 -22.35  -45.30  0.24E-04
2016   8  12   0 -22.30  -45.30  0.23E-04
2016   8  12   0 -22.20  -45.30  0.24E-04
2016   8  12   0 -22.10  -45.30  0.23E-04
2016   8  12   0 -22.00  -45.30  0.70E-04
2016   8  12   0 -21.95  -45.30  0.93E-04
2016   8  12   0 -21.90  -45.30  0.23E-04
2016   8  12   0 -21.85  -45.30  0.46E-04
2016   8  12   0 -21.80  -45.30  0.23E-04
2016   8  12   0 -21.75  -45.30  0.46E-04
2016   8  12   0 -21.70  -45.30  0.46E-04
2016   8  12   0 -21.65  -45.30  0.46E-04
2016   8  12   0 -21.60  -45.30  0.44E-04
2016   8  12   0 -21.55  -45.30  0.23E-04
2016   8  12   0 -21.50  -45.30  0.46E-04
2016   8  12   0 -21.45  -45.30  0.23E-04
2016   8  12   0 -21.30  -45.30  0.45E-04
2016   8  12   0 -20.85  -45.30  0.22E-04
2016   8  12   0 -20.60  -45.30  0.21E-04
2016   8  12   0 -22.60  -45.25  0.23E-04
2016   8  12   0 -22.55  -45.25  0.23E-04
2016   8  12   0 -22.50  -45.25  0.47E-04
2016   8  12   0 -22.40  -45.25  0.23E-04
2016   8  12   0 -22.35  -45.25  0.47E-04
2016   8  12   0 -22.25  -45.25  0.24E-04
2016   8  12   0 -22.05  -45.25  0.23E-04
2016   8  12   0 -21.95  -45.25  0.23E-04
2016   8  12   0 -21.90  -45.25  0.92E-04
2016   8  12   0 -21.85  -45.25  0.46E-04
2016   8  12   0 -21.70  -45.25  0.23E-04
2016   8  12   0 -21.55  -45.25  0.23E-04
2016   8  12   0 -21.50  -45.25  0.11E-03
2016   8  12   0 -21.45  -45.25  0.23E-04
2016   8  12   0 -21.40  -45.25  0.23E-04
2016   8  12   0 -21.30  -45.25  0.23E-04
2016   8  12   0 -21.15  -45.25  0.22E-04
2016   8  12   0 -21.10  -45.25  0.44E-04
2016   8  12   0 -21.05  -45.25  0.22E-04
2016   8  12   0 -20.90  -45.25  0.22E-04
2016   8  12   0 -20.70  -45.25  0.22E-04
2016   8  12   0 -20.65  -45.25  0.22E-04
2016   8  12   0 -22.40  -45.20  0.23E-04
2016   8  12   0 -22.05  -45.20  0.23E-04
2016   8  12   0 -21.90  -45.20  0.23E-04
2016   8  12   0 -21.80  -45.20  0.45E-04
2016   8  12   0 -21.75  -45.20  0.23E-04
2016   8  12   0 -21.70  -45.20  0.69E-04
2016   8  12   0 -21.65  -45.20  0.23E-04
2016   8  12   0 -21.60  -45.20  0.46E-04
2016   8  12   0 -21.55  -45.20  0.23E-04
2016   8  12   0 -21.50  -45.20  0.88E-04
2016   8  12   0 -21.45  -45.20  0.45E-04
2016   8  12   0 -21.40  -45.20  0.45E-04
2016   8  12   0 -21.35  -45.20  0.23E-04
2016   8  12   0 -21.30  -45.20  0.45E-04
2016   8  12   0 -21.20  -45.20  0.22E-04
2016   8  12   0 -21.15  -45.20  0.67E-04
2016   8  12   0 -21.05  -45.20  0.67E-04
2016   8  12   0 -21.00  -45.20  0.22E-04
2016   8  12   0 -20.85  -45.20  0.44E-04
2016   8  12   0 -20.70  -45.20  0.22E-04
2016   8  12   0 -20.65  -45.20  0.44E-04
2016   8  12   0 -22.60  -45.15  0.24E-04
2016   8  12   0 -22.30  -45.15  0.23E-04
2016   8  12   0 -22.20  -45.15  0.23E-04
2016   8  12   0 -22.05  -45.15  0.47E-04
2016   8  12   0 -22.00  -45.15  0.23E-04
2016   8  12   0 -21.95  -45.15  0.92E-04
2016   8  12   0 -21.90  -45.15  0.23E-04
2016   8  12   0 -21.85  -45.15  0.23E-04
2016   8  12   0 -21.80  -45.15  0.69E-04
2016   8  12   0 -21.70  -45.15  0.23E-04
2016   8  12   0 -21.65  -45.15  0.23E-04
2016   8  12   0 -21.60  -45.15  0.45E-04
2016   8  12   0 -21.50  -45.15  0.68E-04
2016   8  12   0 -21.40  -45.15  0.88E-04
2016   8  12   0 -21.35  -45.15  0.45E-04
2016   8  12   0 -21.25  -45.15  0.21E-04
2016   8  12   0 -21.20  -45.15  0.22E-04
2016   8  12   0 -21.15  -45.15  0.65E-04
2016   8  12   0 -21.05  -45.15  0.44E-04
2016   8  12   0 -21.00  -45.15  0.22E-04
2016   8  12   0 -20.60  -45.15  0.42E-04
2016   8  12   0 -22.40  -45.10  0.23E-04
2016   8  12   0 -22.05  -45.10  0.23E-04
2016   8  12   0 -22.00  -45.10  0.23E-04
2016   8  12   0 -21.95  -45.10  0.93E-04
2016   8  12   0 -21.90  -45.10  0.23E-04
2016   8  12   0 -21.80  -45.10  0.23E-04
2016   8  12   0 -21.65  -45.10  0.23E-04
2016   8  12   0 -21.60  -45.10  0.45E-04
2016   8  12   0 -21.55  -45.10  0.45E-04
2016   8  12   0 -21.50  -45.10  0.45E-04
2016   8  12   0 -21.45  -45.10  0.23E-04
2016   8  12   0 -21.40  -45.10  0.66E-04
2016   8  12   0 -21.35  -45.10  0.22E-04
2016   8  12   0 -21.30  -45.10  0.22E-04
2016   8  12   0 -21.25  -45.10  0.21E-04
2016   8  12   0 -21.20  -45.10  0.43E-04
2016   8  12   0 -21.10  -45.10  0.42E-04
2016   8  12   0 -21.05  -45.10  0.44E-04
2016   8  12   0 -21.00  -45.10  0.23E-04
2016   8  12   0 -20.65  -45.10  0.44E-04
2016   8  12   0 -20.60  -45.10  0.22E-04
2016   8  12   0 -20.55  -45.10  0.21E-04
2016   8  12   0 -20.25  -45.10  0.21E-04
2016   8  12   0 -22.15  -45.05  0.23E-04
2016   8  12   0 -22.00  -45.05  0.21E-04
2016   8  12   0 -21.95  -45.05  0.23E-04
2016   8  12   0 -21.85  -45.05  0.46E-04
2016   8  12   0 -21.75  -45.05  0.46E-04
2016   8  12   0 -21.70  -45.05  0.23E-04
2016   8  12   0 -21.65  -45.05  0.23E-04
2016   8  12   0 -21.60  -45.05  0.41E-04
2016   8  12   0 -21.45  -45.05  0.22E-04
2016   8  12   0 -21.40  -45.05  0.23E-04
2016   8  12   0 -21.35  -45.05  0.66E-04
2016   8  12   0 -21.30  -45.05  0.22E-04
2016   8  12   0 -21.20  -45.05  0.20E-04
2016   8  12   0 -21.15  -45.05  0.22E-04
2016   8  12   0 -21.10  -45.05  0.20E-04
2016   8  12   0 -21.05  -45.05  0.44E-04
2016   8  12   0 -20.70  -45.05  0.22E-04
2016   8  12   0 -20.65  -45.05  0.21E-04
2016   8  12   0 -20.40  -45.05  0.21E-04
2016   8  12   0 -21.90  -45.00  0.44E-04
2016   8  12   0 -21.85  -45.00  0.23E-04
2016   8  12   0 -21.75  -45.00  0.23E-04
2016   8  12   0 -21.70  -45.00  0.23E-04
2016   8  12   0 -21.65  -45.00  0.23E-04
2016   8  12   0 -21.60  -45.00  0.43E-04
2016   8  12   0 -21.55  -45.00  0.23E-04
2016   8  12   0 -21.40  -45.00  0.43E-04
2016   8  12   0 -21.30  -45.00  0.22E-04
2016   8  12   0 -21.15  -45.00  0.67E-04
2016   8  12   0 -21.10  -45.00  0.44E-04
2016   8  12   0 -21.00  -45.00  0.40E-04
2016   8  12   0 -20.95  -45.00  0.43E-04
2016   8  12   0 -20.90  -45.00  0.22E-04
2016   8  12   0 -20.85  -45.00  0.20E-04
2016   8  12   0 -20.40  -45.00  0.22E-04
2016   8  12   0 -22.30  -44.95  0.23E-04
2016   8  12   0 -22.25  -44.95  0.23E-04
2016   8  12   0 -22.20  -44.95  0.23E-04
2016   8  12   0 -21.95  -44.95  0.23E-04
2016   8  12   0 -21.55  -44.95  0.45E-04
2016   8  12   0 -21.50  -44.95  0.23E-04
2016   8  12   0 -21.45  -44.95  0.22E-04
2016   8  12   0 -21.40  -44.95  0.23E-04
2016   8  12   0 -21.35  -44.95  0.13E-03
2016   8  12   0 -21.30  -44.95  0.89E-04
2016   8  12   0 -21.25  -44.95  0.11E-03
2016   8  12   0 -21.15  -44.95  0.44E-04
2016   8  12   0 -21.10  -44.95  0.22E-04
2016   8  12   0 -21.00  -44.95  0.22E-04
2016   8  12   0 -20.95  -44.95  0.22E-04
2016   8  12   0 -20.85  -44.95  0.22E-04
2016   8  12   0 -20.55  -44.95  0.20E-04
2016   8  12   0 -20.50  -44.95  0.21E-04
2016   8  12   0 -20.40  -44.95  0.22E-04
2016   8  12   0 -22.20  -44.90  0.21E-04
2016   8  12   0 -21.80  -44.90  0.23E-04
2016   8  12   0 -21.60  -44.90  0.23E-04
2016   8  12   0 -21.55  -44.90  0.68E-04
2016   8  12   0 -21.50  -44.90  0.45E-04
2016   8  12   0 -21.45  -44.90  0.21E-04
2016   8  12   0 -21.40  -44.90  0.22E-04
2016   8  12   0 -21.35  -44.90  0.67E-04
2016   8  12   0 -21.30  -44.90  0.23E-04
2016   8  12   0 -21.25  -44.90  0.87E-04
2016   8  12   0 -21.00  -44.90  0.42E-04
2016   8  12   0 -20.80  -44.90  0.20E-04
2016   8  12   0 -20.60  -44.90  0.42E-04
2016   8  12   0 -20.45  -44.90  0.39E-04
2016   8  12   0 -22.55  -44.85  0.24E-04
2016   8  12   0 -21.75  -44.85  0.23E-04
2016   8  12   0 -21.70  -44.85  0.21E-04
2016   8  12   0 -21.60  -44.85  0.23E-04
2016   8  12   0 -21.55  -44.85  0.23E-04
2016   8  12   0 -21.50  -44.85  0.64E-04
2016   8  12   0 -21.45  -44.85  0.45E-04
2016   8  12   0 -21.40  -44.85  0.21E-04
2016   8  12   0 -21.35  -44.85  0.63E-04
2016   8  12   0 -21.30  -44.85  0.22E-04
2016   8  12   0 -21.25  -44.85  0.22E-04
2016   8  12   0 -21.20  -44.85  0.22E-04
2016   8  12   0 -21.15  -44.85  0.43E-04
2016   8  12   0 -20.95  -44.85  0.22E-04
2016   8  12   0 -20.80  -44.85  0.22E-04
2016   8  12   0 -20.75  -44.85  0.43E-04
2016   8  12   0 -20.70  -44.85  0.20E-04
2016   8  12   0 -20.60  -44.85  0.22E-04
2016   8  12   0 -22.35  -44.80  0.23E-04
2016   8  12   0 -22.20  -44.80  0.23E-04
2016   8  12   0 -22.15  -44.80  0.23E-04
2016   8  12   0 -21.95  -44.80  0.23E-04
2016   8  12   0 -21.50  -44.80  0.23E-04
2016   8  12   0 -21.45  -44.80  0.23E-04
2016   8  12   0 -21.40  -44.80  0.66E-04
2016   8  12   0 -21.35  -44.80  0.22E-04
2016   8  12   0 -21.30  -44.80  0.23E-04
2016   8  12   0 -21.20  -44.80  0.11E-03
2016   8  12   0 -21.05  -44.80  0.22E-04
2016   8  12   0 -21.00  -44.80  0.22E-04
2016   8  12   0 -20.90  -44.80  0.22E-04
2016   8  12   0 -20.80  -44.80  0.41E-04
2016   8  12   0 -20.75  -44.80  0.43E-04
2016   8  12   0 -20.65  -44.80  0.21E-04
2016   8  12   0 -20.60  -44.80  0.21E-04
2016   8  12   0 -22.00  -44.75  0.23E-04
2016   8  12   0 -21.95  -44.75  0.23E-04
2016   8  12   0 -21.75  -44.75  0.23E-04
2016   8  12   0 -21.60  -44.75  0.21E-04
2016   8  12   0 -21.55  -44.75  0.46E-04
2016   8  12   0 -21.45  -44.75  0.21E-04
2016   8  12   0 -21.40  -44.75  0.23E-04
2016   8  12   0 -21.30  -44.75  0.45E-04
2016   8  12   0 -21.15  -44.75  0.22E-04
2016   8  12   0 -21.05  -44.75  0.22E-04
2016   8  12   0 -20.95  -44.75  0.22E-04
2016   8  12   0 -20.85  -44.75  0.42E-04
2016   8  12   0 -20.80  -44.75  0.22E-04
2016   8  12   0 -20.75  -44.75  0.22E-04
2016   8  12   0 -20.55  -44.75  0.19E-04
2016   8  12   0 -20.50  -44.75  0.21E-04
2016   8  12   0 -20.45  -44.75  0.42E-04
2016   8  12   0 -22.05  -44.70  0.23E-04
2016   8  12   0 -21.95  -44.70  0.23E-04
2016   8  12   0 -21.60  -44.70  0.45E-04
2016   8  12   0 -21.50  -44.70  0.62E-04
2016   8  12   0 -21.35  -44.70  0.23E-04
2016   8  12   0 -21.30  -44.70  0.11E-03
2016   8  12   0 -21.20  -44.70  0.65E-04
2016   8  12   0 -21.10  -44.70  0.20E-04
2016   8  12   0 -20.95  -44.70  0.22E-04
2016   8  12   0 -20.90  -44.70  0.64E-04
2016   8  12   0 -20.70  -44.70  0.43E-04
2016   8  12   0 -20.65  -44.70  0.87E-04
2016   8  12   0 -20.60  -44.70  0.39E-04
2016   8  12   0 -20.30  -44.70  0.22E-04
2016   8  12   0 -20.05  -44.70  0.57E-04
2016   8  12   0 -21.85  -44.65  0.23E-04
2016   8  12   0 -21.60  -44.65  0.42E-04
2016   8  12   0 -21.50  -44.65  0.23E-04
2016   8  12   0 -21.45  -44.65  0.45E-04
2016   8  12   0 -21.40  -44.65  0.23E-04
2016   8  12   0 -21.30  -44.65  0.23E-04
2016   8  12   0 -21.25  -44.65  0.22E-04
2016   8  12   0 -21.15  -44.65  0.11E-03
2016   8  12   0 -21.05  -44.65  0.22E-04
2016   8  12   0 -21.00  -44.65  0.43E-04
2016   8  12   0 -20.95  -44.65  0.22E-04
2016   8  12   0 -20.80  -44.65  0.20E-04
2016   8  12   0 -20.65  -44.65  0.43E-04
2016   8  12   0 -20.55  -44.65  0.22E-04
2016   8  12   0 -20.50  -44.65  0.43E-04
2016   8  12   0 -20.45  -44.65  0.20E-04
2016   8  12   0 -22.45  -44.60  0.23E-04
2016   8  12   0 -21.85  -44.60  0.23E-04
2016   8  12   0 -21.40  -44.60  0.88E-04
2016   8  12   0 -21.30  -44.60  0.45E-04
2016   8  12   0 -21.20  -44.60  0.44E-04
2016   8  12   0 -21.10  -44.60  0.20E-04
2016   8  12   0 -20.85  -44.60  0.22E-04
2016   8  12   0 -20.75  -44.60  0.39E-04
2016   8  12   0 -20.65  -44.60  0.22E-04
2016   8  12   0 -20.45  -44.60  0.19E-04
2016   8  12   0 -21.70  -44.55  0.23E-04
2016   8  12   0 -21.65  -44.55  0.23E-04
2016   8  12   0 -21.60  -44.55  0.67E-04
2016   8  12   0 -21.55  -44.55  0.23E-04
2016   8  12   0 -21.40  -44.55  0.22E-04
2016   8  12   0 -21.05  -44.55  0.40E-04
2016   8  12   0 -20.95  -44.55  0.22E-04
2016   8  12   0 -20.90  -44.55  0.42E-04
2016   8  12   0 -20.85  -44.55  0.22E-04
2016   8  12   0 -20.80  -44.55  0.20E-04
2016   8  12   0 -20.55  -44.55  0.21E-04
2016   8  12   0 -21.95  -44.50  0.23E-04
2016   8  12   0 -21.90  -44.50  0.23E-04
2016   8  12   0 -21.85  -44.50  0.46E-04
2016   8  12   0 -21.65  -44.50  0.44E-04
2016   8  12   0 -21.30  -44.50  0.22E-04
2016   8  12   0 -21.15  -44.50  0.20E-04
2016   8  12   0 -21.05  -44.50  0.22E-04
2016   8  12   0 -20.95  -44.50  0.66E-04
2016   8  12   0 -20.70  -44.50  0.21E-04
2016   8  12   0 -22.15  -44.45  0.23E-04
2016   8  12   0 -21.90  -44.45  0.23E-04
2016   8  12   0 -21.65  -44.45  0.23E-04
2016   8  12   0 -21.60  -44.45  0.45E-04
2016   8  12   0 -21.40  -44.45  0.22E-04
2016   8  12   0 -21.10  -44.45  0.20E-04
2016   8  12   0 -20.85  -44.45  0.44E-04
2016   8  12   0 -20.75  -44.45  0.21E-04
2016   8  12   0 -20.70  -44.45  0.20E-04
2016   8  12   0 -20.65  -44.45  0.43E-04
2016   8  12   0 -20.50  -44.45  0.19E-04
2016   8  12   0 -21.85  -44.40  0.46E-04
2016   8  12   0 -21.55  -44.40  0.23E-04
2016   8  12   0 -21.20  -44.40  0.20E-04
2016   8  12   0 -21.00  -44.40  0.22E-04
2016   8  12   0 -20.90  -44.40  0.42E-04
2016   8  12   0 -20.60  -44.40  0.21E-04
2016   8  12   0 -20.55  -44.40  0.20E-04
2016   8  12   0 -20.30  -44.40  0.21E-04
2016   8  12   0 -21.80  -44.35  0.23E-04
2016   8  12   0 -21.65  -44.35  0.22E-04
2016   8  12   0 -21.50  -44.35  0.22E-04
2016   8  12   0 -21.45  -44.35  0.20E-04
2016   8  12   0 -21.40  -44.35  0.20E-04
2016   8  12   0 -21.30  -44.35  0.22E-04
2016   8  12   0 -20.80  -44.35  0.43E-04
2016   8  12   0 -20.75  -44.35  0.21E-04
2016   8  12   0 -20.65  -44.35  0.21E-04
2016   8  12   0 -20.60  -44.35  0.21E-04
2016   8  12   0 -20.55  -44.35  0.21E-04
2016   8  12   0 -21.70  -44.30  0.23E-04
2016   8  12   0 -21.50  -44.30  0.23E-04
2016   8  12   0 -21.25  -44.30  0.22E-04
2016   8  12   0 -20.90  -44.30  0.22E-04
2016   8  12   0 -20.85  -44.30  0.22E-04
2016   8  12   0 -20.40  -44.30  0.21E-04
2016   8  12   0 -20.35  -44.30  0.21E-04
2016   8  12   0 -20.30  -44.30  0.21E-04
2016   8  12   0 -21.40  -44.25  0.23E-04
2016   8  12   0 -21.25  -44.25  0.20E-04
2016   8  12   0 -21.20  -44.25  0.22E-04
2016   8  12   0 -21.15  -44.25  0.44E-04
2016   8  12   0 -21.10  -44.25  0.22E-04
2016   8  12   0 -21.00  -44.25  0.22E-04
2016   8  12   0 -20.90  -44.25  0.65E-04
2016   8  12   0 -20.60  -44.25  0.22E-04
2016   8  12   0 -20.40  -44.25  0.21E-04
2016   8  12   0 -21.65  -44.20  0.23E-04
2016   8  12   0 -21.60  -44.20  0.23E-04
2016   8  12   0 -21.20  -44.20  0.20E-04
2016   8  12   0 -21.15  -44.20  0.22E-04
2016   8  12   0 -21.00  -44.20  0.22E-04
2016   8  12   0 -20.95  -44.20  0.22E-04
2016   8  12   0 -20.85  -44.20  0.22E-04
2016   8  12   0 -20.75  -44.20  0.22E-04
2016   8  12   0 -20.60  -44.20  0.20E-04
2016   8  12   0 -21.35  -44.15  0.22E-04
2016   8  12   0 -21.25  -44.15  0.22E-04
2016   8  12   0 -21.15  -44.15  0.20E-04
2016   8  12   0 -21.00  -44.15  0.20E-04
2016   8  12   0 -20.90  -44.15  0.41E-04
2016   8  12   0 -20.85  -44.15  0.43E-04
2016   8  12   0 -20.65  -44.15  0.22E-04
2016   8  12   0 -20.60  -44.15  0.20E-04
2016   8  12   0 -20.45  -44.15  0.22E-04
2016   8  12   0 -20.40  -44.15  0.19E-04
2016   8  12   0 -21.50  -44.10  0.22E-04
2016   8  12   0 -21.35  -44.10  0.22E-04
2016   8  12   0 -21.30  -44.10  0.22E-04
2016   8  12   0 -21.00  -44.10  0.20E-04
2016   8  12   0 -20.95  -44.10  0.64E-04
2016   8  12   0 -20.85  -44.10  0.21E-04
2016   8  12   0 -20.80  -44.10  0.22E-04
2016   8  12   0 -20.75  -44.10  0.21E-04
2016   8  12   0 -21.35  -44.05  0.22E-04
2016   8  12   0 -21.15  -44.05  0.22E-04
2016   8  12   0 -21.00  -44.05  0.22E-04
2016   8  12   0 -20.85  -44.05  0.41E-04
2016   8  12   0 -20.70  -44.05  0.22E-04
2016   8  12   0 -20.65  -44.05  0.21E-04
2016   8  12   0 -20.50  -44.05  0.19E-04
2016   8  12   0 -21.75  -44.00  0.23E-04
2016   8  12   0 -21.45  -44.00  0.22E-04
2016   8  12   0 -21.35  -44.00  0.44E-04
2016   8  12   0 -21.30  -44.00  0.22E-04
2016   8  12   0 -21.00  -44.00  0.20E-04
2016   8  12   0 -20.70  -44.00  0.22E-04
2016   8  12   0 -20.65  -44.00  0.21E-04
2016   8  12   0 -20.30  -44.00  0.19E-04
2016   8  12   0 -20.25  -44.00  0.19E-04
2016   8  12   0 -21.75  -43.95  0.23E-04
2016   8  12   0 -21.35  -43.95  0.22E-04
2016   8  12   0 -21.05  -43.95  0.44E-04
2016   8  12   0 -20.95  -43.95  0.22E-04
2016   8  12   0 -20.80  -43.95  0.21E-04
2016   8  12   0 -20.55  -43.95  0.21E-04
2016   8  12   0 -21.50  -43.90  0.22E-04
2016   8  12   0 -21.35  -43.90  0.22E-04
2016   8  12   0 -20.95  -43.90  0.20E-04
2016   8  12   0 -20.65  -43.90  0.22E-04
2016   8  12   0 -20.60  -43.90  0.22E-04
2016   8  12   0 -21.40  -43.85  0.22E-04
2016   8  12   0 -20.75  -43.85  0.22E-04
2016   8  12   0 -21.00  -43.80  0.20E-04
2016   8  12   0 -20.90  -43.80  0.22E-04
2016   8  12   0 -20.85  -43.80  0.44E-04
2016   8  12   0 -20.60  -43.80  0.21E-04
2016   8  12   0 -20.50  -43.80  0.21E-04
2016   8  12   0 -20.95  -43.75  0.22E-04
2016   8  12   0 -20.70  -43.75  0.22E-04
2016   8  12   0 -21.15  -43.70  0.22E-04
2016   8  12   0 -20.70  -43.70  0.21E-04
2016   8  12   0 -20.65  -43.70  0.21E-04
2016   8  12   0 -20.60  -43.65  0.42E-04
2016   8  12   0 -20.55  -43.65  0.21E-04
2016   8  12   0 -20.80  -43.60  0.39E-04
2016   8  12   0 -20.60  -43.55  0.19E-04
2016   8  12   0 -20.45  -43.50  0.19E-04
2016   8  12   0 -21.55  -43.45  0.22E-04
2016   8  12   0 -21.20  -43.40  0.22E-04
2016   8  12   0 -21.00  -43.40  0.20E-04
2016   8  12   0 -21.35  -43.35  0.40E-04
2016   8  12   0 -21.35  -43.30  0.22E-04
2016   8  12   0 -20.40  -43.30  0.21E-04
2016   8  12   0 -20.35  -43.25  0.19E-04
2016   8  12   0 -20.80  -43.20  0.22E-04
2016   8  12   0 -20.95  -43.05  0.20E-04
2016   8  12   0 -21.20  -43.00  0.22E-04
2016   8  12   0 -20.65  -43.00  0.19E-04
2016   8  12   0 -20.55  -43.00  0.19E-04
2016   8  12   0 -21.05  -42.25  0.21E-04
2016   8  12   0 -21.00  -41.70  0.21E-04
