YEAR  MO  DA  HR    LAT     LON Rn2200010
2016   6  22  12 -24.35  -48.20  0.64E-04
2016   6  22  12 -23.95  -48.20  0.24E-04
2016   6  22  12 -23.80  -48.20  0.21E-04
2016   6  22  12 -24.60  -48.15  0.21E-04
2016   6  22  12 -24.10  -48.15  0.21E-04
2016   6  22  12 -24.05  -48.15  0.24E-04
2016   6  22  12 -24.00  -48.15  0.48E-04
2016   6  22  12 -23.75  -48.15  0.21E-04
2016   6  22  12 -23.70  -48.15  0.43E-04
2016   6  22  12 -23.55  -48.15  0.21E-04
2016   6  22  12 -24.05  -48.10  0.48E-04
2016   6  22  12 -23.85  -48.10  0.43E-04
2016   6  22  12 -23.70  -48.10  0.43E-04
2016   6  22  12 -23.65  -48.10  0.43E-04
2016   6  22  12 -23.45  -48.10  0.21E-04
2016   6  22  12 -23.40  -48.10  0.21E-04
2016   6  22  12 -24.45  -48.05  0.65E-04
2016   6  22  12 -24.40  -48.05  0.22E-04
2016   6  22  12 -24.20  -48.05  0.24E-04
2016   6  22  12 -24.10  -48.05  0.24E-04
2016   6  22  12 -24.00  -48.05  0.24E-04
2016   6  22  12 -23.95  -48.05  0.24E-04
2016   6  22  12 -23.90  -48.05  0.22E-04
2016   6  22  12 -23.85  -48.05  0.24E-04
2016   6  22  12 -23.80  -48.05  0.48E-04
2016   6  22  12 -23.75  -48.05  0.21E-04
2016   6  22  12 -23.70  -48.05  0.21E-04
2016   6  22  12 -23.65  -48.05  0.69E-04
2016   6  22  12 -23.60  -48.05  0.21E-04
2016   6  22  12 -23.55  -48.05  0.43E-04
2016   6  22  12 -23.40  -48.05  0.21E-04
2016   6  22  12 -23.35  -48.05  0.85E-04
2016   6  22  12 -24.45  -48.00  0.43E-04
2016   6  22  12 -24.35  -48.00  0.43E-04
2016   6  22  12 -24.10  -48.00  0.21E-04
2016   6  22  12 -24.05  -48.00  0.24E-04
2016   6  22  12 -24.00  -48.00  0.72E-04
2016   6  22  12 -23.95  -48.00  0.72E-04
2016   6  22  12 -23.90  -48.00  0.24E-04
2016   6  22  12 -23.80  -48.00  0.69E-04
2016   6  22  12 -23.70  -48.00  0.69E-04
2016   6  22  12 -23.65  -48.00  0.43E-04
2016   6  22  12 -23.60  -48.00  0.90E-04
2016   6  22  12 -23.55  -48.00  0.43E-04
2016   6  22  12 -23.50  -48.00  0.64E-04
2016   6  22  12 -23.45  -48.00  0.21E-04
2016   6  22  12 -23.40  -48.00  0.21E-04
2016   6  22  12 -24.40  -47.95  0.43E-04
2016   6  22  12 -24.35  -47.95  0.24E-04
2016   6  22  12 -24.25  -47.95  0.24E-04
2016   6  22  12 -24.20  -47.95  0.43E-04
2016   6  22  12 -24.15  -47.95  0.48E-04
2016   6  22  12 -24.10  -47.95  0.17E-03
2016   6  22  12 -24.05  -47.95  0.48E-04
2016   6  22  12 -24.00  -47.95  0.24E-04
2016   6  22  12 -23.95  -47.95  0.24E-04
2016   6  22  12 -23.85  -47.95  0.21E-04
2016   6  22  12 -23.80  -47.95  0.15E-03
2016   6  22  12 -23.75  -47.95  0.24E-04
2016   6  22  12 -23.70  -47.95  0.45E-04
2016   6  22  12 -23.65  -47.95  0.64E-04
2016   6  22  12 -23.55  -47.95  0.43E-04
2016   6  22  12 -23.50  -47.95  0.13E-03
2016   6  22  12 -23.45  -47.95  0.11E-03
2016   6  22  12 -23.40  -47.95  0.64E-04
2016   6  22  12 -24.45  -47.90  0.22E-04
2016   6  22  12 -24.40  -47.90  0.91E-04
2016   6  22  12 -24.35  -47.90  0.21E-04
2016   6  22  12 -24.25  -47.90  0.24E-04
2016   6  22  12 -24.20  -47.90  0.21E-04
2016   6  22  12 -24.15  -47.90  0.69E-04
2016   6  22  12 -24.10  -47.90  0.24E-04
2016   6  22  12 -24.00  -47.90  0.14E-03
2016   6  22  12 -23.95  -47.90  0.48E-04
2016   6  22  12 -23.90  -47.90  0.91E-04
2016   6  22  12 -23.85  -47.90  0.70E-04
2016   6  22  12 -23.80  -47.90  0.14E-03
2016   6  22  12 -23.75  -47.90  0.96E-04
2016   6  22  12 -23.70  -47.90  0.20E-03
2016   6  22  12 -23.50  -47.90  0.64E-04
2016   6  22  12 -23.45  -47.90  0.21E-04
2016   6  22  12 -23.40  -47.90  0.66E-04
2016   6  22  12 -24.40  -47.85  0.48E-04
2016   6  22  12 -24.35  -47.85  0.21E-04
2016   6  22  12 -24.25  -47.85  0.43E-04
2016   6  22  12 -24.20  -47.85  0.46E-04
2016   6  22  12 -24.15  -47.85  0.48E-04
2016   6  22  12 -24.10  -47.85  0.49E-04
2016   6  22  12 -24.05  -47.85  0.21E-03
2016   6  22  12 -24.00  -47.85  0.27E-03
2016   6  22  12 -23.95  -47.85  0.96E-04
2016   6  22  12 -23.90  -47.85  0.16E-03
2016   6  22  12 -23.85  -47.85  0.14E-03
2016   6  22  12 -23.80  -47.85  0.14E-03
2016   6  22  12 -23.75  -47.85  0.65E-04
2016   6  22  12 -23.70  -47.85  0.24E-04
2016   6  22  12 -23.65  -47.85  0.43E-04
2016   6  22  12 -23.60  -47.85  0.13E-03
2016   6  22  12 -23.55  -47.85  0.21E-04
2016   6  22  12 -23.50  -47.85  0.43E-04
2016   6  22  12 -23.45  -47.85  0.69E-04
2016   6  22  12 -23.40  -47.85  0.21E-04
2016   6  22  12 -23.30  -47.85  0.43E-04
2016   6  22  12 -24.50  -47.80  0.43E-04
2016   6  22  12 -24.30  -47.80  0.22E-04
2016   6  22  12 -24.25  -47.80  0.43E-04
2016   6  22  12 -24.20  -47.80  0.70E-04
2016   6  22  12 -24.15  -47.80  0.17E-03
2016   6  22  12 -24.10  -47.80  0.12E-03
2016   6  22  12 -24.05  -47.80  0.90E-04
2016   6  22  12 -24.00  -47.80  0.97E-04
2016   6  22  12 -23.95  -47.80  0.11E-03
2016   6  22  12 -23.90  -47.80  0.29E-03
2016   6  22  12 -23.85  -47.80  0.34E-03
2016   6  22  12 -23.80  -47.80  0.21E-03
2016   6  22  12 -23.75  -47.80  0.67E-04
2016   6  22  12 -23.70  -47.80  0.18E-03
2016   6  22  12 -23.65  -47.80  0.11E-03
2016   6  22  12 -23.60  -47.80  0.69E-04
2016   6  22  12 -23.55  -47.80  0.67E-04
2016   6  22  12 -23.50  -47.80  0.45E-04
2016   6  22  12 -24.45  -47.75  0.24E-04
2016   6  22  12 -24.30  -47.75  0.87E-04
2016   6  22  12 -24.25  -47.75  0.89E-04
2016   6  22  12 -24.10  -47.75  0.25E-04
2016   6  22  12 -24.05  -47.75  0.24E-04
2016   6  22  12 -24.00  -47.75  0.15E-03
2016   6  22  12 -23.95  -47.75  0.27E-03
2016   6  22  12 -23.90  -47.75  0.12E-03
2016   6  22  12 -23.85  -47.75  0.90E-04
2016   6  22  12 -23.80  -47.75  0.21E-03
2016   6  22  12 -23.75  -47.75  0.16E-03
2016   6  22  12 -23.70  -47.75  0.14E-03
2016   6  22  12 -23.65  -47.75  0.25E-03
2016   6  22  12 -23.60  -47.75  0.65E-04
2016   6  22  12 -23.55  -47.75  0.43E-04
2016   6  22  12 -23.50  -47.75  0.43E-04
2016   6  22  12 -23.45  -47.75  0.43E-04
2016   6  22  12 -23.40  -47.75  0.43E-04
2016   6  22  12 -24.50  -47.70  0.49E-04
2016   6  22  12 -24.30  -47.70  0.44E-04
2016   6  22  12 -24.25  -47.70  0.24E-04
2016   6  22  12 -24.15  -47.70  0.44E-04
2016   6  22  12 -24.10  -47.70  0.73E-04
2016   6  22  12 -24.05  -47.70  0.24E-03
2016   6  22  12 -24.00  -47.70  0.27E-03
2016   6  22  12 -23.95  -47.70  0.12E-03
2016   6  22  12 -23.90  -47.70  0.30E-03
2016   6  22  12 -23.85  -47.70  0.29E-03
2016   6  22  12 -23.80  -47.70  0.26E-03
2016   6  22  12 -23.75  -47.70  0.19E-03
2016   6  22  12 -23.70  -47.70  0.13E-03
2016   6  22  12 -23.65  -47.70  0.45E-04
2016   6  22  12 -23.60  -47.70  0.46E-04
2016   6  22  12 -23.55  -47.70  0.11E-03
2016   6  22  12 -23.50  -47.70  0.65E-04
2016   6  22  12 -23.45  -47.70  0.21E-04
2016   6  22  12 -23.40  -47.70  0.65E-04
2016   6  22  12 -23.35  -47.70  0.22E-04
2016   6  22  12 -23.25  -47.70  0.42E-04
2016   6  22  12 -24.40  -47.65  0.24E-04
2016   6  22  12 -24.35  -47.65  0.37E-04
2016   6  22  12 -24.30  -47.65  0.24E-04
2016   6  22  12 -24.25  -47.65  0.24E-04
2016   6  22  12 -24.20  -47.65  0.46E-04
2016   6  22  12 -24.15  -47.65  0.49E-04
2016   6  22  12 -24.10  -47.65  0.73E-04
2016   6  22  12 -24.05  -47.65  0.15E-03
2016   6  22  12 -23.95  -47.65  0.19E-03
2016   6  22  12 -23.90  -47.65  0.54E-03
2016   6  22  12 -23.85  -47.65  0.16E-03
2016   6  22  12 -23.80  -47.65  0.22E-03
2016   6  22  12 -23.75  -47.65  0.70E-04
2016   6  22  12 -23.70  -47.65  0.22E-03
2016   6  22  12 -23.65  -47.65  0.91E-04
2016   6  22  12 -23.60  -47.65  0.14E-03
2016   6  22  12 -23.55  -47.65  0.11E-03
2016   6  22  12 -23.50  -47.65  0.72E-04
2016   6  22  12 -23.45  -47.65  0.64E-04
2016   6  22  12 -23.40  -47.65  0.65E-04
2016   6  22  12 -23.35  -47.65  0.22E-04
2016   6  22  12 -24.30  -47.60  0.49E-04
2016   6  22  12 -24.25  -47.60  0.49E-04
2016   6  22  12 -24.20  -47.60  0.74E-04
2016   6  22  12 -24.15  -47.60  0.97E-04
2016   6  22  12 -24.10  -47.60  0.12E-03
2016   6  22  12 -24.05  -47.60  0.49E-04
2016   6  22  12 -24.00  -47.60  0.15E-03
2016   6  22  12 -23.95  -47.60  0.38E-03
2016   6  22  12 -23.90  -47.60  0.29E-03
2016   6  22  12 -23.85  -47.60  0.20E-03
2016   6  22  12 -23.80  -47.60  0.14E-03
2016   6  22  12 -23.75  -47.60  0.24E-03
2016   6  22  12 -23.70  -47.60  0.20E-03
2016   6  22  12 -23.65  -47.60  0.96E-04
2016   6  22  12 -23.60  -47.60  0.10E-03
2016   6  22  12 -23.55  -47.60  0.22E-04
2016   6  22  12 -23.50  -47.60  0.11E-03
2016   6  22  12 -23.40  -47.60  0.87E-04
2016   6  22  12 -24.20  -47.55  0.73E-04
2016   6  22  12 -24.10  -47.55  0.25E-04
2016   6  22  12 -24.05  -47.55  0.74E-04
2016   6  22  12 -24.00  -47.55  0.14E-03
2016   6  22  12 -23.95  -47.55  0.22E-03
2016   6  22  12 -23.90  -47.55  0.24E-03
2016   6  22  12 -23.85  -47.55  0.12E-03
2016   6  22  12 -23.80  -47.55  0.95E-04
2016   6  22  12 -23.75  -47.55  0.28E-03
2016   6  22  12 -23.70  -47.55  0.29E-03
2016   6  22  12 -23.60  -47.55  0.13E-03
2016   6  22  12 -23.55  -47.55  0.80E-04
2016   6  22  12 -23.45  -47.55  0.58E-04
2016   6  22  12 -23.40  -47.55  0.16E-03
2016   6  22  12 -23.35  -47.55  0.21E-04
2016   6  22  12 -24.30  -47.50  0.25E-04
2016   6  22  12 -24.25  -47.50  0.49E-04
2016   6  22  12 -24.20  -47.50  0.25E-04
2016   6  22  12 -24.10  -47.50  0.74E-04
2016   6  22  12 -24.05  -47.50  0.16E-03
2016   6  22  12 -24.00  -47.50  0.12E-03
2016   6  22  12 -23.95  -47.50  0.98E-04
2016   6  22  12 -23.90  -47.50  0.74E-04
2016   6  22  12 -23.85  -47.50  0.16E-03
2016   6  22  12 -23.80  -47.50  0.22E-03
2016   6  22  12 -23.75  -47.50  0.21E-03
2016   6  22  12 -23.70  -47.50  0.24E-04
2016   6  22  12 -23.65  -47.50  0.20E-03
2016   6  22  12 -23.60  -47.50  0.61E-04
2016   6  22  12 -23.50  -47.50  0.87E-04
2016   6  22  12 -23.45  -47.50  0.18E-03
2016   6  22  12 -23.40  -47.50  0.22E-04
2016   6  22  12 -23.35  -47.50  0.43E-04
2016   6  22  12 -24.50  -47.45  0.24E-04
2016   6  22  12 -24.45  -47.45  0.24E-04
2016   6  22  12 -24.40  -47.45  0.49E-04
2016   6  22  12 -24.30  -47.45  0.25E-04
2016   6  22  12 -24.20  -47.45  0.25E-04
2016   6  22  12 -24.15  -47.45  0.24E-04
2016   6  22  12 -24.10  -47.45  0.25E-04
2016   6  22  12 -24.05  -47.45  0.74E-04
2016   6  22  12 -24.00  -47.45  0.74E-04
2016   6  22  12 -23.95  -47.45  0.91E-04
2016   6  22  12 -23.90  -47.45  0.25E-04
2016   6  22  12 -23.85  -47.45  0.49E-04
2016   6  22  12 -23.80  -47.45  0.18E-03
2016   6  22  12 -23.75  -47.45  0.15E-03
2016   6  22  12 -23.70  -47.45  0.61E-04
2016   6  22  12 -23.65  -47.45  0.20E-03
2016   6  22  12 -23.55  -47.45  0.85E-04
2016   6  22  12 -23.50  -47.45  0.68E-04
2016   6  22  12 -23.40  -47.45  0.80E-04
2016   6  22  12 -23.35  -47.45  0.22E-04
2016   6  22  12 -24.50  -47.40  0.24E-04
2016   6  22  12 -24.15  -47.40  0.25E-04
2016   6  22  12 -24.10  -47.40  0.25E-04
2016   6  22  12 -24.05  -47.40  0.99E-04
2016   6  22  12 -23.95  -47.40  0.14E-03
2016   6  22  12 -23.90  -47.40  0.49E-04
2016   6  22  12 -23.85  -47.40  0.11E-03
2016   6  22  12 -23.80  -47.40  0.12E-03
2016   6  22  12 -23.75  -47.40  0.99E-04
2016   6  22  12 -23.70  -47.40  0.98E-04
2016   6  22  12 -23.65  -47.40  0.37E-04
2016   6  22  12 -23.60  -47.40  0.37E-04
2016   6  22  12 -23.50  -47.40  0.37E-04
2016   6  22  12 -23.45  -47.40  0.73E-04
2016   6  22  12 -23.40  -47.40  0.58E-04
2016   6  22  12 -24.65  -47.35  0.25E-04
2016   6  22  12 -24.15  -47.35  0.25E-04
2016   6  22  12 -24.05  -47.35  0.74E-04
2016   6  22  12 -23.95  -47.35  0.17E-03
2016   6  22  12 -23.90  -47.35  0.21E-03
2016   6  22  12 -23.85  -47.35  0.25E-04
2016   6  22  12 -23.80  -47.35  0.16E-03
2016   6  22  12 -23.75  -47.35  0.86E-04
2016   6  22  12 -23.70  -47.35  0.12E-03
2016   6  22  12 -23.65  -47.35  0.74E-04
2016   6  22  12 -23.60  -47.35  0.37E-04
2016   6  22  12 -23.55  -47.35  0.11E-03
2016   6  22  12 -23.50  -47.35  0.37E-04
2016   6  22  12 -23.45  -47.35  0.73E-04
2016   6  22  12 -23.40  -47.35  0.37E-04
2016   6  22  12 -24.10  -47.30  0.50E-04
2016   6  22  12 -24.00  -47.30  0.42E-04
2016   6  22  12 -23.90  -47.30  0.50E-04
2016   6  22  12 -23.85  -47.30  0.12E-03
2016   6  22  12 -23.80  -47.30  0.74E-04
2016   6  22  12 -23.70  -47.30  0.49E-04
2016   6  22  12 -23.65  -47.30  0.15E-03
2016   6  22  12 -23.55  -47.30  0.74E-04
2016   6  22  12 -23.45  -47.30  0.37E-04
2016   6  22  12 -23.40  -47.30  0.37E-04
2016   6  22  12 -24.40  -47.25  0.25E-04
2016   6  22  12 -24.15  -47.25  0.75E-04
2016   6  22  12 -24.05  -47.25  0.99E-04
2016   6  22  12 -24.00  -47.25  0.17E-03
2016   6  22  12 -23.95  -47.25  0.25E-04
2016   6  22  12 -23.90  -47.25  0.41E-04
2016   6  22  12 -23.85  -47.25  0.18E-03
2016   6  22  12 -23.80  -47.25  0.25E-04
2016   6  22  12 -23.75  -47.25  0.82E-04
2016   6  22  12 -23.70  -47.25  0.22E-03
2016   6  22  12 -23.65  -47.25  0.74E-04
2016   6  22  12 -23.60  -47.25  0.78E-04
2016   6  22  12 -23.50  -47.25  0.22E-04
2016   6  22  12 -23.45  -47.25  0.37E-04
2016   6  22  12 -24.10  -47.20  0.50E-04
2016   6  22  12 -24.05  -47.20  0.50E-04
2016   6  22  12 -24.00  -47.20  0.75E-04
2016   6  22  12 -23.95  -47.20  0.25E-04
2016   6  22  12 -23.90  -47.20  0.50E-04
2016   6  22  12 -23.85  -47.20  0.74E-04
2016   6  22  12 -23.80  -47.20  0.17E-03
2016   6  22  12 -23.70  -47.20  0.19E-03
2016   6  22  12 -23.65  -47.20  0.78E-04
2016   6  22  12 -23.55  -47.20  0.37E-04
2016   6  22  12 -23.50  -47.20  0.36E-04
2016   6  22  12 -23.45  -47.20  0.37E-04
2016   6  22  12 -23.40  -47.20  0.37E-04
2016   6  22  12 -24.15  -47.15  0.25E-04
2016   6  22  12 -24.10  -47.15  0.50E-04
2016   6  22  12 -24.05  -47.15  0.42E-04
2016   6  22  12 -24.00  -47.15  0.12E-03
2016   6  22  12 -23.95  -47.15  0.25E-04
2016   6  22  12 -23.90  -47.15  0.19E-03
2016   6  22  12 -23.85  -47.15  0.25E-04
2016   6  22  12 -23.80  -47.15  0.41E-04
2016   6  22  12 -23.70  -47.15  0.16E-03
2016   6  22  12 -23.65  -47.15  0.12E-03
2016   6  22  12 -23.50  -47.15  0.37E-04
2016   6  22  12 -23.45  -47.15  0.37E-04
2016   6  22  12 -24.15  -47.10  0.25E-04
2016   6  22  12 -24.05  -47.10  0.42E-04
2016   6  22  12 -24.00  -47.10  0.12E-03
2016   6  22  12 -23.95  -47.10  0.75E-04
2016   6  22  12 -23.90  -47.10  0.50E-04
2016   6  22  12 -23.85  -47.10  0.25E-04
2016   6  22  12 -23.70  -47.10  0.82E-04
2016   6  22  12 -23.65  -47.10  0.25E-04
2016   6  22  12 -23.60  -47.10  0.16E-03
2016   6  22  12 -23.50  -47.10  0.19E-03
2016   6  22  12 -23.45  -47.10  0.74E-04
2016   6  22  12 -24.30  -47.05  0.25E-04
2016   6  22  12 -24.20  -47.05  0.25E-04
2016   6  22  12 -24.15  -47.05  0.25E-04
2016   6  22  12 -24.10  -47.05  0.50E-04
2016   6  22  12 -24.05  -47.05  0.50E-04
2016   6  22  12 -24.00  -47.05  0.50E-04
2016   6  22  12 -23.95  -47.05  0.10E-03
2016   6  22  12 -23.90  -47.05  0.10E-03
2016   6  22  12 -23.85  -47.05  0.11E-03
2016   6  22  12 -23.80  -47.05  0.25E-04
2016   6  22  12 -23.70  -47.05  0.83E-04
2016   6  22  12 -23.65  -47.05  0.25E-04
2016   6  22  12 -23.60  -47.05  0.83E-04
2016   6  22  12 -23.50  -47.05  0.19E-03
2016   6  22  12 -24.40  -47.00  0.25E-04
2016   6  22  12 -24.30  -47.00  0.25E-04
2016   6  22  12 -24.15  -47.00  0.25E-04
2016   6  22  12 -24.10  -47.00  0.25E-04
2016   6  22  12 -24.05  -47.00  0.25E-04
2016   6  22  12 -23.90  -47.00  0.13E-03
2016   6  22  12 -23.85  -47.00  0.23E-03
2016   6  22  12 -23.80  -47.00  0.42E-04
2016   6  22  12 -23.75  -47.00  0.42E-04
2016   6  22  12 -23.70  -47.00  0.42E-04
2016   6  22  12 -23.60  -47.00  0.16E-03
2016   6  22  12 -23.55  -47.00  0.75E-04
2016   6  22  12 -23.50  -47.00  0.75E-04
2016   6  22  12 -24.00  -46.95  0.50E-04
2016   6  22  12 -23.95  -46.95  0.25E-04
2016   6  22  12 -23.90  -46.95  0.19E-03
2016   6  22  12 -23.85  -46.95  0.67E-04
2016   6  22  12 -23.80  -46.95  0.83E-04
2016   6  22  12 -23.75  -46.95  0.37E-04
2016   6  22  12 -23.70  -46.95  0.83E-04
2016   6  22  12 -23.65  -46.95  0.42E-04
2016   6  22  12 -23.55  -46.95  0.75E-04
2016   6  22  12 -23.50  -46.95  0.37E-04
2016   6  22  12 -24.15  -46.90  0.25E-04
2016   6  22  12 -24.00  -46.90  0.50E-04
2016   6  22  12 -23.95  -46.90  0.25E-04
2016   6  22  12 -23.90  -46.90  0.25E-04
2016   6  22  12 -23.85  -46.90  0.42E-04
2016   6  22  12 -23.75  -46.90  0.13E-03
2016   6  22  12 -23.70  -46.90  0.84E-04
2016   6  22  12 -23.65  -46.90  0.13E-03
2016   6  22  12 -23.60  -46.90  0.75E-04
2016   6  22  12 -23.55  -46.90  0.75E-04
2016   6  22  12 -23.50  -46.90  0.37E-04
2016   6  22  12 -24.10  -46.85  0.25E-04
2016   6  22  12 -24.00  -46.85  0.67E-04
2016   6  22  12 -23.95  -46.85  0.25E-04
2016   6  22  12 -23.90  -46.85  0.29E-03
2016   6  22  12 -23.85  -46.85  0.15E-03
2016   6  22  12 -23.80  -46.85  0.13E-03
2016   6  22  12 -23.75  -46.85  0.25E-03
2016   6  22  12 -23.70  -46.85  0.84E-04
2016   6  22  12 -23.65  -46.85  0.42E-04
2016   6  22  12 -23.55  -46.85  0.38E-04
2016   6  22  12 -23.50  -46.85  0.11E-03
2016   6  22  12 -24.00  -46.80  0.13E-03
2016   6  22  12 -23.95  -46.80  0.10E-03
2016   6  22  12 -23.90  -46.80  0.17E-03
2016   6  22  12 -23.85  -46.80  0.28E-03
2016   6  22  12 -23.80  -46.80  0.84E-04
2016   6  22  12 -23.70  -46.80  0.13E-03
2016   6  22  12 -23.65  -46.80  0.75E-04
2016   6  22  12 -23.60  -46.80  0.79E-04
2016   6  22  12 -23.55  -46.80  0.76E-04
2016   6  22  12 -24.25  -46.75  0.25E-04
2016   6  22  12 -24.05  -46.75  0.25E-04
2016   6  22  12 -23.95  -46.75  0.50E-04
2016   6  22  12 -23.90  -46.75  0.50E-04
2016   6  22  12 -23.85  -46.75  0.15E-03
2016   6  22  12 -23.80  -46.75  0.30E-03
2016   6  22  12 -23.75  -46.75  0.42E-04
2016   6  22  12 -23.70  -46.75  0.21E-03
2016   6  22  12 -23.65  -46.75  0.76E-04
2016   6  22  12 -24.15  -46.70  0.25E-04
2016   6  22  12 -24.00  -46.70  0.50E-04
2016   6  22  12 -23.95  -46.70  0.75E-04
2016   6  22  12 -23.85  -46.70  0.30E-03
2016   6  22  12 -23.80  -46.70  0.67E-04
2016   6  22  12 -23.75  -46.70  0.42E-04
2016   6  22  12 -23.70  -46.70  0.12E-03
2016   6  22  12 -23.65  -46.70  0.20E-03
2016   6  22  12 -23.60  -46.70  0.15E-03
2016   6  22  12 -23.55  -46.70  0.76E-04
2016   6  22  12 -23.90  -46.65  0.17E-03
2016   6  22  12 -23.85  -46.65  0.23E-03
2016   6  22  12 -23.80  -46.65  0.38E-03
2016   6  22  12 -23.75  -46.65  0.18E-03
2016   6  22  12 -23.70  -46.65  0.24E-03
2016   6  22  12 -23.65  -46.65  0.12E-03
2016   6  22  12 -23.60  -46.65  0.11E-03
2016   6  22  12 -23.95  -46.60  0.25E-04
2016   6  22  12 -23.90  -46.60  0.10E-03
2016   6  22  12 -23.85  -46.60  0.56E-03
2016   6  22  12 -23.80  -46.60  0.19E-03
2016   6  22  12 -23.75  -46.60  0.42E-03
2016   6  22  12 -23.70  -46.60  0.12E-03
2016   6  22  12 -23.65  -46.60  0.19E-03
2016   6  22  12 -23.95  -46.55  0.25E-04
2016   6  22  12 -23.90  -46.55  0.25E-04
2016   6  22  12 -23.85  -46.55  0.74E-03
2016   6  22  12 -23.80  -46.55  0.37E-03
2016   6  22  12 -23.75  -46.55  0.54E-03
2016   6  22  12 -23.70  -46.55  0.47E-03
2016   6  22  12 -23.65  -46.55  0.38E-04
2016   6  22  12 -23.85  -46.50  0.13E-02
2016   6  22  12 -23.80  -46.50  0.86E-03
2016   6  22  12 -23.75  -46.50  0.76E-03
2016   6  22  12 -23.70  -46.50  0.37E-03
2016   6  22  12 -23.85  -46.45  0.21E-02
2016   6  22  12 -23.80  -46.45  0.29E-02
2016   6  22  12 -23.75  -46.45  0.66E-03
2016   6  22  12 -23.85  -46.40  0.44E-02
2016   6  22  12 -23.80  -46.40  0.38E-02
2016   6  23   0 -25.55  -49.35  0.22E-04
2016   6  23   0 -25.55  -49.30  0.45E-04
2016   6  23   0 -24.70  -49.30  0.13E-03
2016   6  23   0 -25.55  -49.25  0.22E-04
2016   6  23   0 -26.10  -49.15  0.23E-04
2016   6  23   0 -25.50  -49.15  0.38E-04
2016   6  23   0 -24.80  -49.15  0.37E-04
2016   6  23   0 -24.80  -49.10  0.38E-04
2016   6  23   0 -25.15  -49.05  0.45E-04
2016   6  23   0 -24.85  -49.05  0.58E-04
2016   6  23   0 -25.50  -49.00  0.39E-04
2016   6  23   0 -24.90  -49.00  0.67E-04
2016   6  23   0 -24.85  -49.00  0.33E-04
2016   6  23   0 -25.55  -48.95  0.40E-04
2016   6  23   0 -25.50  -48.95  0.20E-04
2016   6  23   0 -25.45  -48.95  0.99E-04
2016   6  23   0 -24.90  -48.95  0.34E-04
2016   6  23   0 -25.95  -48.90  0.20E-04
2016   6  23   0 -25.55  -48.90  0.20E-04
2016   6  23   0 -24.80  -48.90  0.44E-04
2016   6  23   0 -24.75  -48.90  0.88E-04
2016   6  23   0 -25.70  -48.85  0.23E-04
2016   6  23   0 -24.85  -48.85  0.68E-04
2016   6  23   0 -24.80  -48.85  0.44E-04
2016   6  23   0 -24.65  -48.85  0.21E-04
2016   6  23   0 -23.95  -48.85  0.37E-04
2016   6  23   0 -25.55  -48.80  0.20E-04
2016   6  23   0 -24.85  -48.80  0.22E-04
2016   6  23   0 -23.80  -48.80  0.34E-04
2016   6  23   0 -26.10  -48.75  0.34E-04
2016   6  23   0 -25.85  -48.75  0.23E-04
2016   6  23   0 -25.80  -48.75  0.22E-04
2016   6  23   0 -25.55  -48.75  0.43E-04
2016   6  23   0 -25.10  -48.75  0.67E-04
2016   6  23   0 -24.80  -48.75  0.60E-04
2016   6  23   0 -24.45  -48.75  0.41E-04
2016   6  23   0 -24.40  -48.75  0.20E-04
2016   6  23   0 -23.95  -48.75  0.38E-04
2016   6  23   0 -23.85  -48.75  0.20E-04
2016   6  23   0 -25.90  -48.70  0.34E-04
2016   6  23   0 -25.80  -48.70  0.45E-04
2016   6  23   0 -25.70  -48.70  0.34E-04
2016   6  23   0 -25.65  -48.70  0.38E-04
2016   6  23   0 -25.45  -48.70  0.76E-04
2016   6  23   0 -25.30  -48.70  0.34E-04
2016   6  23   0 -25.15  -48.70  0.22E-04
2016   6  23   0 -24.85  -48.70  0.33E-04
2016   6  23   0 -24.80  -48.70  0.20E-04
2016   6  23   0 -24.70  -48.70  0.20E-04
2016   6  23   0 -24.65  -48.70  0.20E-04
2016   6  23   0 -24.45  -48.70  0.41E-04
2016   6  23   0 -24.25  -48.70  0.38E-04
2016   6  23   0 -24.20  -48.70  0.23E-04
2016   6  23   0 -26.00  -48.65  0.11E-03
2016   6  23   0 -25.85  -48.65  0.23E-04
2016   6  23   0 -25.70  -48.65  0.38E-04
2016   6  23   0 -25.65  -48.65  0.77E-04
2016   6  23   0 -25.40  -48.65  0.45E-04
2016   6  23   0 -25.30  -48.65  0.45E-04
2016   6  23   0 -25.20  -48.65  0.23E-04
2016   6  23   0 -25.05  -48.65  0.67E-04
2016   6  23   0 -24.70  -48.65  0.40E-04
2016   6  23   0 -24.65  -48.65  0.23E-04
2016   6  23   0 -24.55  -48.65  0.60E-04
2016   6  23   0 -24.50  -48.65  0.67E-04
2016   6  23   0 -24.45  -48.65  0.13E-03
2016   6  23   0 -24.40  -48.65  0.22E-04
2016   6  23   0 -24.25  -48.65  0.76E-04
2016   6  23   0 -23.90  -48.65  0.59E-04
2016   6  23   0 -26.05  -48.60  0.22E-04
2016   6  23   0 -26.00  -48.60  0.45E-04
2016   6  23   0 -25.30  -48.60  0.22E-04
2016   6  23   0 -25.15  -48.60  0.23E-04
2016   6  23   0 -25.10  -48.60  0.23E-04
2016   6  23   0 -24.60  -48.60  0.21E-04
2016   6  23   0 -24.30  -48.60  0.62E-04
2016   6  23   0 -24.05  -48.60  0.23E-04
2016   6  23   0 -24.00  -48.60  0.34E-04
2016   6  23   0 -23.95  -48.60  0.22E-04
2016   6  23   0 -23.90  -48.60  0.23E-04
2016   6  23   0 -26.20  -48.55  0.22E-04
2016   6  23   0 -25.95  -48.55  0.46E-04
2016   6  23   0 -25.15  -48.55  0.22E-04
2016   6  23   0 -25.10  -48.55  0.45E-04
2016   6  23   0 -24.80  -48.55  0.22E-04
2016   6  23   0 -24.70  -48.55  0.21E-04
2016   6  23   0 -24.65  -48.55  0.21E-04
2016   6  23   0 -24.50  -48.55  0.23E-04
2016   6  23   0 -24.45  -48.55  0.60E-04
2016   6  23   0 -24.30  -48.55  0.21E-04
2016   6  23   0 -24.25  -48.55  0.41E-04
2016   6  23   0 -24.05  -48.55  0.42E-04
2016   6  23   0 -24.00  -48.55  0.45E-04
2016   6  23   0 -23.85  -48.55  0.21E-04
2016   6  23   0 -23.70  -48.55  0.33E-04
2016   6  23   0 -23.55  -48.55  0.33E-04
2016   6  23   0 -23.50  -48.55  0.21E-04
2016   6  23   0 -25.95  -48.50  0.23E-04
2016   6  23   0 -25.90  -48.50  0.22E-04
2016   6  23   0 -25.50  -48.50  0.37E-04
2016   6  23   0 -25.20  -48.50  0.21E-04
2016   6  23   0 -24.95  -48.50  0.22E-04
2016   6  23   0 -24.90  -48.50  0.18E-03
2016   6  23   0 -24.85  -48.50  0.66E-04
2016   6  23   0 -24.80  -48.50  0.22E-04
2016   6  23   0 -24.75  -48.50  0.46E-04
2016   6  23   0 -24.70  -48.50  0.91E-04
2016   6  23   0 -24.55  -48.50  0.21E-04
2016   6  23   0 -24.45  -48.50  0.21E-04
2016   6  23   0 -24.30  -48.50  0.69E-04
2016   6  23   0 -24.20  -48.50  0.38E-04
2016   6  23   0 -24.10  -48.50  0.23E-04
2016   6  23   0 -23.95  -48.50  0.20E-04
2016   6  23   0 -23.80  -48.50  0.21E-04
2016   6  23   0 -25.95  -48.45  0.23E-04
2016   6  23   0 -25.50  -48.45  0.38E-04
2016   6  23   0 -25.40  -48.45  0.21E-04
2016   6  23   0 -25.20  -48.45  0.62E-04
2016   6  23   0 -25.15  -48.45  0.38E-04
2016   6  23   0 -24.95  -48.45  0.45E-04
2016   6  23   0 -24.90  -48.45  0.45E-04
2016   6  23   0 -24.80  -48.45  0.62E-04
2016   6  23   0 -24.75  -48.45  0.21E-04
2016   6  23   0 -24.70  -48.45  0.43E-04
2016   6  23   0 -24.65  -48.45  0.15E-03
2016   6  23   0 -24.55  -48.45  0.21E-04
2016   6  23   0 -24.50  -48.45  0.24E-04
2016   6  23   0 -24.45  -48.45  0.24E-04
2016   6  23   0 -24.05  -48.45  0.68E-04
2016   6  23   0 -23.95  -48.45  0.38E-04
2016   6  23   0 -23.85  -48.45  0.21E-04
2016   6  23   0 -23.80  -48.45  0.21E-04
2016   6  23   0 -26.60  -48.40  0.34E-04
2016   6  23   0 -26.15  -48.40  0.23E-04
2016   6  23   0 -26.05  -48.40  0.39E-04
2016   6  23   0 -25.95  -48.40  0.46E-04
2016   6  23   0 -25.70  -48.40  0.39E-04
2016   6  23   0 -25.60  -48.40  0.21E-04
2016   6  23   0 -25.40  -48.40  0.21E-04
2016   6  23   0 -25.30  -48.40  0.61E-04
2016   6  23   0 -24.85  -48.40  0.21E-04
2016   6  23   0 -24.80  -48.40  0.21E-04
2016   6  23   0 -24.60  -48.40  0.46E-04
2016   6  23   0 -24.50  -48.40  0.93E-04
2016   6  23   0 -24.45  -48.40  0.37E-04
2016   6  23   0 -24.30  -48.40  0.38E-04
2016   6  23   0 -24.10  -48.40  0.47E-04
2016   6  23   0 -24.00  -48.40  0.41E-04
2016   6  23   0 -23.95  -48.40  0.38E-04
2016   6  23   0 -23.80  -48.40  0.46E-04
2016   6  23   0 -23.75  -48.40  0.21E-04
2016   6  23   0 -23.60  -48.40  0.21E-04
2016   6  23   0 -23.55  -48.40  0.21E-04
2016   6  23   0 -26.60  -48.35  0.34E-04
2016   6  23   0 -26.00  -48.35  0.62E-04
2016   6  23   0 -25.75  -48.35  0.22E-04
2016   6  23   0 -25.40  -48.35  0.21E-04
2016   6  23   0 -25.25  -48.35  0.38E-04
2016   6  23   0 -25.15  -48.35  0.39E-04
2016   6  23   0 -24.85  -48.35  0.80E-04
2016   6  23   0 -24.70  -48.35  0.62E-04
2016   6  23   0 -24.65  -48.35  0.42E-04
2016   6  23   0 -24.60  -48.35  0.21E-04
2016   6  23   0 -24.55  -48.35  0.68E-04
2016   6  23   0 -24.45  -48.35  0.21E-04
2016   6  23   0 -24.40  -48.35  0.38E-04
2016   6  23   0 -24.35  -48.35  0.21E-04
2016   6  23   0 -24.30  -48.35  0.24E-04
2016   6  23   0 -24.15  -48.35  0.23E-04
2016   6  23   0 -24.10  -48.35  0.23E-04
2016   6  23   0 -24.05  -48.35  0.21E-04
2016   6  23   0 -23.95  -48.35  0.24E-04
2016   6  23   0 -23.85  -48.35  0.21E-04
2016   6  23   0 -23.80  -48.35  0.21E-04
2016   6  23   0 -23.75  -48.35  0.21E-04
2016   6  23   0 -23.65  -48.35  0.63E-04
2016   6  23   0 -26.35  -48.30  0.24E-04
2016   6  23   0 -25.90  -48.30  0.38E-04
2016   6  23   0 -25.80  -48.30  0.47E-04
2016   6  23   0 -25.70  -48.30  0.39E-04
2016   6  23   0 -25.30  -48.30  0.23E-04
2016   6  23   0 -25.25  -48.30  0.23E-04
2016   6  23   0 -24.90  -48.30  0.76E-04
2016   6  23   0 -24.85  -48.30  0.10E-03
2016   6  23   0 -24.75  -48.30  0.45E-04
2016   6  23   0 -24.65  -48.30  0.21E-04
2016   6  23   0 -24.60  -48.30  0.68E-04
2016   6  23   0 -24.55  -48.30  0.23E-04
2016   6  23   0 -24.50  -48.30  0.21E-04
2016   6  23   0 -24.40  -48.30  0.42E-04
2016   6  23   0 -24.25  -48.30  0.38E-04
2016   6  23   0 -24.20  -48.30  0.24E-04
2016   6  23   0 -24.10  -48.30  0.46E-04
2016   6  23   0 -24.00  -48.30  0.23E-04
2016   6  23   0 -23.95  -48.30  0.24E-04
2016   6  23   0 -23.90  -48.30  0.47E-04
2016   6  23   0 -23.85  -48.30  0.11E-03
2016   6  23   0 -23.80  -48.30  0.24E-04
2016   6  23   0 -23.65  -48.30  0.21E-04
2016   6  23   0 -23.50  -48.30  0.42E-04
2016   6  23   0 -23.45  -48.30  0.21E-04
2016   6  23   0 -26.25  -48.25  0.23E-04
2016   6  23   0 -26.20  -48.25  0.46E-04
2016   6  23   0 -26.10  -48.25  0.23E-04
2016   6  23   0 -25.85  -48.25  0.23E-04
2016   6  23   0 -25.75  -48.25  0.23E-04
2016   6  23   0 -25.70  -48.25  0.23E-04
2016   6  23   0 -25.60  -48.25  0.39E-04
2016   6  23   0 -25.55  -48.25  0.23E-04
2016   6  23   0 -25.45  -48.25  0.21E-04
2016   6  23   0 -25.35  -48.25  0.39E-04
2016   6  23   0 -25.25  -48.25  0.23E-04
2016   6  23   0 -25.15  -48.25  0.69E-04
2016   6  23   0 -24.90  -48.25  0.10E-03
2016   6  23   0 -24.75  -48.25  0.61E-04
2016   6  23   0 -24.70  -48.25  0.20E-04
2016   6  23   0 -24.60  -48.25  0.21E-04
2016   6  23   0 -24.50  -48.25  0.14E-03
2016   6  23   0 -24.45  -48.25  0.44E-04
2016   6  23   0 -24.40  -48.25  0.46E-04
2016   6  23   0 -24.30  -48.25  0.39E-04
2016   6  23   0 -24.10  -48.25  0.23E-04
2016   6  23   0 -24.00  -48.25  0.47E-04
2016   6  23   0 -23.90  -48.25  0.47E-04
2016   6  23   0 -23.80  -48.25  0.24E-04
2016   6  23   0 -23.75  -48.25  0.21E-04
2016   6  23   0 -23.70  -48.25  0.21E-04
2016   6  23   0 -23.55  -48.25  0.21E-04
2016   6  23   0 -23.50  -48.25  0.21E-04
2016   6  23   0 -23.35  -48.25  0.21E-04
2016   6  23   0 -23.30  -48.25  0.21E-04
2016   6  23   0 -25.90  -48.20  0.23E-04
2016   6  23   0 -25.85  -48.20  0.23E-04
2016   6  23   0 -25.70  -48.20  0.46E-04
2016   6  23   0 -25.45  -48.20  0.23E-04
2016   6  23   0 -25.25  -48.20  0.45E-04
2016   6  23   0 -25.20  -48.20  0.23E-04
2016   6  23   0 -25.15  -48.20  0.92E-04
2016   6  23   0 -24.90  -48.20  0.95E-04
2016   6  23   0 -24.75  -48.20  0.45E-04
2016   6  23   0 -24.70  -48.20  0.21E-04
2016   6  23   0 -24.65  -48.20  0.21E-04
2016   6  23   0 -24.60  -48.20  0.12E-03
2016   6  23   0 -24.55  -48.20  0.72E-04
2016   6  23   0 -24.45  -48.20  0.38E-04
2016   6  23   0 -24.40  -48.20  0.57E-04
2016   6  23   0 -24.20  -48.20  0.24E-04
2016   6  23   0 -24.05  -48.20  0.92E-04
2016   6  23   0 -24.00  -48.20  0.24E-04
2016   6  23   0 -23.95  -48.20  0.23E-04
2016   6  23   0 -23.90  -48.20  0.23E-04
2016   6  23   0 -23.85  -48.20  0.23E-04
2016   6  23   0 -23.80  -48.20  0.47E-04
2016   6  23   0 -23.75  -48.20  0.23E-04
2016   6  23   0 -23.60  -48.20  0.24E-04
2016   6  23   0 -23.40  -48.20  0.63E-04
2016   6  23   0 -23.30  -48.20  0.21E-04
2016   6  23   0 -26.10  -48.15  0.23E-04
2016   6  23   0 -25.95  -48.15  0.39E-04
2016   6  23   0 -25.75  -48.15  0.23E-04
2016   6  23   0 -25.70  -48.15  0.23E-04
2016   6  23   0 -25.25  -48.15  0.46E-04
2016   6  23   0 -25.20  -48.15  0.23E-04
2016   6  23   0 -25.15  -48.15  0.24E-04
2016   6  23   0 -24.95  -48.15  0.63E-04
2016   6  23   0 -24.85  -48.15  0.46E-04
2016   6  23   0 -24.70  -48.15  0.45E-04
2016   6  23   0 -24.65  -48.15  0.86E-04
2016   6  23   0 -24.60  -48.15  0.14E-03
2016   6  23   0 -24.55  -48.15  0.14E-03
2016   6  23   0 -24.50  -48.15  0.70E-04
2016   6  23   0 -24.45  -48.15  0.47E-04
2016   6  23   0 -24.35  -48.15  0.48E-04
2016   6  23   0 -24.20  -48.15  0.45E-04
2016   6  23   0 -24.05  -48.15  0.24E-04
2016   6  23   0 -24.00  -48.15  0.21E-04
2016   6  23   0 -23.95  -48.15  0.47E-04
2016   6  23   0 -23.85  -48.15  0.47E-04
2016   6  23   0 -23.80  -48.15  0.47E-04
2016   6  23   0 -23.75  -48.15  0.21E-04
2016   6  23   0 -23.70  -48.15  0.13E-03
2016   6  23   0 -23.65  -48.15  0.24E-04
2016   6  23   0 -23.55  -48.15  0.42E-04
2016   6  23   0 -23.40  -48.15  0.21E-04
2016   6  23   0 -23.35  -48.15  0.42E-04
2016   6  23   0 -23.30  -48.15  0.42E-04
2016   6  23   0 -23.25  -48.15  0.21E-04
2016   6  23   0 -26.15  -48.10  0.23E-04
2016   6  23   0 -25.95  -48.10  0.24E-04
2016   6  23   0 -25.85  -48.10  0.39E-04
2016   6  23   0 -25.45  -48.10  0.23E-04
2016   6  23   0 -25.10  -48.10  0.24E-04
2016   6  23   0 -25.05  -48.10  0.23E-04
2016   6  23   0 -24.90  -48.10  0.38E-04
2016   6  23   0 -24.85  -48.10  0.21E-04
2016   6  23   0 -24.75  -48.10  0.21E-04
2016   6  23   0 -24.65  -48.10  0.83E-04
2016   6  23   0 -24.60  -48.10  0.46E-04
2016   6  23   0 -24.50  -48.10  0.23E-04
2016   6  23   0 -24.45  -48.10  0.24E-04
2016   6  23   0 -24.40  -48.10  0.24E-04
2016   6  23   0 -24.30  -48.10  0.24E-04
2016   6  23   0 -24.25  -48.10  0.94E-04
2016   6  23   0 -24.20  -48.10  0.24E-04
2016   6  23   0 -24.15  -48.10  0.23E-04
2016   6  23   0 -24.05  -48.10  0.24E-04
2016   6  23   0 -24.00  -48.10  0.21E-04
2016   6  23   0 -23.95  -48.10  0.24E-04
2016   6  23   0 -23.90  -48.10  0.47E-04
2016   6  23   0 -23.85  -48.10  0.47E-04
2016   6  23   0 -23.80  -48.10  0.24E-04
2016   6  23   0 -23.75  -48.10  0.45E-04
2016   6  23   0 -23.65  -48.10  0.90E-04
2016   6  23   0 -23.60  -48.10  0.63E-04
2016   6  23   0 -23.40  -48.10  0.21E-04
2016   6  23   0 -23.35  -48.10  0.21E-04
2016   6  23   0 -25.95  -48.05  0.23E-04
2016   6  23   0 -25.40  -48.05  0.47E-04
2016   6  23   0 -25.35  -48.05  0.23E-04
2016   6  23   0 -25.25  -48.05  0.24E-04
2016   6  23   0 -25.05  -48.05  0.68E-04
2016   6  23   0 -25.00  -48.05  0.21E-04
2016   6  23   0 -24.90  -48.05  0.47E-04
2016   6  23   0 -24.75  -48.05  0.91E-04
2016   6  23   0 -24.70  -48.05  0.23E-04
2016   6  23   0 -24.65  -48.05  0.24E-04
2016   6  23   0 -24.60  -48.05  0.23E-04
2016   6  23   0 -24.55  -48.05  0.67E-04
2016   6  23   0 -24.45  -48.05  0.11E-03
2016   6  23   0 -24.40  -48.05  0.16E-03
2016   6  23   0 -24.35  -48.05  0.43E-04
2016   6  23   0 -24.30  -48.05  0.72E-04
2016   6  23   0 -24.25  -48.05  0.12E-03
2016   6  23   0 -24.05  -48.05  0.69E-04
2016   6  23   0 -24.00  -48.05  0.94E-04
2016   6  23   0 -23.90  -48.05  0.71E-04
2016   6  23   0 -23.85  -48.05  0.12E-03
2016   6  23   0 -23.75  -48.05  0.45E-04
2016   6  23   0 -23.70  -48.05  0.23E-04
2016   6  23   0 -23.65  -48.05  0.69E-04
2016   6  23   0 -23.55  -48.05  0.24E-04
2016   6  23   0 -23.45  -48.05  0.21E-04
2016   6  23   0 -23.40  -48.05  0.42E-04
2016   6  23   0 -26.65  -48.00  0.23E-04
2016   6  23   0 -25.90  -48.00  0.23E-04
2016   6  23   0 -25.65  -48.00  0.23E-04
2016   6  23   0 -25.40  -48.00  0.79E-04
2016   6  23   0 -25.25  -48.00  0.79E-04
2016   6  23   0 -25.20  -48.00  0.24E-04
2016   6  23   0 -24.80  -48.00  0.93E-04
2016   6  23   0 -24.75  -48.00  0.44E-04
2016   6  23   0 -24.65  -48.00  0.62E-04
2016   6  23   0 -24.60  -48.00  0.69E-04
2016   6  23   0 -24.55  -48.00  0.44E-04
2016   6  23   0 -24.50  -48.00  0.24E-04
2016   6  23   0 -24.45  -48.00  0.24E-04
2016   6  23   0 -24.35  -48.00  0.45E-04
2016   6  23   0 -24.30  -48.00  0.48E-04
2016   6  23   0 -24.15  -48.00  0.47E-04
2016   6  23   0 -24.10  -48.00  0.85E-04
2016   6  23   0 -24.05  -48.00  0.14E-03
2016   6  23   0 -23.95  -48.00  0.72E-04
2016   6  23   0 -23.90  -48.00  0.71E-04
2016   6  23   0 -23.85  -48.00  0.43E-04
2016   6  23   0 -23.80  -48.00  0.24E-04
2016   6  23   0 -23.75  -48.00  0.45E-04
2016   6  23   0 -23.70  -48.00  0.47E-04
2016   6  23   0 -23.65  -48.00  0.47E-04
2016   6  23   0 -23.55  -48.00  0.47E-04
2016   6  23   0 -25.90  -47.95  0.23E-04
2016   6  23   0 -25.40  -47.95  0.48E-04
2016   6  23   0 -25.15  -47.95  0.78E-04
2016   6  23   0 -24.95  -47.95  0.63E-04
2016   6  23   0 -24.85  -47.95  0.69E-04
2016   6  23   0 -24.80  -47.95  0.48E-04
2016   6  23   0 -24.75  -47.95  0.24E-04
2016   6  23   0 -24.70  -47.95  0.24E-04
2016   6  23   0 -24.65  -47.95  0.62E-04
2016   6  23   0 -24.60  -47.95  0.93E-04
2016   6  23   0 -24.55  -47.95  0.46E-04
2016   6  23   0 -24.50  -47.95  0.11E-03
2016   6  23   0 -24.45  -47.95  0.69E-04
2016   6  23   0 -24.30  -47.95  0.95E-04
2016   6  23   0 -24.25  -47.95  0.48E-04
2016   6  23   0 -24.15  -47.95  0.96E-04
2016   6  23   0 -24.10  -47.95  0.72E-04
2016   6  23   0 -24.05  -47.95  0.48E-04
2016   6  23   0 -24.00  -47.95  0.48E-04
2016   6  23   0 -23.95  -47.95  0.24E-04
2016   6  23   0 -23.90  -47.95  0.48E-04
2016   6  23   0 -23.80  -47.95  0.24E-04
2016   6  23   0 -23.75  -47.95  0.71E-04
2016   6  23   0 -23.65  -47.95  0.45E-04
2016   6  23   0 -23.55  -47.95  0.24E-04
2016   6  23   0 -23.45  -47.95  0.24E-04
2016   6  23   0 -25.90  -47.90  0.70E-04
2016   6  23   0 -25.55  -47.90  0.24E-04
2016   6  23   0 -25.50  -47.90  0.24E-04
2016   6  23   0 -25.35  -47.90  0.24E-04
2016   6  23   0 -25.25  -47.90  0.24E-04
2016   6  23   0 -25.20  -47.90  0.24E-04
2016   6  23   0 -24.75  -47.90  0.24E-04
2016   6  23   0 -24.70  -47.90  0.45E-04
2016   6  23   0 -24.65  -47.90  0.23E-04
2016   6  23   0 -24.60  -47.90  0.96E-04
2016   6  23   0 -24.55  -47.90  0.24E-04
2016   6  23   0 -24.50  -47.90  0.47E-04
2016   6  23   0 -24.45  -47.90  0.24E-04
2016   6  23   0 -24.40  -47.90  0.95E-04
2016   6  23   0 -24.35  -47.90  0.48E-04
2016   6  23   0 -24.30  -47.90  0.23E-04
2016   6  23   0 -24.20  -47.90  0.24E-04
2016   6  23   0 -24.15  -47.90  0.24E-04
2016   6  23   0 -24.10  -47.90  0.24E-04
2016   6  23   0 -24.00  -47.90  0.24E-04
2016   6  23   0 -23.95  -47.90  0.48E-04
2016   6  23   0 -23.80  -47.90  0.48E-04
2016   6  23   0 -23.75  -47.90  0.72E-04
2016   6  23   0 -23.70  -47.90  0.48E-04
2016   6  23   0 -23.65  -47.90  0.21E-04
2016   6  23   0 -23.60  -47.90  0.24E-04
2016   6  23   0 -23.55  -47.90  0.24E-04
2016   6  23   0 -23.40  -47.90  0.24E-04
2016   6  23   0 -26.55  -47.85  0.39E-04
2016   6  23   0 -26.15  -47.85  0.47E-04
2016   6  23   0 -25.90  -47.85  0.46E-04
2016   6  23   0 -25.80  -47.85  0.39E-04
2016   6  23   0 -25.55  -47.85  0.24E-04
2016   6  23   0 -25.50  -47.85  0.47E-04
2016   6  23   0 -25.40  -47.85  0.62E-04
2016   6  23   0 -25.25  -47.85  0.24E-04
2016   6  23   0 -25.05  -47.85  0.62E-04
2016   6  23   0 -25.00  -47.85  0.87E-04
2016   6  23   0 -24.80  -47.85  0.23E-04
2016   6  23   0 -24.75  -47.85  0.21E-03
2016   6  23   0 -24.70  -47.85  0.11E-03
2016   6  23   0 -24.50  -47.85  0.63E-04
2016   6  23   0 -24.35  -47.85  0.48E-04
2016   6  23   0 -24.30  -47.85  0.24E-04
2016   6  23   0 -24.25  -47.85  0.48E-04
2016   6  23   0 -24.20  -47.85  0.24E-04
2016   6  23   0 -24.10  -47.85  0.24E-04
2016   6  23   0 -24.05  -47.85  0.48E-04
2016   6  23   0 -23.85  -47.85  0.24E-04
2016   6  23   0 -23.80  -47.85  0.24E-04
2016   6  23   0 -23.75  -47.85  0.48E-04
2016   6  23   0 -23.70  -47.85  0.48E-04
2016   6  23   0 -23.65  -47.85  0.24E-04
2016   6  23   0 -23.55  -47.85  0.24E-04
2016   6  23   0 -25.50  -47.80  0.24E-04
2016   6  23   0 -25.10  -47.80  0.49E-04
2016   6  23   0 -25.05  -47.80  0.70E-04
2016   6  23   0 -24.85  -47.80  0.39E-04
2016   6  23   0 -24.65  -47.80  0.16E-03
2016   6  23   0 -24.60  -47.80  0.38E-04
2016   6  23   0 -24.50  -47.80  0.47E-04
2016   6  23   0 -24.45  -47.80  0.24E-04
2016   6  23   0 -24.40  -47.80  0.24E-04
2016   6  23   0 -24.35  -47.80  0.73E-04
2016   6  23   0 -24.30  -47.80  0.18E-03
2016   6  23   0 -24.25  -47.80  0.24E-04
2016   6  23   0 -24.20  -47.80  0.49E-04
2016   6  23   0 -24.15  -47.80  0.48E-04
2016   6  23   0 -24.10  -47.80  0.48E-04
2016   6  23   0 -24.05  -47.80  0.48E-04
2016   6  23   0 -24.00  -47.80  0.48E-04
2016   6  23   0 -23.90  -47.80  0.48E-04
2016   6  23   0 -23.80  -47.80  0.72E-04
2016   6  23   0 -23.75  -47.80  0.12E-03
2016   6  23   0 -23.70  -47.80  0.96E-04
2016   6  23   0 -23.65  -47.80  0.72E-04
2016   6  23   0 -23.60  -47.80  0.24E-04
2016   6  23   0 -23.25  -47.80  0.21E-04
2016   6  23   0 -26.05  -47.75  0.40E-04
2016   6  23   0 -25.65  -47.75  0.39E-04
2016   6  23   0 -25.30  -47.75  0.23E-04
2016   6  23   0 -25.25  -47.75  0.23E-04
2016   6  23   0 -25.10  -47.75  0.39E-04
2016   6  23   0 -25.05  -47.75  0.24E-04
2016   6  23   0 -24.90  -47.75  0.24E-04
2016   6  23   0 -24.55  -47.75  0.24E-04
2016   6  23   0 -24.50  -47.75  0.39E-04
2016   6  23   0 -24.45  -47.75  0.71E-04
2016   6  23   0 -24.25  -47.75  0.24E-04
2016   6  23   0 -24.20  -47.75  0.73E-04
2016   6  23   0 -24.15  -47.75  0.97E-04
2016   6  23   0 -24.10  -47.75  0.24E-04
2016   6  23   0 -23.85  -47.75  0.73E-04
2016   6  23   0 -23.70  -47.75  0.96E-04
2016   6  23   0 -26.10  -47.70  0.23E-04
2016   6  23   0 -25.30  -47.70  0.23E-04
2016   6  23   0 -25.15  -47.70  0.46E-04
2016   6  23   0 -24.95  -47.70  0.12E-03
2016   6  23   0 -24.85  -47.70  0.94E-04
2016   6  23   0 -24.80  -47.70  0.34E-03
2016   6  23   0 -24.75  -47.70  0.92E-04
2016   6  23   0 -24.70  -47.70  0.39E-04
2016   6  23   0 -24.65  -47.70  0.49E-04
2016   6  23   0 -24.55  -47.70  0.64E-04
2016   6  23   0 -24.50  -47.70  0.39E-04
2016   6  23   0 -24.40  -47.70  0.47E-04
2016   6  23   0 -24.35  -47.70  0.24E-04
2016   6  23   0 -24.30  -47.70  0.24E-04
2016   6  23   0 -24.25  -47.70  0.49E-04
2016   6  23   0 -24.20  -47.70  0.48E-04
2016   6  23   0 -24.15  -47.70  0.24E-04
2016   6  23   0 -24.10  -47.70  0.24E-04
2016   6  23   0 -23.95  -47.70  0.24E-04
2016   6  23   0 -23.90  -47.70  0.24E-04
2016   6  23   0 -23.85  -47.70  0.24E-04
2016   6  23   0 -23.80  -47.70  0.24E-04
2016   6  23   0 -23.75  -47.70  0.12E-03
2016   6  23   0 -25.10  -47.65  0.62E-04
2016   6  23   0 -24.95  -47.65  0.39E-04
2016   6  23   0 -24.85  -47.65  0.24E-04
2016   6  23   0 -24.80  -47.65  0.86E-04
2016   6  23   0 -24.75  -47.65  0.46E-04
2016   6  23   0 -24.65  -47.65  0.39E-04
2016   6  23   0 -24.45  -47.65  0.48E-04
2016   6  23   0 -24.40  -47.65  0.91E-04
2016   6  23   0 -24.35  -47.65  0.87E-04
2016   6  23   0 -24.20  -47.65  0.73E-04
2016   6  23   0 -24.15  -47.65  0.24E-04
2016   6  23   0 -24.10  -47.65  0.98E-04
2016   6  23   0 -24.00  -47.65  0.24E-04
2016   6  23   0 -23.90  -47.65  0.97E-04
2016   6  23   0 -23.85  -47.65  0.48E-04
2016   6  23   0 -23.80  -47.65  0.24E-04
2016   6  23   0 -23.75  -47.65  0.24E-04
2016   6  23   0 -23.65  -47.65  0.24E-04
2016   6  23   0 -25.55  -47.60  0.40E-04
2016   6  23   0 -25.40  -47.60  0.23E-04
2016   6  23   0 -24.90  -47.60  0.40E-04
2016   6  23   0 -24.85  -47.60  0.94E-04
2016   6  23   0 -24.80  -47.60  0.17E-03
2016   6  23   0 -24.75  -47.60  0.39E-04
2016   6  23   0 -24.65  -47.60  0.23E-04
2016   6  23   0 -24.60  -47.60  0.23E-04
2016   6  23   0 -24.50  -47.60  0.39E-04
2016   6  23   0 -24.45  -47.60  0.48E-04
2016   6  23   0 -24.35  -47.60  0.39E-04
2016   6  23   0 -24.30  -47.60  0.48E-04
2016   6  23   0 -24.25  -47.60  0.49E-04
2016   6  23   0 -24.15  -47.60  0.49E-04
2016   6  23   0 -24.10  -47.60  0.49E-04
2016   6  23   0 -24.00  -47.60  0.97E-04
2016   6  23   0 -23.95  -47.60  0.24E-04
2016   6  23   0 -23.75  -47.60  0.24E-04
2016   6  23   0 -25.45  -47.55  0.23E-04
2016   6  23   0 -25.15  -47.55  0.40E-04
2016   6  23   0 -24.90  -47.55  0.24E-04
2016   6  23   0 -24.75  -47.55  0.39E-04
2016   6  23   0 -24.70  -47.55  0.79E-04
2016   6  23   0 -24.50  -47.55  0.47E-04
2016   6  23   0 -24.45  -47.55  0.64E-04
2016   6  23   0 -24.40  -47.55  0.24E-04
2016   6  23   0 -24.35  -47.55  0.88E-04
2016   6  23   0 -24.30  -47.55  0.48E-04
2016   6  23   0 -24.25  -47.55  0.64E-04
2016   6  23   0 -24.15  -47.55  0.49E-04
2016   6  23   0 -24.05  -47.55  0.24E-04
2016   6  23   0 -24.00  -47.55  0.25E-04
2016   6  23   0 -23.85  -47.55  0.49E-04
2016   6  23   0 -23.80  -47.55  0.97E-04
2016   6  23   0 -26.20  -47.50  0.23E-04
2016   6  23   0 -26.00  -47.50  0.23E-04
2016   6  23   0 -24.90  -47.50  0.24E-04
2016   6  23   0 -24.75  -47.50  0.12E-03
2016   6  23   0 -24.70  -47.50  0.94E-04
2016   6  23   0 -24.65  -47.50  0.72E-04
2016   6  23   0 -24.60  -47.50  0.24E-04
2016   6  23   0 -24.55  -47.50  0.24E-04
2016   6  23   0 -24.50  -47.50  0.71E-04
2016   6  23   0 -24.45  -47.50  0.24E-04
2016   6  23   0 -24.40  -47.50  0.24E-04
2016   6  23   0 -24.35  -47.50  0.73E-04
2016   6  23   0 -24.25  -47.50  0.24E-04
2016   6  23   0 -24.20  -47.50  0.24E-04
2016   6  23   0 -24.15  -47.50  0.48E-04
2016   6  23   0 -24.00  -47.50  0.25E-04
2016   6  23   0 -23.95  -47.50  0.25E-04
2016   6  23   0 -23.90  -47.50  0.49E-04
2016   6  23   0 -23.85  -47.50  0.49E-04
2016   6  23   0 -23.80  -47.50  0.25E-04
2016   6  23   0 -26.05  -47.45  0.23E-04
2016   6  23   0 -24.90  -47.45  0.95E-04
2016   6  23   0 -24.75  -47.45  0.87E-04
2016   6  23   0 -24.70  -47.45  0.24E-04
2016   6  23   0 -24.60  -47.45  0.11E-03
2016   6  23   0 -24.55  -47.45  0.24E-04
2016   6  23   0 -24.50  -47.45  0.48E-04
2016   6  23   0 -24.45  -47.45  0.24E-04
2016   6  23   0 -24.40  -47.45  0.72E-04
2016   6  23   0 -24.35  -47.45  0.97E-04
2016   6  23   0 -24.25  -47.45  0.24E-04
2016   6  23   0 -24.20  -47.45  0.24E-04
2016   6  23   0 -24.15  -47.45  0.49E-04
2016   6  23   0 -24.10  -47.45  0.24E-04
2016   6  23   0 -24.05  -47.45  0.49E-04
2016   6  23   0 -24.00  -47.45  0.49E-04
2016   6  23   0 -23.85  -47.45  0.25E-04
2016   6  23   0 -25.00  -47.40  0.23E-04
2016   6  23   0 -24.85  -47.40  0.24E-04
2016   6  23   0 -24.75  -47.40  0.23E-04
2016   6  23   0 -24.70  -47.40  0.13E-03
2016   6  23   0 -24.60  -47.40  0.24E-04
2016   6  23   0 -24.55  -47.40  0.73E-04
2016   6  23   0 -24.45  -47.40  0.24E-04
2016   6  23   0 -24.35  -47.40  0.49E-04
2016   6  23   0 -24.30  -47.40  0.24E-04
2016   6  23   0 -24.20  -47.40  0.25E-04
2016   6  23   0 -24.05  -47.40  0.25E-04
2016   6  23   0 -24.00  -47.40  0.25E-04
2016   6  23   0 -23.90  -47.40  0.25E-04
2016   6  23   0 -25.65  -47.35  0.40E-04
2016   6  23   0 -24.90  -47.35  0.47E-04
2016   6  23   0 -24.75  -47.35  0.24E-04
2016   6  23   0 -24.70  -47.35  0.48E-04
2016   6  23   0 -24.65  -47.35  0.24E-04
2016   6  23   0 -24.60  -47.35  0.23E-04
2016   6  23   0 -24.50  -47.35  0.25E-04
2016   6  23   0 -24.30  -47.35  0.49E-04
2016   6  23   0 -24.15  -47.35  0.49E-04
2016   6  23   0 -24.00  -47.35  0.24E-04
2016   6  23   0 -23.90  -47.35  0.25E-04
2016   6  23   0 -25.65  -47.30  0.40E-04
2016   6  23   0 -25.30  -47.30  0.24E-04
2016   6  23   0 -24.90  -47.30  0.24E-04
2016   6  23   0 -24.75  -47.30  0.95E-04
2016   6  23   0 -24.70  -47.30  0.48E-04
2016   6  23   0 -24.65  -47.30  0.15E-03
2016   6  23   0 -24.55  -47.30  0.65E-04
2016   6  23   0 -24.40  -47.30  0.24E-04
2016   6  23   0 -24.30  -47.30  0.24E-04
2016   6  23   0 -24.25  -47.30  0.49E-04
2016   6  23   0 -24.20  -47.30  0.25E-04
2016   6  23   0 -24.15  -47.30  0.49E-04
2016   6  23   0 -24.10  -47.30  0.25E-04
2016   6  23   0 -24.00  -47.30  0.25E-04
2016   6  23   0 -23.90  -47.30  0.24E-04
2016   6  23   0 -25.60  -47.25  0.40E-04
2016   6  23   0 -24.90  -47.25  0.24E-04
2016   6  23   0 -24.80  -47.25  0.11E-03
2016   6  23   0 -24.75  -47.25  0.24E-04
2016   6  23   0 -24.70  -47.25  0.48E-04
2016   6  23   0 -24.65  -47.25  0.48E-04
2016   6  23   0 -24.55  -47.25  0.95E-04
2016   6  23   0 -24.45  -47.25  0.48E-04
2016   6  23   0 -24.40  -47.25  0.48E-04
2016   6  23   0 -24.35  -47.25  0.98E-04
2016   6  23   0 -24.30  -47.25  0.48E-04
2016   6  23   0 -24.20  -47.25  0.24E-04
2016   6  23   0 -24.15  -47.25  0.24E-04
2016   6  23   0 -24.10  -47.25  0.25E-04
2016   6  23   0 -24.00  -47.25  0.25E-04
2016   6  23   0 -23.80  -47.25  0.25E-04
2016   6  23   0 -24.85  -47.20  0.24E-04
2016   6  23   0 -24.80  -47.20  0.71E-04
2016   6  23   0 -24.75  -47.20  0.12E-03
2016   6  23   0 -24.60  -47.20  0.65E-04
2016   6  23   0 -24.55  -47.20  0.95E-04
2016   6  23   0 -24.50  -47.20  0.24E-04
2016   6  23   0 -24.40  -47.20  0.48E-04
2016   6  23   0 -24.35  -47.20  0.73E-04
2016   6  23   0 -24.30  -47.20  0.47E-04
2016   6  23   0 -24.25  -47.20  0.73E-04
2016   6  23   0 -24.20  -47.20  0.88E-04
2016   6  23   0 -24.15  -47.20  0.49E-04
2016   6  23   0 -24.10  -47.20  0.24E-04
2016   6  23   0 -24.05  -47.20  0.74E-04
2016   6  23   0 -23.95  -47.20  0.24E-04
2016   6  23   0 -25.60  -47.15  0.23E-04
2016   6  23   0 -25.50  -47.15  0.10E-03
2016   6  23   0 -24.80  -47.15  0.24E-04
2016   6  23   0 -24.75  -47.15  0.23E-04
2016   6  23   0 -24.65  -47.15  0.24E-04
2016   6  23   0 -24.60  -47.15  0.64E-04
2016   6  23   0 -24.55  -47.15  0.24E-04
2016   6  23   0 -24.45  -47.15  0.40E-04
2016   6  23   0 -24.35  -47.15  0.73E-04
2016   6  23   0 -24.30  -47.15  0.24E-04
2016   6  23   0 -24.25  -47.15  0.98E-04
2016   6  23   0 -24.20  -47.15  0.24E-04
2016   6  23   0 -24.15  -47.15  0.25E-04
2016   6  23   0 -24.10  -47.15  0.49E-04
2016   6  23   0 -24.05  -47.15  0.24E-04
2016   6  23   0 -24.00  -47.15  0.25E-04
2016   6  23   0 -25.45  -47.10  0.24E-04
2016   6  23   0 -24.85  -47.10  0.13E-03
2016   6  23   0 -24.75  -47.10  0.24E-04
2016   6  23   0 -24.65  -47.10  0.24E-04
2016   6  23   0 -24.60  -47.10  0.72E-04
2016   6  23   0 -24.55  -47.10  0.13E-03
2016   6  23   0 -24.50  -47.10  0.64E-04
2016   6  23   0 -24.45  -47.10  0.88E-04
2016   6  23   0 -24.40  -47.10  0.97E-04
2016   6  23   0 -24.30  -47.10  0.40E-04
2016   6  23   0 -24.25  -47.10  0.25E-04
2016   6  23   0 -24.20  -47.10  0.24E-04
2016   6  23   0 -24.10  -47.10  0.73E-04
2016   6  23   0 -24.05  -47.10  0.49E-04
2016   6  23   0 -24.00  -47.10  0.25E-04
2016   6  23   0 -23.95  -47.10  0.49E-04
2016   6  23   0 -24.70  -47.05  0.48E-04
2016   6  23   0 -24.65  -47.05  0.24E-04
2016   6  23   0 -24.60  -47.05  0.89E-04
2016   6  23   0 -24.55  -47.05  0.40E-04
2016   6  23   0 -24.40  -47.05  0.50E-04
2016   6  23   0 -24.20  -47.05  0.41E-04
2016   6  23   0 -24.15  -47.05  0.25E-04
2016   6  23   0 -24.10  -47.05  0.49E-04
2016   6  23   0 -24.00  -47.05  0.25E-04
2016   6  23   0 -23.95  -47.05  0.25E-04
2016   6  23   0 -23.80  -47.05  0.24E-04
2016   6  23   0 -25.00  -47.00  0.47E-04
2016   6  23   0 -24.85  -47.00  0.24E-04
2016   6  23   0 -24.80  -47.00  0.24E-04
2016   6  23   0 -24.75  -47.00  0.25E-04
2016   6  23   0 -24.70  -47.00  0.48E-04
2016   6  23   0 -24.65  -47.00  0.24E-04
2016   6  23   0 -24.60  -47.00  0.24E-04
2016   6  23   0 -24.55  -47.00  0.24E-04
2016   6  23   0 -24.45  -47.00  0.14E-03
2016   6  23   0 -24.40  -47.00  0.90E-04
2016   6  23   0 -24.35  -47.00  0.49E-04
2016   6  23   0 -24.30  -47.00  0.41E-04
2016   6  23   0 -24.25  -47.00  0.89E-04
2016   6  23   0 -24.20  -47.00  0.25E-04
2016   6  23   0 -24.15  -47.00  0.49E-04
2016   6  23   0 -24.10  -47.00  0.49E-04
2016   6  23   0 -24.80  -46.95  0.24E-04
2016   6  23   0 -24.75  -46.95  0.40E-04
2016   6  23   0 -24.70  -46.95  0.48E-04
2016   6  23   0 -24.65  -46.95  0.64E-04
2016   6  23   0 -24.60  -46.95  0.24E-04
2016   6  23   0 -24.55  -46.95  0.24E-04
2016   6  23   0 -24.50  -46.95  0.72E-04
2016   6  23   0 -24.45  -46.95  0.88E-04
2016   6  23   0 -24.40  -46.95  0.25E-04
2016   6  23   0 -24.30  -46.95  0.65E-04
2016   6  23   0 -24.20  -46.95  0.49E-04
2016   6  23   0 -24.15  -46.95  0.49E-04
2016   6  23   0 -24.10  -46.95  0.49E-04
2016   6  23   0 -24.05  -46.95  0.15E-03
2016   6  23   0 -24.00  -46.95  0.74E-04
2016   6  23   0 -23.90  -46.95  0.49E-04
2016   6  23   0 -23.80  -46.95  0.25E-04
2016   6  23   0 -25.25  -46.90  0.47E-04
2016   6  23   0 -24.80  -46.90  0.24E-04
2016   6  23   0 -24.75  -46.90  0.24E-04
2016   6  23   0 -24.55  -46.90  0.48E-04
2016   6  23   0 -24.50  -46.90  0.24E-04
2016   6  23   0 -24.40  -46.90  0.24E-04
2016   6  23   0 -24.35  -46.90  0.73E-04
2016   6  23   0 -24.30  -46.90  0.40E-04
2016   6  23   0 -24.15  -46.90  0.25E-04
2016   6  23   0 -24.10  -46.90  0.12E-03
2016   6  23   0 -24.05  -46.90  0.74E-04
2016   6  23   0 -24.00  -46.90  0.25E-04
2016   6  23   0 -23.95  -46.90  0.74E-04
2016   6  23   0 -23.90  -46.90  0.25E-04
2016   6  23   0 -23.80  -46.90  0.25E-04
2016   6  23   0 -25.25  -46.85  0.24E-04
2016   6  23   0 -25.05  -46.85  0.24E-04
2016   6  23   0 -24.60  -46.85  0.24E-04
2016   6  23   0 -24.55  -46.85  0.89E-04
2016   6  23   0 -24.50  -46.85  0.65E-04
2016   6  23   0 -24.45  -46.85  0.14E-03
2016   6  23   0 -24.40  -46.85  0.41E-04
2016   6  23   0 -24.35  -46.85  0.65E-04
2016   6  23   0 -24.25  -46.85  0.25E-04
2016   6  23   0 -24.20  -46.85  0.41E-04
2016   6  23   0 -24.15  -46.85  0.41E-04
2016   6  23   0 -24.10  -46.85  0.99E-04
2016   6  23   0 -24.05  -46.85  0.49E-04
2016   6  23   0 -24.00  -46.85  0.74E-04
2016   6  23   0 -23.90  -46.85  0.25E-04
2016   6  23   0 -25.50  -46.80  0.24E-04
2016   6  23   0 -24.75  -46.80  0.24E-04
2016   6  23   0 -24.65  -46.80  0.24E-04
2016   6  23   0 -24.60  -46.80  0.41E-04
2016   6  23   0 -24.55  -46.80  0.72E-04
2016   6  23   0 -24.50  -46.80  0.97E-04
2016   6  23   0 -24.45  -46.80  0.81E-04
2016   6  23   0 -24.40  -46.80  0.65E-04
2016   6  23   0 -24.35  -46.80  0.89E-04
2016   6  23   0 -24.30  -46.80  0.48E-04
2016   6  23   0 -24.25  -46.80  0.99E-04
2016   6  23   0 -24.20  -46.80  0.16E-03
2016   6  23   0 -24.15  -46.80  0.74E-04
2016   6  23   0 -24.10  -46.80  0.90E-04
2016   6  23   0 -24.05  -46.80  0.50E-04
2016   6  23   0 -24.00  -46.80  0.66E-04
2016   6  23   0 -23.95  -46.80  0.75E-04
2016   6  23   0 -23.90  -46.80  0.50E-04
2016   6  23   0 -23.80  -46.80  0.25E-04
2016   6  23   0 -24.85  -46.75  0.24E-04
2016   6  23   0 -24.80  -46.75  0.24E-04
2016   6  23   0 -24.60  -46.75  0.72E-04
2016   6  23   0 -24.50  -46.75  0.49E-04
2016   6  23   0 -24.40  -46.75  0.65E-04
2016   6  23   0 -24.30  -46.75  0.74E-04
2016   6  23   0 -24.25  -46.75  0.82E-04
2016   6  23   0 -24.20  -46.75  0.11E-03
2016   6  23   0 -24.15  -46.75  0.15E-03
2016   6  23   0 -24.05  -46.75  0.12E-03
2016   6  23   0 -24.00  -46.75  0.50E-04
2016   6  23   0 -23.95  -46.75  0.50E-04
2016   6  23   0 -23.90  -46.75  0.12E-03
2016   6  23   0 -25.25  -46.70  0.24E-04
2016   6  23   0 -24.85  -46.70  0.24E-04
2016   6  23   0 -24.75  -46.70  0.24E-04
2016   6  23   0 -24.70  -46.70  0.25E-04
2016   6  23   0 -24.60  -46.70  0.48E-04
2016   6  23   0 -24.45  -46.70  0.11E-03
2016   6  23   0 -24.35  -46.70  0.73E-04
2016   6  23   0 -24.25  -46.70  0.25E-04
2016   6  23   0 -24.15  -46.70  0.91E-04
2016   6  23   0 -24.10  -46.70  0.49E-04
2016   6  23   0 -24.05  -46.70  0.14E-03
2016   6  23   0 -24.00  -46.70  0.91E-04
2016   6  23   0 -23.95  -46.70  0.75E-04
2016   6  23   0 -23.90  -46.70  0.10E-03
2016   6  23   0 -24.95  -46.65  0.24E-04
2016   6  23   0 -24.75  -46.65  0.24E-04
2016   6  23   0 -24.70  -46.65  0.24E-04
2016   6  23   0 -24.60  -46.65  0.24E-04
2016   6  23   0 -24.55  -46.65  0.11E-03
2016   6  23   0 -24.40  -46.65  0.25E-04
2016   6  23   0 -24.30  -46.65  0.66E-04
2016   6  23   0 -24.25  -46.65  0.25E-04
2016   6  23   0 -24.20  -46.65  0.50E-04
2016   6  23   0 -24.15  -46.65  0.12E-03
2016   6  23   0 -24.10  -46.65  0.27E-03
2016   6  23   0 -24.05  -46.65  0.20E-03
2016   6  23   0 -24.00  -46.65  0.23E-03
2016   6  23   0 -23.95  -46.65  0.14E-03
2016   6  23   0 -23.90  -46.65  0.75E-04
2016   6  23   0 -23.85  -46.65  0.12E-03
2016   6  23   0 -24.75  -46.60  0.24E-04
2016   6  23   0 -24.60  -46.60  0.25E-04
2016   6  23   0 -24.50  -46.60  0.81E-04
2016   6  23   0 -24.40  -46.60  0.49E-04
2016   6  23   0 -24.30  -46.60  0.25E-04
2016   6  23   0 -24.25  -46.60  0.91E-04
2016   6  23   0 -24.20  -46.60  0.68E-04
2016   6  23   0 -24.15  -46.60  0.25E-04
2016   6  23   0 -24.10  -46.60  0.12E-03
2016   6  23   0 -24.05  -46.60  0.13E-03
2016   6  23   0 -24.00  -46.60  0.28E-03
2016   6  23   0 -23.95  -46.60  0.28E-03
2016   6  23   0 -23.90  -46.60  0.34E-03
2016   6  23   0 -23.85  -46.60  0.24E-03
2016   6  23   0 -23.80  -46.60  0.50E-04
2016   6  23   0 -24.65  -46.55  0.24E-04
2016   6  23   0 -24.50  -46.55  0.24E-04
2016   6  23   0 -24.45  -46.55  0.90E-04
2016   6  23   0 -24.35  -46.55  0.66E-04
2016   6  23   0 -24.30  -46.55  0.16E-03
2016   6  23   0 -24.25  -46.55  0.25E-04
2016   6  23   0 -24.20  -46.55  0.50E-04
2016   6  23   0 -24.15  -46.55  0.13E-03
2016   6  23   0 -24.10  -46.55  0.92E-04
2016   6  23   0 -24.05  -46.55  0.23E-03
2016   6  23   0 -24.00  -46.55  0.58E-03
2016   6  23   0 -23.95  -46.55  0.19E-03
2016   6  23   0 -23.90  -46.55  0.29E-03
2016   6  23   0 -23.85  -46.55  0.28E-03
2016   6  23   0 -24.90  -46.50  0.49E-04
2016   6  23   0 -24.55  -46.50  0.24E-04
2016   6  23   0 -24.25  -46.50  0.24E-04
2016   6  23   0 -24.20  -46.50  0.25E-04
2016   6  23   0 -24.15  -46.50  0.75E-04
2016   6  23   0 -24.10  -46.50  0.92E-04
2016   6  23   0 -24.05  -46.50  0.13E-03
2016   6  23   0 -24.00  -46.50  0.19E-03
2016   6  23   0 -23.95  -46.50  0.31E-03
2016   6  23   0 -23.90  -46.50  0.47E-03
2016   6  23   0 -23.85  -46.50  0.43E-03
2016   6  23   0 -23.80  -46.50  0.25E-04
2016   6  23   0 -25.25  -46.45  0.24E-04
2016   6  23   0 -24.95  -46.45  0.24E-04
2016   6  23   0 -24.60  -46.45  0.48E-04
2016   6  23   0 -24.45  -46.45  0.24E-04
2016   6  23   0 -24.30  -46.45  0.25E-04
2016   6  23   0 -24.25  -46.45  0.41E-04
2016   6  23   0 -24.20  -46.45  0.25E-04
2016   6  23   0 -24.10  -46.45  0.51E-04
2016   6  23   0 -24.05  -46.45  0.76E-04
2016   6  23   0 -24.00  -46.45  0.93E-04
2016   6  23   0 -23.95  -46.45  0.30E-03
2016   6  23   0 -23.90  -46.45  0.95E-03
2016   6  23   0 -23.85  -46.45  0.15E-02
2016   6  23   0 -23.80  -46.45  0.50E-04
2016   6  23   0 -25.05  -46.40  0.24E-04
2016   6  23   0 -24.35  -46.40  0.25E-04
2016   6  23   0 -24.25  -46.40  0.25E-04
2016   6  23   0 -24.20  -46.40  0.25E-04
2016   6  23   0 -24.10  -46.40  0.25E-04
2016   6  23   0 -24.05  -46.40  0.51E-04
2016   6  23   0 -23.90  -46.40  0.31E-03
2016   6  23   0 -23.85  -46.40  0.33E-02
2016   6  23   0 -24.65  -46.35  0.25E-04
2016   6  23   0 -24.55  -46.35  0.25E-04
2016   6  23   0 -24.25  -46.35  0.25E-04
2016   6  23   0 -23.90  -46.35  0.25E-04
2016   6  23   0 -24.90  -46.30  0.24E-04
2016   6  23   0 -24.50  -46.25  0.25E-04
2016   6  23   0 -24.20  -46.20  0.25E-04
