YEAR  MO  DA  HR    LAT     LON Rn2200100
2007  10  15  12  41.65  -91.80  0.30E-13
2007  10  15  12  41.55  -91.75  0.30E-13
2007  10  15  12  41.60  -91.75  0.60E-13
2007  10  15  12  41.65  -91.75  0.90E-13
2007  10  15  12  41.85  -91.75  0.30E-13
2007  10  15  12  41.50  -91.70  0.15E-12
2007  10  15  12  41.55  -91.70  0.15E-12
2007  10  15  12  41.60  -91.70  0.12E-12
2007  10  15  12  41.80  -91.70  0.60E-13
2007  10  15  12  41.45  -91.65  0.60E-13
2007  10  15  12  41.50  -91.65  0.27E-12
2007  10  15  12  41.55  -91.65  0.21E-12
2007  10  15  12  41.60  -91.65  0.90E-13
2007  10  15  12  41.65  -91.65  0.30E-13
2007  10  15  12  41.70  -91.65  0.30E-13
2007  10  15  12  41.75  -91.65  0.30E-13
2007  10  15  12  41.80  -91.65  0.60E-13
2007  10  15  12  41.45  -91.60  0.21E-12
2007  10  15  12  41.50  -91.60  0.43E-12
2007  10  15  12  41.55  -91.60  0.24E-12
2007  10  15  12  41.60  -91.60  0.90E-13
2007  10  15  12  41.65  -91.60  0.12E-12
2007  10  15  12  41.70  -91.60  0.60E-13
2007  10  15  12  41.75  -91.60  0.12E-12
2007  10  15  12  41.85  -91.60  0.30E-13
2007  10  15  12  41.40  -91.55  0.24E-12
2007  10  15  12  41.45  -91.55  0.55E-12
2007  10  15  12  41.50  -91.55  0.34E-12
2007  10  15  12  41.55  -91.55  0.30E-12
2007  10  15  12  41.60  -91.55  0.44E-12
2007  10  15  12  41.65  -91.55  0.18E-12
2007  10  15  12  41.70  -91.55  0.90E-13
2007  10  15  12  41.75  -91.55  0.60E-13
2007  10  15  12  41.80  -91.55  0.12E-12
2007  10  15  12  41.85  -91.55  0.30E-13
2007  10  15  12  41.35  -91.50  0.60E-13
2007  10  15  12  41.40  -91.50  0.45E-12
2007  10  15  12  41.45  -91.50  0.60E-12
2007  10  15  12  41.50  -91.50  0.52E-12
2007  10  15  12  41.55  -91.50  0.43E-12
2007  10  15  12  41.60  -91.50  0.35E-12
2007  10  15  12  41.65  -91.50  0.90E-13
2007  10  15  12  41.70  -91.50  0.90E-13
2007  10  15  12  41.80  -91.50  0.13E-12
2007  10  15  12  41.35  -91.45  0.36E-12
2007  10  15  12  41.40  -91.45  0.82E-12
2007  10  15  12  41.45  -91.45  0.72E-12
2007  10  15  12  41.50  -91.45  0.44E-12
2007  10  15  12  41.55  -91.45  0.38E-12
2007  10  15  12  41.60  -91.45  0.93E-13
2007  10  15  12  41.65  -91.45  0.15E-12
2007  10  15  12  41.70  -91.45  0.30E-13
2007  10  15  12  41.75  -91.45  0.16E-12
2007  10  15  12  41.80  -91.45  0.33E-13
2007  10  15  12  41.30  -91.40  0.27E-12
2007  10  15  12  41.35  -91.40  0.71E-12
2007  10  15  12  41.40  -91.40  0.12E-11
2007  10  15  12  41.45  -91.40  0.85E-12
2007  10  15  12  41.50  -91.40  0.64E-12
2007  10  15  12  41.55  -91.40  0.29E-12
2007  10  15  12  41.60  -91.40  0.12E-12
2007  10  15  12  41.65  -91.40  0.90E-13
2007  10  15  12  41.70  -91.40  0.94E-13
2007  10  15  12  41.75  -91.40  0.10E-12
2007  10  15  12  41.25  -91.35  0.90E-13
2007  10  15  12  41.30  -91.35  0.51E-12
2007  10  15  12  41.35  -91.35  0.11E-11
2007  10  15  12  41.40  -91.35  0.11E-11
2007  10  15  12  41.45  -91.35  0.80E-12
2007  10  15  12  41.50  -91.35  0.58E-12
2007  10  15  12  41.55  -91.35  0.31E-12
2007  10  15  12  41.60  -91.35  0.93E-13
2007  10  15  12  41.65  -91.35  0.94E-13
2007  10  15  12  41.70  -91.35  0.23E-12
2007  10  15  12  41.25  -91.30  0.45E-12
2007  10  15  12  41.30  -91.30  0.11E-11
2007  10  15  12  41.35  -91.30  0.17E-11
2007  10  15  12  41.40  -91.30  0.99E-12
2007  10  15  12  41.45  -91.30  0.79E-12
2007  10  15  12  41.50  -91.30  0.69E-12
2007  10  15  12  41.55  -91.30  0.22E-12
2007  10  15  12  41.60  -91.30  0.67E-13
2007  10  15  12  41.65  -91.30  0.33E-12
2007  10  15  12  41.70  -91.30  0.67E-13
2007  10  15  12  41.20  -91.25  0.33E-12
2007  10  15  12  41.25  -91.25  0.85E-12
2007  10  15  12  41.30  -91.25  0.20E-11
2007  10  15  12  41.35  -91.25  0.12E-11
2007  10  15  12  41.40  -91.25  0.11E-11
2007  10  15  12  41.45  -91.25  0.95E-12
2007  10  15  12  41.50  -91.25  0.32E-12
2007  10  15  12  41.55  -91.25  0.97E-13
2007  10  15  12  41.60  -91.25  0.52E-12
2007  10  15  12  41.65  -91.25  0.17E-12
2007  10  15  12  41.15  -91.20  0.15E-12
2007  10  15  12  41.20  -91.20  0.64E-12
2007  10  15  12  41.25  -91.20  0.20E-11
2007  10  15  12  41.30  -91.20  0.19E-11
2007  10  15  12  41.35  -91.20  0.14E-11
2007  10  15  12  41.40  -91.20  0.12E-11
2007  10  15  12  41.45  -91.20  0.69E-12
2007  10  15  12  41.50  -91.20  0.26E-12
2007  10  15  12  41.55  -91.20  0.46E-12
2007  10  15  12  41.60  -91.20  0.17E-12
2007  10  15  12  41.10  -91.15  0.89E-13
2007  10  15  12  41.15  -91.15  0.54E-12
2007  10  15  12  41.20  -91.15  0.14E-11
2007  10  15  12  41.25  -91.15  0.27E-11
2007  10  15  12  41.30  -91.15  0.19E-11
2007  10  15  12  41.35  -91.15  0.14E-11
2007  10  15  12  41.40  -91.15  0.88E-12
2007  10  15  12  41.45  -91.15  0.35E-12
2007  10  15  12  41.50  -91.15  0.46E-12
2007  10  15  12  41.55  -91.15  0.26E-12
2007  10  15  12  41.60  -91.15  0.33E-13
2007  10  15  12  41.10  -91.10  0.51E-12
2007  10  15  12  41.15  -91.10  0.12E-11
2007  10  15  12  41.20  -91.10  0.30E-11
2007  10  15  12  41.25  -91.10  0.22E-11
2007  10  15  12  41.30  -91.10  0.21E-11
2007  10  15  12  41.35  -91.10  0.12E-11
2007  10  15  12  41.40  -91.10  0.58E-12
2007  10  15  12  41.45  -91.10  0.46E-12
2007  10  15  12  41.50  -91.10  0.33E-12
2007  10  15  12  41.55  -91.10  0.20E-12
2007  10  15  12  41.60  -91.10  0.13E-12
2007  10  15  12  41.05  -91.05  0.42E-12
2007  10  15  12  41.10  -91.05  0.82E-12
2007  10  15  12  41.15  -91.05  0.29E-11
2007  10  15  12  41.20  -91.05  0.31E-11
2007  10  15  12  41.25  -91.05  0.26E-11
2007  10  15  12  41.30  -91.05  0.17E-11
2007  10  15  12  41.35  -91.05  0.10E-11
2007  10  15  12  41.40  -91.05  0.46E-12
2007  10  15  12  41.45  -91.05  0.43E-12
2007  10  15  12  41.50  -91.05  0.26E-12
2007  10  15  12  41.55  -91.05  0.13E-12
2007  10  15  12  41.00  -91.00  0.24E-12
2007  10  15  12  41.05  -91.00  0.68E-12
2007  10  15  12  41.10  -91.00  0.28E-11
2007  10  15  12  41.15  -91.00  0.33E-11
2007  10  15  12  41.20  -91.00  0.37E-11
2007  10  15  12  41.25  -91.00  0.21E-11
2007  10  15  12  41.30  -91.00  0.12E-11
2007  10  15  12  41.35  -91.00  0.62E-12
2007  10  15  12  41.40  -91.00  0.82E-12
2007  10  15  12  41.45  -91.00  0.49E-12
2007  10  15  12  41.50  -91.00  0.20E-12
2007  10  15  12  40.95  -90.95  0.89E-13
2007  10  15  12  41.00  -90.95  0.73E-12
2007  10  15  12  41.05  -90.95  0.24E-11
2007  10  15  12  41.10  -90.95  0.38E-11
2007  10  15  12  41.15  -90.95  0.50E-11
2007  10  15  12  41.20  -90.95  0.32E-11
2007  10  15  12  41.25  -90.95  0.17E-11
2007  10  15  12  41.30  -90.95  0.89E-12
2007  10  15  12  41.35  -90.95  0.11E-11
2007  10  15  12  41.40  -90.95  0.72E-12
2007  10  15  12  41.45  -90.95  0.33E-12
2007  10  15  12  41.50  -90.95  0.33E-13
2007  10  15  12  40.90  -90.90  0.30E-13
2007  10  15  12  40.95  -90.90  0.66E-12
2007  10  15  12  41.00  -90.90  0.22E-11
2007  10  15  12  41.05  -90.90  0.39E-11
2007  10  15  12  41.10  -90.90  0.59E-11
2007  10  15  12  41.15  -90.90  0.42E-11
2007  10  15  12  41.20  -90.90  0.23E-11
2007  10  15  12  41.25  -90.90  0.12E-11
2007  10  15  12  41.30  -90.90  0.12E-11
2007  10  15  12  41.35  -90.90  0.69E-12
2007  10  15  12  41.40  -90.90  0.39E-12
2007  10  15  12  41.45  -90.90  0.65E-13
2007  10  15  12  40.90  -90.85  0.60E-12
2007  10  15  12  40.95  -90.85  0.20E-11
2007  10  15  12  41.00  -90.85  0.40E-11
2007  10  15  12  41.05  -90.85  0.68E-11
2007  10  15  12  41.10  -90.85  0.55E-11
2007  10  15  12  41.15  -90.85  0.26E-11
2007  10  15  12  41.20  -90.85  0.19E-11
2007  10  15  12  41.25  -90.85  0.15E-11
2007  10  15  12  41.30  -90.85  0.72E-12
2007  10  15  12  41.35  -90.85  0.39E-12
2007  10  15  12  41.40  -90.85  0.65E-13
2007  10  15  12  40.80  -90.80  0.30E-13
2007  10  15  12  40.85  -90.80  0.51E-12
2007  10  15  12  40.90  -90.80  0.18E-11
2007  10  15  12  40.95  -90.80  0.42E-11
2007  10  15  12  41.00  -90.80  0.74E-11
2007  10  15  12  41.05  -90.80  0.73E-11
2007  10  15  12  41.10  -90.80  0.32E-11
2007  10  15  12  41.15  -90.80  0.23E-11
2007  10  15  12  41.20  -90.80  0.17E-11
2007  10  15  12  41.25  -90.80  0.85E-12
2007  10  15  12  41.30  -90.80  0.39E-12
2007  10  15  12  41.35  -90.80  0.33E-13
2007  10  15  12  40.80  -90.75  0.42E-12
2007  10  15  12  40.85  -90.75  0.18E-11
2007  10  15  12  40.90  -90.75  0.44E-11
2007  10  15  12  40.95  -90.75  0.76E-11
2007  10  15  12  41.00  -90.75  0.86E-11
2007  10  15  12  41.05  -90.75  0.47E-11
2007  10  15  12  41.10  -90.75  0.29E-11
2007  10  15  12  41.15  -90.75  0.16E-11
2007  10  15  12  41.20  -90.75  0.85E-12
2007  10  15  12  41.25  -90.75  0.39E-12
2007  10  15  12  41.30  -90.75  0.65E-13
2007  10  15  12  40.75  -90.70  0.39E-12
2007  10  15  12  40.80  -90.70  0.19E-11
2007  10  15  12  40.85  -90.70  0.46E-11
2007  10  15  12  40.90  -90.70  0.81E-11
2007  10  15  12  40.95  -90.70  0.97E-11
2007  10  15  12  41.00  -90.70  0.66E-11
2007  10  15  12  41.05  -90.70  0.32E-11
2007  10  15  12  41.10  -90.70  0.19E-11
2007  10  15  12  41.15  -90.70  0.11E-11
2007  10  15  12  41.20  -90.70  0.59E-12
2007  10  15  12  41.25  -90.70  0.16E-12
2007  10  15  12  41.30  -90.70  0.65E-13
2007  10  15  12  40.70  -90.65  0.36E-12
2007  10  15  12  40.75  -90.65  0.21E-11
2007  10  15  12  40.80  -90.65  0.49E-11
2007  10  15  12  40.85  -90.65  0.91E-11
2007  10  15  12  40.90  -90.65  0.11E-10
2007  10  15  12  40.95  -90.65  0.85E-11
2007  10  15  12  41.00  -90.65  0.42E-11
2007  10  15  12  41.05  -90.65  0.22E-11
2007  10  15  12  41.10  -90.65  0.14E-11
2007  10  15  12  41.15  -90.65  0.55E-12
2007  10  15  12  41.20  -90.65  0.26E-12
2007  10  15  12  41.25  -90.65  0.33E-13
2007  10  15  12  40.65  -90.60  0.41E-12
2007  10  15  12  40.70  -90.60  0.25E-11
2007  10  15  12  40.75  -90.60  0.52E-11
2007  10  15  12  40.80  -90.60  0.99E-11
2007  10  15  12  40.85  -90.60  0.12E-10
2007  10  15  12  40.90  -90.60  0.11E-10
2007  10  15  12  40.95  -90.60  0.48E-11
2007  10  15  12  41.00  -90.60  0.26E-11
2007  10  15  12  41.05  -90.60  0.16E-11
2007  10  15  12  41.10  -90.60  0.78E-12
2007  10  15  12  41.15  -90.60  0.20E-12
2007  10  15  12  41.20  -90.60  0.33E-13
2007  10  15  12  40.60  -90.55  0.65E-12
2007  10  15  12  40.65  -90.55  0.27E-11
2007  10  15  12  40.70  -90.55  0.61E-11
2007  10  15  12  40.75  -90.55  0.12E-10
2007  10  15  12  40.80  -90.55  0.14E-10
2007  10  15  12  40.85  -90.55  0.13E-10
2007  10  15  12  40.90  -90.55  0.54E-11
2007  10  15  12  40.95  -90.55  0.30E-11
2007  10  15  12  41.00  -90.55  0.14E-11
2007  10  15  12  41.05  -90.55  0.81E-12
2007  10  15  12  41.10  -90.55  0.98E-13
2007  10  15  12  40.50  -90.50  0.89E-13
2007  10  15  12  40.55  -90.50  0.77E-12
2007  10  15  12  40.60  -90.50  0.31E-11
2007  10  15  12  40.65  -90.50  0.75E-11
2007  10  15  12  40.70  -90.50  0.13E-10
2007  10  15  12  40.75  -90.50  0.15E-10
2007  10  15  12  40.80  -90.50  0.14E-10
2007  10  15  12  40.85  -90.50  0.70E-11
2007  10  15  12  40.90  -90.50  0.29E-11
2007  10  15  12  40.95  -90.50  0.14E-11
2007  10  15  12  41.00  -90.50  0.55E-12
2007  10  15  12  41.05  -90.50  0.65E-13
2007  10  15  12  40.45  -90.45  0.15E-12
2007  10  15  12  40.50  -90.45  0.95E-12
2007  10  15  12  40.55  -90.45  0.41E-11
2007  10  15  12  40.60  -90.45  0.94E-11
2007  10  15  12  40.65  -90.45  0.16E-10
2007  10  15  12  40.70  -90.45  0.18E-10
2007  10  15  12  40.75  -90.45  0.16E-10
2007  10  15  12  40.80  -90.45  0.74E-11
2007  10  15  12  40.85  -90.45  0.27E-11
2007  10  15  12  40.90  -90.45  0.12E-11
2007  10  15  12  40.95  -90.45  0.42E-12
2007  10  15  12  41.00  -90.45  0.65E-13
2007  10  15  12  40.40  -90.40  0.21E-12
2007  10  15  12  40.45  -90.40  0.12E-11
2007  10  15  12  40.50  -90.40  0.59E-11
2007  10  15  12  40.55  -90.40  0.12E-10
2007  10  15  12  40.60  -90.40  0.19E-10
2007  10  15  12  40.65  -90.40  0.19E-10
2007  10  15  12  40.70  -90.40  0.17E-10
2007  10  15  12  40.75  -90.40  0.81E-11
2007  10  15  12  40.80  -90.40  0.21E-11
2007  10  15  12  40.85  -90.40  0.78E-12
2007  10  15  12  40.90  -90.40  0.26E-12
2007  10  15  12  40.95  -90.40  0.65E-13
2007  10  15  12  40.35  -90.35  0.24E-12
2007  10  15  12  40.40  -90.35  0.20E-11
2007  10  15  12  40.45  -90.35  0.86E-11
2007  10  15  12  40.50  -90.35  0.16E-10
2007  10  15  12  40.55  -90.35  0.22E-10
2007  10  15  12  40.60  -90.35  0.22E-10
2007  10  15  12  40.65  -90.35  0.17E-10
2007  10  15  12  40.70  -90.35  0.65E-11
2007  10  15  12  40.75  -90.35  0.14E-11
2007  10  15  12  40.80  -90.35  0.49E-12
2007  10  15  12  40.85  -90.35  0.16E-12
2007  10  15  12  40.90  -90.35  0.32E-13
2007  10  15  12  40.30  -90.30  0.24E-12
2007  10  15  12  40.35  -90.30  0.36E-11
2007  10  15  12  40.40  -90.30  0.12E-10
2007  10  15  12  40.45  -90.30  0.21E-10
2007  10  15  12  40.50  -90.30  0.26E-10
2007  10  15  12  40.55  -90.30  0.24E-10
2007  10  15  12  40.60  -90.30  0.16E-10
2007  10  15  12  40.65  -90.30  0.50E-11
2007  10  15  12  40.70  -90.30  0.11E-11
2007  10  15  12  40.75  -90.30  0.36E-12
2007  10  15  12  40.80  -90.30  0.65E-13
2007  10  15  12  40.20  -90.25  0.49E-13
2007  10  15  12  40.25  -90.25  0.36E-12
2007  10  15  12  40.30  -90.25  0.62E-11
2007  10  15  12  40.35  -90.25  0.19E-10
2007  10  15  12  40.40  -90.25  0.29E-10
2007  10  15  12  40.45  -90.25  0.29E-10
2007  10  15  12  40.50  -90.25  0.24E-10
2007  10  15  12  40.55  -90.25  0.13E-10
2007  10  15  12  40.60  -90.25  0.32E-11
2007  10  15  12  40.65  -90.25  0.39E-12
2007  10  15  12  40.70  -90.25  0.65E-13
2007  10  15  12  40.15  -90.20  0.49E-13
2007  10  15  12  40.20  -90.20  0.12E-11
2007  10  15  12  40.25  -90.20  0.12E-10
2007  10  15  12  40.30  -90.20  0.29E-10
2007  10  15  12  40.35  -90.20  0.37E-10
2007  10  15  12  40.40  -90.20  0.30E-10
2007  10  15  12  40.45  -90.20  0.22E-10
2007  10  15  12  40.50  -90.20  0.76E-11
2007  10  15  12  40.55  -90.20  0.94E-12
2007  10  15  12  40.15  -90.15  0.35E-11
2007  10  15  12  40.20  -90.15  0.25E-10
2007  10  15  12  40.25  -90.15  0.47E-10
2007  10  15  12  40.30  -90.15  0.41E-10
2007  10  15  12  40.35  -90.15  0.29E-10
2007  10  15  12  40.40  -90.15  0.14E-10
2007  10  15  12  40.45  -90.15  0.20E-11
2007  10  15  12  40.50  -90.15  0.97E-13
2007  10  15  12  40.05  -90.10  0.15E-13
2007  10  15  12  40.10  -90.10  0.13E-10
2007  10  15  12  40.15  -90.10  0.57E-10
2007  10  15  12  40.20  -90.10  0.59E-10
2007  10  15  12  40.25  -90.10  0.40E-10
2007  10  15  12  40.30  -90.10  0.19E-10
2007  10  15  12  40.35  -90.10  0.25E-11
2007  10  15  12  40.40  -90.10  0.32E-13
2007  10  15  12  40.00  -90.05  0.29E-13
2007  10  15  12  40.05  -90.05  0.74E-10
2007  10  15  12  40.10  -90.05  0.10E-09
2007  10  15  12  40.15  -90.05  0.50E-10
2007  10  15  12  40.20  -90.05  0.21E-10
2007  10  15  12  40.25  -90.05  0.11E-11
2007  10  15  12  40.00  -90.00  0.51E-10
2007  10  15  12  40.05  -90.00  0.61E-10
2007  10  15  12  40.10  -90.00  0.21E-11
