YEAR  MO  DA  HR    LAT     LON Rn2200100
2012   8  31  12  37.80 -110.25  0.52E-13
2012   8  31  12  37.85 -110.25  0.15E-11
2012   8  31  12  37.90 -110.25  0.16E-11
2012   8  31  12  37.80 -110.20  0.26E-12
2012   8  31  12  37.85 -110.20  0.52E-11
2012   8  31  12  37.90 -110.20  0.11E-10
2012   8  31  12  37.95 -110.20  0.23E-11
2012   8  31  12  37.80 -110.15  0.52E-13
2012   8  31  12  37.85 -110.15  0.49E-11
2012   8  31  12  37.90 -110.15  0.14E-10
2012   8  31  12  37.95 -110.15  0.13E-10
2012   8  31  12  38.00 -110.15  0.53E-12
2012   8  31  12  37.85 -110.10  0.39E-11
2012   8  31  12  37.90 -110.10  0.15E-10
2012   8  31  12  37.95 -110.10  0.20E-10
2012   8  31  12  38.00 -110.10  0.60E-11
2012   8  31  12  38.05 -110.10  0.12E-12
2012   8  31  12  37.85 -110.05  0.25E-11
2012   8  31  12  37.90 -110.05  0.13E-10
2012   8  31  12  37.95 -110.05  0.21E-10
2012   8  31  12  38.00 -110.05  0.15E-10
2012   8  31  12  38.05 -110.05  0.91E-12
2012   8  31  12  37.85 -110.00  0.12E-11
2012   8  31  12  37.90 -110.00  0.11E-10
2012   8  31  12  37.95 -110.00  0.20E-10
2012   8  31  12  38.00 -110.00  0.23E-10
2012   8  31  12  38.05 -110.00  0.25E-11
2012   8  31  12  37.85 -109.95  0.42E-12
2012   8  31  12  37.90 -109.95  0.10E-10
2012   8  31  12  37.95 -109.95  0.20E-10
2012   8  31  12  38.00 -109.95  0.27E-10
2012   8  31  12  38.05 -109.95  0.80E-11
2012   8  31  12  37.85 -109.90  0.21E-12
2012   8  31  12  37.90 -109.90  0.72E-11
2012   8  31  12  37.95 -109.90  0.20E-10
2012   8  31  12  38.00 -109.90  0.27E-10
2012   8  31  12  38.05 -109.90  0.16E-10
2012   8  31  12  37.90 -109.85  0.63E-11
2012   8  31  12  37.95 -109.85  0.20E-10
2012   8  31  12  38.00 -109.85  0.26E-10
2012   8  31  12  38.05 -109.85  0.23E-10
2012   8  31  12  38.10 -109.85  0.62E-13
2012   8  31  12  37.90 -109.80  0.45E-11
2012   8  31  12  37.95 -109.80  0.20E-10
2012   8  31  12  38.00 -109.80  0.26E-10
2012   8  31  12  38.05 -109.80  0.30E-10
2012   8  31  12  38.10 -109.80  0.26E-11
2012   8  31  12  37.90 -109.75  0.28E-11
2012   8  31  12  37.95 -109.75  0.18E-10
2012   8  31  12  38.00 -109.75  0.27E-10
2012   8  31  12  38.05 -109.75  0.30E-10
2012   8  31  12  38.10 -109.75  0.10E-10
2012   8  31  12  37.90 -109.70  0.16E-11
2012   8  31  12  37.95 -109.70  0.16E-10
2012   8  31  12  38.00 -109.70  0.27E-10
2012   8  31  12  38.05 -109.70  0.32E-10
2012   8  31  12  38.10 -109.70  0.18E-10
2012   8  31  12  37.90 -109.65  0.43E-12
2012   8  31  12  37.95 -109.65  0.15E-10
2012   8  31  12  38.00 -109.65  0.25E-10
2012   8  31  12  38.05 -109.65  0.34E-10
2012   8  31  12  38.10 -109.65  0.26E-10
2012   8  31  12  38.15 -109.65  0.13E-12
2012   8  31  12  37.90 -109.60  0.11E-12
2012   8  31  12  37.95 -109.60  0.11E-10
2012   8  31  12  38.00 -109.60  0.25E-10
2012   8  31  12  38.05 -109.60  0.38E-10
2012   8  31  12  38.10 -109.60  0.28E-10
2012   8  31  12  38.15 -109.60  0.41E-11
2012   8  31  12  37.95 -109.55  0.77E-11
2012   8  31  12  38.00 -109.55  0.25E-10
2012   8  31  12  38.05 -109.55  0.38E-10
2012   8  31  12  38.10 -109.55  0.32E-10
2012   8  31  12  38.15 -109.55  0.88E-11
2012   8  31  12  37.95 -109.50  0.50E-11
2012   8  31  12  38.00 -109.50  0.24E-10
2012   8  31  12  38.05 -109.50  0.36E-10
2012   8  31  12  38.10 -109.50  0.39E-10
2012   8  31  12  38.15 -109.50  0.16E-10
2012   8  31  12  37.95 -109.45  0.23E-11
2012   8  31  12  38.00 -109.45  0.22E-10
2012   8  31  12  38.05 -109.45  0.35E-10
2012   8  31  12  38.10 -109.45  0.46E-10
2012   8  31  12  38.15 -109.45  0.24E-10
2012   8  31  12  37.95 -109.40  0.45E-12
2012   8  31  12  38.00 -109.40  0.20E-10
2012   8  31  12  38.05 -109.40  0.34E-10
2012   8  31  12  38.10 -109.40  0.51E-10
2012   8  31  12  38.15 -109.40  0.33E-10
2012   8  31  12  37.95 -109.35  0.14E-12
2012   8  31  12  38.00 -109.35  0.14E-10
2012   8  31  12  38.05 -109.35  0.34E-10
2012   8  31  12  38.10 -109.35  0.60E-10
2012   8  31  12  38.15 -109.35  0.43E-10
2012   8  31  12  38.00 -109.30  0.91E-11
2012   8  31  12  38.05 -109.30  0.41E-10
2012   8  31  12  38.10 -109.30  0.69E-10
2012   8  31  12  38.15 -109.30  0.54E-10
2012   8  31  12  38.00 -109.25  0.24E-11
2012   8  31  12  38.05 -109.25  0.40E-10
2012   8  31  12  38.10 -109.25  0.73E-10
2012   8  31  12  38.15 -109.25  0.72E-10
2012   8  31  12  38.00 -109.20  0.92E-13
2012   8  31  12  38.05 -109.20  0.26E-10
2012   8  31  12  38.10 -109.20  0.81E-10
2012   8  31  12  38.15 -109.20  0.10E-09
2012   8  31  12  38.05 -109.15  0.67E-11
2012   8  31  12  38.10 -109.15  0.87E-10
2012   8  31  12  38.15 -109.15  0.13E-09
2012   8  31  12  38.10 -109.10  0.73E-11
2012   8  31  12  38.15 -109.10  0.17E-11
2012   9   1   0  37.85 -110.60  0.39E-12
2012   9   1   0  37.90 -110.60  0.43E-11
2012   9   1   0  37.95 -110.60  0.90E-11
2012   9   1   0  38.00 -110.60  0.66E-11
2012   9   1   0  38.05 -110.60  0.11E-11
2012   9   1   0  37.85 -110.55  0.51E-11
2012   9   1   0  37.90 -110.55  0.20E-10
2012   9   1   0  37.95 -110.55  0.31E-10
2012   9   1   0  38.00 -110.55  0.34E-10
2012   9   1   0  38.05 -110.55  0.24E-10
2012   9   1   0  38.10 -110.55  0.66E-11
2012   9   1   0  37.80 -110.50  0.72E-12
2012   9   1   0  37.85 -110.50  0.96E-11
2012   9   1   0  37.90 -110.50  0.20E-10
2012   9   1   0  37.95 -110.50  0.25E-10
2012   9   1   0  38.00 -110.50  0.27E-10
2012   9   1   0  38.05 -110.50  0.40E-10
2012   9   1   0  38.10 -110.50  0.33E-10
2012   9   1   0  38.15 -110.50  0.85E-11
2012   9   1   0  38.20 -110.50  0.94E-13
2012   9   1   0  37.80 -110.45  0.12E-11
2012   9   1   0  37.85 -110.45  0.11E-10
2012   9   1   0  37.90 -110.45  0.18E-10
2012   9   1   0  37.95 -110.45  0.23E-10
2012   9   1   0  38.00 -110.45  0.29E-10
2012   9   1   0  38.05 -110.45  0.34E-10
2012   9   1   0  38.10 -110.45  0.42E-10
2012   9   1   0  38.15 -110.45  0.31E-10
2012   9   1   0  38.20 -110.45  0.77E-11
2012   9   1   0  38.25 -110.45  0.19E-12
2012   9   1   0  37.80 -110.40  0.13E-11
2012   9   1   0  37.85 -110.40  0.11E-10
2012   9   1   0  37.90 -110.40  0.17E-10
2012   9   1   0  37.95 -110.40  0.23E-10
2012   9   1   0  38.00 -110.40  0.27E-10
2012   9   1   0  38.05 -110.40  0.23E-10
2012   9   1   0  38.10 -110.40  0.29E-10
2012   9   1   0  38.15 -110.40  0.40E-10
2012   9   1   0  38.20 -110.40  0.26E-10
2012   9   1   0  38.25 -110.40  0.46E-11
2012   9   1   0  37.80 -110.35  0.12E-11
2012   9   1   0  37.85 -110.35  0.10E-10
2012   9   1   0  37.90 -110.35  0.16E-10
2012   9   1   0  37.95 -110.35  0.23E-10
2012   9   1   0  38.00 -110.35  0.22E-10
2012   9   1   0  38.05 -110.35  0.22E-10
2012   9   1   0  38.10 -110.35  0.19E-10
2012   9   1   0  38.15 -110.35  0.23E-10
2012   9   1   0  38.20 -110.35  0.33E-10
2012   9   1   0  38.25 -110.35  0.20E-10
2012   9   1   0  38.30 -110.35  0.20E-11
2012   9   1   0  37.80 -110.30  0.88E-12
2012   9   1   0  37.85 -110.30  0.93E-11
2012   9   1   0  37.90 -110.30  0.16E-10
2012   9   1   0  37.95 -110.30  0.21E-10
2012   9   1   0  38.00 -110.30  0.22E-10
2012   9   1   0  38.05 -110.30  0.21E-10
2012   9   1   0  38.10 -110.30  0.17E-10
2012   9   1   0  38.15 -110.30  0.16E-10
2012   9   1   0  38.20 -110.30  0.23E-10
2012   9   1   0  38.25 -110.30  0.28E-10
2012   9   1   0  38.30 -110.30  0.12E-10
2012   9   1   0  38.35 -110.30  0.49E-12
2012   9   1   0  37.80 -110.25  0.47E-12
2012   9   1   0  37.85 -110.25  0.64E-11
2012   9   1   0  37.90 -110.25  0.15E-10
2012   9   1   0  37.95 -110.25  0.23E-10
2012   9   1   0  38.00 -110.25  0.23E-10
2012   9   1   0  38.05 -110.25  0.17E-10
2012   9   1   0  38.10 -110.25  0.12E-10
2012   9   1   0  38.15 -110.25  0.12E-10
2012   9   1   0  38.20 -110.25  0.14E-10
2012   9   1   0  38.25 -110.25  0.24E-10
2012   9   1   0  38.30 -110.25  0.21E-10
2012   9   1   0  38.35 -110.25  0.52E-11
2012   9   1   0  38.40 -110.25  0.13E-12
2012   9   1   0  37.80 -110.20  0.10E-12
2012   9   1   0  37.85 -110.20  0.79E-12
2012   9   1   0  37.90 -110.20  0.39E-11
2012   9   1   0  37.95 -110.20  0.20E-10
2012   9   1   0  38.00 -110.20  0.26E-10
2012   9   1   0  38.05 -110.20  0.16E-10
2012   9   1   0  38.10 -110.20  0.16E-10
2012   9   1   0  38.15 -110.20  0.11E-10
2012   9   1   0  38.20 -110.20  0.10E-10
2012   9   1   0  38.25 -110.20  0.14E-10
2012   9   1   0  38.30 -110.20  0.22E-10
2012   9   1   0  38.35 -110.20  0.13E-10
2012   9   1   0  38.40 -110.20  0.13E-11
2012   9   1   0  37.90 -110.15  0.52E-12
2012   9   1   0  37.95 -110.15  0.92E-11
2012   9   1   0  38.00 -110.15  0.23E-10
2012   9   1   0  38.05 -110.15  0.18E-10
2012   9   1   0  38.10 -110.15  0.16E-10
2012   9   1   0  38.15 -110.15  0.14E-10
2012   9   1   0  38.20 -110.15  0.92E-11
2012   9   1   0  38.25 -110.15  0.10E-10
2012   9   1   0  38.30 -110.15  0.16E-10
2012   9   1   0  38.35 -110.15  0.19E-10
2012   9   1   0  38.40 -110.15  0.73E-11
2012   9   1   0  38.45 -110.15  0.26E-12
2012   9   1   0  37.95 -110.10  0.82E-12
2012   9   1   0  38.00 -110.10  0.19E-10
2012   9   1   0  38.05 -110.10  0.15E-10
2012   9   1   0  38.10 -110.10  0.17E-10
2012   9   1   0  38.15 -110.10  0.16E-10
2012   9   1   0  38.20 -110.10  0.11E-10
2012   9   1   0  38.25 -110.10  0.85E-11
2012   9   1   0  38.30 -110.10  0.10E-10
2012   9   1   0  38.35 -110.10  0.19E-10
2012   9   1   0  38.40 -110.10  0.13E-10
2012   9   1   0  38.45 -110.10  0.21E-11
2012   9   1   0  38.00 -110.05  0.11E-10
2012   9   1   0  38.05 -110.05  0.16E-10
2012   9   1   0  38.10 -110.05  0.16E-10
2012   9   1   0  38.15 -110.05  0.17E-10
2012   9   1   0  38.20 -110.05  0.13E-10
2012   9   1   0  38.25 -110.05  0.68E-11
2012   9   1   0  38.30 -110.05  0.92E-11
2012   9   1   0  38.35 -110.05  0.14E-10
2012   9   1   0  38.40 -110.05  0.15E-10
2012   9   1   0  38.45 -110.05  0.61E-11
2012   9   1   0  38.50 -110.05  0.46E-12
2012   9   1   0  38.00 -110.00  0.46E-11
2012   9   1   0  38.05 -110.00  0.15E-10
2012   9   1   0  38.10 -110.00  0.17E-10
2012   9   1   0  38.15 -110.00  0.23E-10
2012   9   1   0  38.20 -110.00  0.13E-10
2012   9   1   0  38.25 -110.00  0.80E-11
2012   9   1   0  38.30 -110.00  0.67E-11
2012   9   1   0  38.35 -110.00  0.10E-10
2012   9   1   0  38.40 -110.00  0.14E-10
2012   9   1   0  38.45 -110.00  0.10E-10
2012   9   1   0  38.50 -110.00  0.20E-11
2012   9   1   0  38.00 -109.95  0.60E-13
2012   9   1   0  38.05 -109.95  0.13E-10
2012   9   1   0  38.10 -109.95  0.16E-10
2012   9   1   0  38.15 -109.95  0.21E-10
2012   9   1   0  38.20 -109.95  0.18E-10
2012   9   1   0  38.25 -109.95  0.10E-10
2012   9   1   0  38.30 -109.95  0.59E-11
2012   9   1   0  38.35 -109.95  0.74E-11
2012   9   1   0  38.40 -109.95  0.12E-10
2012   9   1   0  38.45 -109.95  0.12E-10
2012   9   1   0  38.50 -109.95  0.41E-11
2012   9   1   0  38.55 -109.95  0.18E-12
2012   9   1   0  38.05 -109.90  0.77E-11
2012   9   1   0  38.10 -109.90  0.19E-10
2012   9   1   0  38.15 -109.90  0.18E-10
2012   9   1   0  38.20 -109.90  0.22E-10
2012   9   1   0  38.25 -109.90  0.14E-10
2012   9   1   0  38.30 -109.90  0.71E-11
2012   9   1   0  38.35 -109.90  0.64E-11
2012   9   1   0  38.40 -109.90  0.83E-11
2012   9   1   0  38.45 -109.90  0.10E-10
2012   9   1   0  38.50 -109.90  0.59E-11
2012   9   1   0  38.55 -109.90  0.11E-11
2012   9   1   0  38.05 -109.85  0.36E-11
2012   9   1   0  38.10 -109.85  0.19E-10
2012   9   1   0  38.15 -109.85  0.19E-10
2012   9   1   0  38.20 -109.85  0.24E-10
2012   9   1   0  38.25 -109.85  0.19E-10
2012   9   1   0  38.30 -109.85  0.92E-11
2012   9   1   0  38.35 -109.85  0.46E-11
2012   9   1   0  38.40 -109.85  0.63E-11
2012   9   1   0  38.45 -109.85  0.78E-11
2012   9   1   0  38.50 -109.85  0.62E-11
2012   9   1   0  38.55 -109.85  0.12E-11
2012   9   1   0  38.10 -109.80  0.17E-10
2012   9   1   0  38.15 -109.80  0.18E-10
2012   9   1   0  38.20 -109.80  0.24E-10
2012   9   1   0  38.25 -109.80  0.24E-10
2012   9   1   0  38.30 -109.80  0.13E-10
2012   9   1   0  38.35 -109.80  0.55E-11
2012   9   1   0  38.40 -109.80  0.55E-11
2012   9   1   0  38.45 -109.80  0.50E-11
2012   9   1   0  38.50 -109.80  0.47E-11
2012   9   1   0  38.55 -109.80  0.17E-11
2012   9   1   0  38.60 -109.80  0.19E-12
2012   9   1   0  38.10 -109.75  0.12E-10
2012   9   1   0  38.15 -109.75  0.19E-10
2012   9   1   0  38.20 -109.75  0.22E-10
2012   9   1   0  38.25 -109.75  0.23E-10
2012   9   1   0  38.30 -109.75  0.19E-10
2012   9   1   0  38.35 -109.75  0.77E-11
2012   9   1   0  38.40 -109.75  0.47E-11
2012   9   1   0  38.45 -109.75  0.47E-11
2012   9   1   0  38.50 -109.75  0.31E-11
2012   9   1   0  38.55 -109.75  0.12E-11
2012   9   1   0  38.60 -109.75  0.14E-12
2012   9   1   0  38.65 -109.75  0.46E-13
2012   9   1   0  38.10 -109.70  0.71E-11
2012   9   1   0  38.15 -109.70  0.20E-10
2012   9   1   0  38.20 -109.70  0.24E-10
2012   9   1   0  38.25 -109.70  0.23E-10
2012   9   1   0  38.30 -109.70  0.18E-10
2012   9   1   0  38.35 -109.70  0.12E-10
2012   9   1   0  38.40 -109.70  0.52E-11
2012   9   1   0  38.45 -109.70  0.44E-11
2012   9   1   0  38.50 -109.70  0.19E-11
2012   9   1   0  38.55 -109.70  0.33E-12
2012   9   1   0  38.60 -109.70  0.14E-12
2012   9   1   0  38.10 -109.65  0.18E-11
2012   9   1   0  38.15 -109.65  0.22E-10
2012   9   1   0  38.20 -109.65  0.19E-10
2012   9   1   0  38.25 -109.65  0.25E-10
2012   9   1   0  38.30 -109.65  0.20E-10
2012   9   1   0  38.35 -109.65  0.16E-10
2012   9   1   0  38.40 -109.65  0.82E-11
2012   9   1   0  38.45 -109.65  0.38E-11
2012   9   1   0  38.50 -109.65  0.89E-12
2012   9   1   0  38.55 -109.65  0.47E-13
2012   9   1   0  38.15 -109.60  0.20E-10
2012   9   1   0  38.20 -109.60  0.23E-10
2012   9   1   0  38.25 -109.60  0.22E-10
2012   9   1   0  38.30 -109.60  0.21E-10
2012   9   1   0  38.35 -109.60  0.17E-10
2012   9   1   0  38.40 -109.60  0.11E-10
2012   9   1   0  38.45 -109.60  0.41E-11
2012   9   1   0  38.50 -109.60  0.80E-12
2012   9   1   0  38.55 -109.60  0.94E-13
2012   9   1   0  38.15 -109.55  0.18E-10
2012   9   1   0  38.20 -109.55  0.21E-10
2012   9   1   0  38.25 -109.55  0.26E-10
2012   9   1   0  38.30 -109.55  0.19E-10
2012   9   1   0  38.35 -109.55  0.18E-10
2012   9   1   0  38.40 -109.55  0.13E-10
2012   9   1   0  38.45 -109.55  0.58E-11
2012   9   1   0  38.50 -109.55  0.62E-12
2012   9   1   0  38.55 -109.55  0.48E-13
2012   9   1   0  38.15 -109.50  0.15E-10
2012   9   1   0  38.20 -109.50  0.26E-10
2012   9   1   0  38.25 -109.50  0.22E-10
2012   9   1   0  38.30 -109.50  0.20E-10
2012   9   1   0  38.35 -109.50  0.17E-10
2012   9   1   0  38.40 -109.50  0.14E-10
2012   9   1   0  38.45 -109.50  0.91E-11
2012   9   1   0  38.50 -109.50  0.13E-11
2012   9   1   0  38.15 -109.45  0.12E-10
2012   9   1   0  38.20 -109.45  0.26E-10
2012   9   1   0  38.25 -109.45  0.24E-10
2012   9   1   0  38.30 -109.45  0.20E-10
2012   9   1   0  38.35 -109.45  0.14E-10
2012   9   1   0  38.40 -109.45  0.15E-10
2012   9   1   0  38.45 -109.45  0.11E-10
2012   9   1   0  38.50 -109.45  0.25E-11
2012   9   1   0  38.55 -109.45  0.48E-13
2012   9   1   0  38.15 -109.40  0.11E-10
2012   9   1   0  38.20 -109.40  0.31E-10
2012   9   1   0  38.25 -109.40  0.26E-10
2012   9   1   0  38.30 -109.40  0.19E-10
2012   9   1   0  38.35 -109.40  0.14E-10
2012   9   1   0  38.40 -109.40  0.14E-10
2012   9   1   0  38.45 -109.40  0.12E-10
2012   9   1   0  38.50 -109.40  0.48E-11
2012   9   1   0  38.55 -109.40  0.46E-12
2012   9   1   0  38.15 -109.35  0.11E-10
2012   9   1   0  38.20 -109.35  0.35E-10
2012   9   1   0  38.25 -109.35  0.25E-10
2012   9   1   0  38.30 -109.35  0.21E-10
2012   9   1   0  38.35 -109.35  0.15E-10
2012   9   1   0  38.40 -109.35  0.12E-10
2012   9   1   0  38.45 -109.35  0.12E-10
2012   9   1   0  38.50 -109.35  0.77E-11
2012   9   1   0  38.55 -109.35  0.16E-11
2012   9   1   0  38.60 -109.35  0.98E-13
2012   9   1   0  38.15 -109.30  0.15E-10
2012   9   1   0  38.20 -109.30  0.47E-10
2012   9   1   0  38.25 -109.30  0.34E-10
2012   9   1   0  38.30 -109.30  0.18E-10
2012   9   1   0  38.35 -109.30  0.15E-10
2012   9   1   0  38.40 -109.30  0.12E-10
2012   9   1   0  38.45 -109.30  0.11E-10
2012   9   1   0  38.50 -109.30  0.79E-11
2012   9   1   0  38.55 -109.30  0.28E-11
2012   9   1   0  38.60 -109.30  0.39E-12
2012   9   1   0  38.15 -109.25  0.25E-10
2012   9   1   0  38.20 -109.25  0.55E-10
2012   9   1   0  38.25 -109.25  0.25E-10
2012   9   1   0  38.30 -109.25  0.18E-10
2012   9   1   0  38.35 -109.25  0.14E-10
2012   9   1   0  38.40 -109.25  0.12E-10
2012   9   1   0  38.45 -109.25  0.89E-11
2012   9   1   0  38.50 -109.25  0.99E-11
2012   9   1   0  38.55 -109.25  0.40E-11
2012   9   1   0  38.60 -109.25  0.74E-12
2012   9   1   0  38.65 -109.25  0.49E-13
2012   9   1   0  38.15 -109.20  0.59E-10
2012   9   1   0  38.20 -109.20  0.65E-10
2012   9   1   0  38.25 -109.20  0.32E-10
2012   9   1   0  38.30 -109.20  0.17E-10
2012   9   1   0  38.35 -109.20  0.12E-10
2012   9   1   0  38.40 -109.20  0.11E-10
2012   9   1   0  38.45 -109.20  0.11E-10
2012   9   1   0  38.50 -109.20  0.82E-11
2012   9   1   0  38.55 -109.20  0.63E-11
2012   9   1   0  38.60 -109.20  0.11E-11
2012   9   1   0  38.65 -109.20  0.20E-12
2012   9   1   0  38.15 -109.15  0.13E-09
2012   9   1   0  38.20 -109.15  0.70E-10
2012   9   1   0  38.25 -109.15  0.32E-10
2012   9   1   0  38.30 -109.15  0.21E-10
2012   9   1   0  38.35 -109.15  0.11E-10
2012   9   1   0  38.40 -109.15  0.98E-11
2012   9   1   0  38.45 -109.15  0.11E-10
2012   9   1   0  38.50 -109.15  0.81E-11
2012   9   1   0  38.55 -109.15  0.59E-11
2012   9   1   0  38.60 -109.15  0.25E-11
2012   9   1   0  38.65 -109.15  0.20E-12
2012   9   1   0  38.15 -109.10  0.10E-09
2012   9   1   0  38.20 -109.10  0.77E-10
2012   9   1   0  38.25 -109.10  0.29E-10
2012   9   1   0  38.30 -109.10  0.17E-10
2012   9   1   0  38.35 -109.10  0.14E-10
2012   9   1   0  38.40 -109.10  0.81E-11
2012   9   1   0  38.45 -109.10  0.10E-10
2012   9   1   0  38.50 -109.10  0.92E-11
2012   9   1   0  38.55 -109.10  0.56E-11
2012   9   1   0  38.60 -109.10  0.33E-11
2012   9   1   0  38.65 -109.10  0.36E-12
2012   9   1   0  38.70 -109.10  0.49E-13
2012   9   1   0  38.15 -109.05  0.45E-11
2012   9   1   0  38.20 -109.05  0.96E-10
2012   9   1   0  38.25 -109.05  0.34E-10
2012   9   1   0  38.30 -109.05  0.19E-10
2012   9   1   0  38.35 -109.05  0.15E-10
2012   9   1   0  38.40 -109.05  0.89E-11
2012   9   1   0  38.45 -109.05  0.92E-11
2012   9   1   0  38.50 -109.05  0.93E-11
2012   9   1   0  38.55 -109.05  0.53E-11
2012   9   1   0  38.60 -109.05  0.24E-11
2012   9   1   0  38.65 -109.05  0.10E-11
2012   9   1   0  38.70 -109.05  0.49E-13
2012   9   1   0  38.20 -109.00  0.50E-10
2012   9   1   0  38.25 -109.00  0.45E-10
2012   9   1   0  38.30 -109.00  0.22E-10
2012   9   1   0  38.35 -109.00  0.15E-10
2012   9   1   0  38.40 -109.00  0.11E-10
2012   9   1   0  38.45 -109.00  0.73E-11
2012   9   1   0  38.50 -109.00  0.89E-11
2012   9   1   0  38.55 -109.00  0.67E-11
2012   9   1   0  38.60 -109.00  0.26E-11
2012   9   1   0  38.65 -109.00  0.11E-11
2012   9   1   0  38.70 -109.00  0.17E-12
2012   9   1   0  38.20 -108.95  0.17E-10
2012   9   1   0  38.25 -108.95  0.54E-10
2012   9   1   0  38.30 -108.95  0.27E-10
2012   9   1   0  38.35 -108.95  0.16E-10
2012   9   1   0  38.40 -108.95  0.13E-10
2012   9   1   0  38.45 -108.95  0.73E-11
2012   9   1   0  38.50 -108.95  0.76E-11
2012   9   1   0  38.55 -108.95  0.74E-11
2012   9   1   0  38.60 -108.95  0.28E-11
2012   9   1   0  38.65 -108.95  0.12E-11
2012   9   1   0  38.70 -108.95  0.45E-12
2012   9   1   0  38.20 -108.90  0.18E-11
2012   9   1   0  38.25 -108.90  0.36E-10
2012   9   1   0  38.30 -108.90  0.35E-10
2012   9   1   0  38.35 -108.90  0.19E-10
2012   9   1   0  38.40 -108.90  0.13E-10
2012   9   1   0  38.45 -108.90  0.10E-10
2012   9   1   0  38.50 -108.90  0.71E-11
2012   9   1   0  38.55 -108.90  0.67E-11
2012   9   1   0  38.60 -108.90  0.41E-11
2012   9   1   0  38.65 -108.90  0.12E-11
2012   9   1   0  38.70 -108.90  0.45E-12
2012   9   1   0  38.75 -108.90  0.15E-12
2012   9   1   0  38.20 -108.85  0.31E-12
2012   9   1   0  38.25 -108.85  0.16E-10
2012   9   1   0  38.30 -108.85  0.34E-10
2012   9   1   0  38.35 -108.85  0.20E-10
2012   9   1   0  38.40 -108.85  0.14E-10
2012   9   1   0  38.45 -108.85  0.10E-10
2012   9   1   0  38.50 -108.85  0.65E-11
2012   9   1   0  38.55 -108.85  0.55E-11
2012   9   1   0  38.60 -108.85  0.47E-11
2012   9   1   0  38.65 -108.85  0.10E-11
2012   9   1   0  38.70 -108.85  0.35E-12
2012   9   1   0  38.75 -108.85  0.15E-12
2012   9   1   0  38.20 -108.80  0.64E-13
2012   9   1   0  38.25 -108.80  0.50E-11
2012   9   1   0  38.30 -108.80  0.24E-10
2012   9   1   0  38.35 -108.80  0.28E-10
2012   9   1   0  38.40 -108.80  0.15E-10
2012   9   1   0  38.45 -108.80  0.12E-10
2012   9   1   0  38.50 -108.80  0.93E-11
2012   9   1   0  38.55 -108.80  0.46E-11
2012   9   1   0  38.60 -108.80  0.34E-11
2012   9   1   0  38.65 -108.80  0.17E-11
2012   9   1   0  38.70 -108.80  0.50E-12
2012   9   1   0  38.25 -108.75  0.10E-11
2012   9   1   0  38.30 -108.75  0.13E-10
2012   9   1   0  38.35 -108.75  0.23E-10
2012   9   1   0  38.40 -108.75  0.18E-10
2012   9   1   0  38.45 -108.75  0.12E-10
2012   9   1   0  38.50 -108.75  0.94E-11
2012   9   1   0  38.55 -108.75  0.44E-11
2012   9   1   0  38.60 -108.75  0.28E-11
2012   9   1   0  38.65 -108.75  0.15E-11
2012   9   1   0  38.70 -108.75  0.55E-12
2012   9   1   0  38.75 -108.75  0.50E-13
2012   9   1   0  38.25 -108.70  0.12E-12
2012   9   1   0  38.30 -108.70  0.44E-11
2012   9   1   0  38.35 -108.70  0.16E-10
2012   9   1   0  38.40 -108.70  0.20E-10
2012   9   1   0  38.45 -108.70  0.13E-10
2012   9   1   0  38.50 -108.70  0.11E-10
2012   9   1   0  38.55 -108.70  0.62E-11
2012   9   1   0  38.60 -108.70  0.20E-11
2012   9   1   0  38.65 -108.70  0.14E-11
2012   9   1   0  38.70 -108.70  0.51E-13
2012   9   1   0  38.75 -108.70  0.50E-13
2012   9   1   0  38.25 -108.65  0.11E-12
2012   9   1   0  38.30 -108.65  0.17E-11
2012   9   1   0  38.35 -108.65  0.77E-11
2012   9   1   0  38.40 -108.65  0.15E-10
2012   9   1   0  38.45 -108.65  0.13E-10
2012   9   1   0  38.50 -108.65  0.94E-11
2012   9   1   0  38.55 -108.65  0.54E-11
2012   9   1   0  38.60 -108.65  0.20E-11
2012   9   1   0  38.65 -108.65  0.45E-12
2012   9   1   0  38.70 -108.65  0.25E-12
2012   9   1   0  38.30 -108.60  0.27E-12
2012   9   1   0  38.35 -108.60  0.29E-11
2012   9   1   0  38.40 -108.60  0.81E-11
2012   9   1   0  38.45 -108.60  0.10E-10
2012   9   1   0  38.50 -108.60  0.60E-11
2012   9   1   0  38.55 -108.60  0.39E-11
2012   9   1   0  38.60 -108.60  0.12E-11
2012   9   1   0  38.65 -108.60  0.20E-12
2012   9   1   0  38.70 -108.60  0.15E-12
2012   9   1   0  38.30 -108.55  0.52E-13
2012   9   1   0  38.35 -108.55  0.62E-12
2012   9   1   0  38.40 -108.55  0.24E-11
2012   9   1   0  38.45 -108.55  0.50E-11
2012   9   1   0  38.50 -108.55  0.38E-11
2012   9   1   0  38.55 -108.55  0.20E-11
2012   9   1   0  38.60 -108.55  0.46E-12
2012   9   1   0  38.65 -108.55  0.15E-12
2012   9   1   0  38.70 -108.55  0.20E-12
2012   9   1   0  38.35 -108.50  0.15E-12
2012   9   1   0  38.40 -108.50  0.62E-12
2012   9   1   0  38.45 -108.50  0.17E-11
2012   9   1   0  38.50 -108.50  0.18E-11
2012   9   1   0  38.55 -108.50  0.51E-12
2012   9   1   0  38.60 -108.50  0.31E-12
2012   9   1   0  38.65 -108.50  0.51E-13
2012   9   1   0  38.35 -108.45  0.10E-12
2012   9   1   0  38.40 -108.45  0.51E-13
2012   9   1   0  38.45 -108.45  0.21E-12
2012   9   1   0  38.50 -108.45  0.67E-12
2012   9   1   0  38.55 -108.45  0.10E-12
2012   9   1   0  38.50 -108.40  0.15E-12
