YEAR  MO  DA  HR    LAT     LON Rn2200100
2021   2  16  12  38.15 -109.15  0.20E-10
2021   2  16  12  38.15 -109.10  0.71E-10
2021   2  16  12  38.20 -109.10  0.61E-10
2021   2  16  12  38.15 -109.05  0.62E-13
2021   2  16  12  38.20 -109.05  0.10E-09
2021   2  16  12  38.25 -109.05  0.21E-10
2021   2  16  12  38.20 -109.00  0.31E-10
2021   2  16  12  38.25 -109.00  0.85E-10
2021   2  16  12  38.30 -109.00  0.49E-12
2021   2  16  12  38.20 -108.95  0.11E-10
2021   2  16  12  38.25 -108.95  0.51E-10
2021   2  16  12  38.30 -108.95  0.48E-10
2021   2  16  12  38.20 -108.90  0.11E-11
2021   2  16  12  38.25 -108.90  0.29E-10
2021   2  16  12  38.30 -108.90  0.64E-10
2021   2  16  12  38.35 -108.90  0.10E-10
2021   2  16  12  38.25 -108.85  0.17E-10
2021   2  16  12  38.30 -108.85  0.31E-10
2021   2  16  12  38.35 -108.85  0.50E-10
2021   2  16  12  38.40 -108.85  0.20E-12
2021   2  16  12  38.25 -108.80  0.82E-11
2021   2  16  12  38.30 -108.80  0.23E-10
2021   2  16  12  38.35 -108.80  0.46E-10
2021   2  16  12  38.40 -108.80  0.16E-10
2021   2  16  12  38.25 -108.75  0.24E-11
2021   2  16  12  38.30 -108.75  0.18E-10
2021   2  16  12  38.35 -108.75  0.26E-10
2021   2  16  12  38.40 -108.75  0.39E-10
2021   2  16  12  38.45 -108.75  0.10E-11
2021   2  16  12  38.25 -108.70  0.13E-11
2021   2  16  12  38.30 -108.70  0.13E-10
2021   2  16  12  38.35 -108.70  0.20E-10
2021   2  16  12  38.40 -108.70  0.36E-10
2021   2  16  12  38.45 -108.70  0.13E-10
2021   2  16  12  38.25 -108.65  0.68E-12
2021   2  16  12  38.30 -108.65  0.70E-11
2021   2  16  12  38.35 -108.65  0.17E-10
2021   2  16  12  38.40 -108.65  0.25E-10
2021   2  16  12  38.45 -108.65  0.28E-10
2021   2  16  12  38.50 -108.65  0.11E-11
2021   2  16  12  38.25 -108.60  0.28E-12
2021   2  16  12  38.30 -108.60  0.32E-11
2021   2  16  12  38.35 -108.60  0.14E-10
2021   2  16  12  38.40 -108.60  0.19E-10
2021   2  16  12  38.45 -108.60  0.29E-10
2021   2  16  12  38.50 -108.60  0.83E-11
2021   2  16  12  38.25 -108.55  0.12E-12
2021   2  16  12  38.30 -108.55  0.15E-11
2021   2  16  12  38.35 -108.55  0.11E-10
2021   2  16  12  38.40 -108.55  0.16E-10
2021   2  16  12  38.45 -108.55  0.24E-10
2021   2  16  12  38.50 -108.55  0.17E-10
2021   2  16  12  38.55 -108.55  0.45E-12
2021   2  16  12  38.25 -108.50  0.61E-13
2021   2  16  12  38.30 -108.50  0.82E-12
2021   2  16  12  38.35 -108.50  0.78E-11
2021   2  16  12  38.40 -108.50  0.15E-10
2021   2  16  12  38.45 -108.50  0.19E-10
2021   2  16  12  38.50 -108.50  0.21E-10
2021   2  16  12  38.55 -108.50  0.33E-11
2021   2  16  12  38.25 -108.45  0.61E-13
2021   2  16  12  38.30 -108.45  0.43E-12
2021   2  16  12  38.35 -108.45  0.49E-11
2021   2  16  12  38.40 -108.45  0.12E-10
2021   2  16  12  38.45 -108.45  0.16E-10
2021   2  16  12  38.50 -108.45  0.20E-10
2021   2  16  12  38.55 -108.45  0.88E-11
2021   2  16  12  38.60 -108.45  0.83E-13
2021   2  16  12  38.25 -108.40  0.61E-13
2021   2  16  12  38.30 -108.40  0.12E-12
2021   2  16  12  38.35 -108.40  0.26E-11
2021   2  16  12  38.40 -108.40  0.11E-10
2021   2  16  12  38.45 -108.40  0.14E-10
2021   2  16  12  38.50 -108.40  0.18E-10
2021   2  16  12  38.55 -108.40  0.13E-10
2021   2  16  12  38.60 -108.40  0.75E-12
2021   2  16  12  38.25 -108.35  0.30E-13
2021   2  16  12  38.30 -108.35  0.91E-13
2021   2  16  12  38.35 -108.35  0.16E-11
2021   2  16  12  38.40 -108.35  0.80E-11
2021   2  16  12  38.45 -108.35  0.13E-10
2021   2  16  12  38.50 -108.35  0.16E-10
2021   2  16  12  38.55 -108.35  0.15E-10
2021   2  16  12  38.60 -108.35  0.26E-11
2021   2  16  12  38.30 -108.30  0.61E-13
2021   2  16  12  38.35 -108.30  0.11E-11
2021   2  16  12  38.40 -108.30  0.57E-11
2021   2  16  12  38.45 -108.30  0.11E-10
2021   2  16  12  38.50 -108.30  0.14E-10
2021   2  16  12  38.55 -108.30  0.14E-10
2021   2  16  12  38.60 -108.30  0.57E-11
2021   2  16  12  38.65 -108.30  0.28E-13
2021   2  16  12  38.30 -108.25  0.61E-13
2021   2  16  12  38.35 -108.25  0.76E-12
2021   2  16  12  38.40 -108.25  0.38E-11
2021   2  16  12  38.45 -108.25  0.10E-10
2021   2  16  12  38.50 -108.25  0.13E-10
2021   2  16  12  38.55 -108.25  0.13E-10
2021   2  16  12  38.60 -108.25  0.77E-11
2021   2  16  12  38.65 -108.25  0.47E-12
2021   2  16  12  38.30 -108.20  0.30E-13
2021   2  16  12  38.35 -108.20  0.70E-12
2021   2  16  12  38.40 -108.20  0.28E-11
2021   2  16  12  38.45 -108.20  0.90E-11
2021   2  16  12  38.50 -108.20  0.10E-10
2021   2  16  12  38.55 -108.20  0.13E-10
2021   2  16  12  38.60 -108.20  0.97E-11
2021   2  16  12  38.65 -108.20  0.95E-12
2021   2  16  12  38.35 -108.15  0.57E-12
2021   2  16  12  38.40 -108.15  0.22E-11
2021   2  16  12  38.45 -108.15  0.69E-11
2021   2  16  12  38.50 -108.15  0.96E-11
2021   2  16  12  38.55 -108.15  0.12E-10
2021   2  16  12  38.60 -108.15  0.99E-11
2021   2  16  12  38.65 -108.15  0.21E-11
2021   2  16  12  38.35 -108.10  0.27E-12
2021   2  16  12  38.40 -108.10  0.18E-11
2021   2  16  12  38.45 -108.10  0.53E-11
2021   2  16  12  38.50 -108.10  0.91E-11
2021   2  16  12  38.55 -108.10  0.11E-10
2021   2  16  12  38.60 -108.10  0.98E-11
2021   2  16  12  38.65 -108.10  0.33E-11
2021   2  16  12  38.70 -108.10  0.55E-13
2021   2  16  12  38.35 -108.05  0.24E-12
2021   2  16  12  38.40 -108.05  0.11E-11
2021   2  16  12  38.45 -108.05  0.44E-11
2021   2  16  12  38.50 -108.05  0.84E-11
2021   2  16  12  38.55 -108.05  0.10E-10
2021   2  16  12  38.60 -108.05  0.94E-11
2021   2  16  12  38.65 -108.05  0.38E-11
2021   2  16  12  38.70 -108.05  0.25E-12
2021   2  16  12  38.35 -108.00  0.15E-12
2021   2  16  12  38.40 -108.00  0.93E-12
2021   2  16  12  38.45 -108.00  0.35E-11
2021   2  16  12  38.50 -108.00  0.71E-11
2021   2  16  12  38.55 -108.00  0.98E-11
2021   2  16  12  38.60 -108.00  0.93E-11
2021   2  16  12  38.65 -108.00  0.46E-11
2021   2  16  12  38.70 -108.00  0.36E-12
2021   2  16  12  38.35 -107.95  0.15E-12
2021   2  16  12  38.40 -107.95  0.75E-12
2021   2  16  12  38.45 -107.95  0.29E-11
2021   2  16  12  38.50 -107.95  0.66E-11
2021   2  16  12  38.55 -107.95  0.92E-11
2021   2  16  12  38.60 -107.95  0.83E-11
2021   2  16  12  38.65 -107.95  0.55E-11
2021   2  16  12  38.70 -107.95  0.46E-12
2021   2  16  12  38.30 -107.90  0.30E-13
2021   2  16  12  38.35 -107.90  0.30E-13
2021   2  16  12  38.40 -107.90  0.84E-12
2021   2  16  12  38.45 -107.90  0.26E-11
2021   2  16  12  38.50 -107.90  0.50E-11
2021   2  16  12  38.55 -107.90  0.87E-11
2021   2  16  12  38.60 -107.90  0.79E-11
2021   2  16  12  38.65 -107.90  0.56E-11
2021   2  16  12  38.70 -107.90  0.82E-12
2021   2  16  12  38.40 -107.85  0.36E-12
2021   2  16  12  38.45 -107.85  0.23E-11
2021   2  16  12  38.50 -107.85  0.46E-11
2021   2  16  12  38.55 -107.85  0.78E-11
2021   2  16  12  38.60 -107.85  0.71E-11
2021   2  16  12  38.65 -107.85  0.54E-11
2021   2  16  12  38.70 -107.85  0.13E-11
2021   2  16  12  38.40 -107.80  0.36E-12
2021   2  16  12  38.45 -107.80  0.19E-11
2021   2  16  12  38.50 -107.80  0.37E-11
2021   2  16  12  38.55 -107.80  0.68E-11
2021   2  16  12  38.60 -107.80  0.65E-11
2021   2  16  12  38.65 -107.80  0.62E-11
2021   2  16  12  38.70 -107.80  0.16E-11
2021   2  16  12  38.35 -107.75  0.30E-13
2021   2  16  12  38.40 -107.75  0.27E-12
2021   2  16  12  38.45 -107.75  0.18E-11
2021   2  16  12  38.50 -107.75  0.31E-11
2021   2  16  12  38.55 -107.75  0.61E-11
2021   2  16  12  38.60 -107.75  0.60E-11
2021   2  16  12  38.65 -107.75  0.56E-11
2021   2  16  12  38.70 -107.75  0.17E-11
2021   2  16  12  38.75 -107.75  0.11E-12
2021   2  16  12  38.35 -107.70  0.60E-13
2021   2  16  12  38.40 -107.70  0.21E-12
2021   2  16  12  38.45 -107.70  0.16E-11
2021   2  16  12  38.50 -107.70  0.28E-11
2021   2  16  12  38.55 -107.70  0.52E-11
2021   2  16  12  38.60 -107.70  0.61E-11
2021   2  16  12  38.65 -107.70  0.57E-11
2021   2  16  12  38.70 -107.70  0.17E-11
2021   2  16  12  38.75 -107.70  0.16E-12
2021   2  16  12  38.40 -107.65  0.48E-12
2021   2  16  12  38.45 -107.65  0.12E-11
2021   2  16  12  38.50 -107.65  0.29E-11
2021   2  16  12  38.55 -107.65  0.48E-11
2021   2  16  12  38.60 -107.65  0.64E-11
2021   2  16  12  38.65 -107.65  0.53E-11
2021   2  16  12  38.70 -107.65  0.17E-11
2021   2  16  12  38.75 -107.65  0.16E-12
2021   2  16  12  38.35 -107.60  0.89E-13
2021   2  16  12  38.40 -107.60  0.39E-12
2021   2  16  12  38.45 -107.60  0.11E-11
2021   2  16  12  38.50 -107.60  0.29E-11
2021   2  16  12  38.55 -107.60  0.40E-11
2021   2  16  12  38.60 -107.60  0.57E-11
2021   2  16  12  38.65 -107.60  0.48E-11
2021   2  16  12  38.70 -107.60  0.17E-11
2021   2  16  12  38.75 -107.60  0.19E-12
2021   2  16  12  38.35 -107.55  0.89E-13
2021   2  16  12  38.40 -107.55  0.27E-12
2021   2  16  12  38.45 -107.55  0.11E-11
2021   2  16  12  38.50 -107.55  0.26E-11
2021   2  16  12  38.55 -107.55  0.35E-11
2021   2  16  12  38.60 -107.55  0.55E-11
2021   2  16  12  38.65 -107.55  0.47E-11
2021   2  16  12  38.70 -107.55  0.16E-11
2021   2  16  12  38.75 -107.55  0.22E-12
2021   2  16  12  38.35 -107.50  0.12E-12
2021   2  16  12  38.40 -107.50  0.21E-12
2021   2  16  12  38.45 -107.50  0.86E-12
2021   2  16  12  38.50 -107.50  0.21E-11
2021   2  16  12  38.55 -107.50  0.31E-11
2021   2  16  12  38.60 -107.50  0.52E-11
2021   2  16  12  38.65 -107.50  0.43E-11
2021   2  16  12  38.70 -107.50  0.16E-11
2021   2  16  12  38.75 -107.50  0.19E-12
2021   2  16  12  38.35 -107.45  0.89E-13
2021   2  16  12  38.40 -107.45  0.30E-12
2021   2  16  12  38.45 -107.45  0.11E-11
2021   2  16  12  38.50 -107.45  0.17E-11
2021   2  16  12  38.55 -107.45  0.31E-11
2021   2  16  12  38.60 -107.45  0.43E-11
2021   2  16  12  38.65 -107.45  0.42E-11
2021   2  16  12  38.70 -107.45  0.14E-11
2021   2  16  12  38.75 -107.45  0.19E-12
2021   2  16  12  38.35 -107.40  0.89E-13
2021   2  16  12  38.40 -107.40  0.27E-12
2021   2  16  12  38.45 -107.40  0.10E-11
2021   2  16  12  38.50 -107.40  0.17E-11
2021   2  16  12  38.55 -107.40  0.30E-11
2021   2  16  12  38.60 -107.40  0.45E-11
2021   2  16  12  38.65 -107.40  0.39E-11
2021   2  16  12  38.70 -107.40  0.14E-11
2021   2  16  12  38.75 -107.40  0.13E-12
2021   2  16  12  38.35 -107.35  0.59E-13
2021   2  16  12  38.40 -107.35  0.27E-12
2021   2  16  12  38.45 -107.35  0.94E-12
2021   2  16  12  38.50 -107.35  0.15E-11
2021   2  16  12  38.55 -107.35  0.31E-11
2021   2  16  12  38.60 -107.35  0.39E-11
2021   2  16  12  38.65 -107.35  0.37E-11
2021   2  16  12  38.70 -107.35  0.14E-11
2021   2  16  12  38.75 -107.35  0.11E-12
2021   2  16  12  38.35 -107.30  0.30E-13
2021   2  16  12  38.40 -107.30  0.33E-12
2021   2  16  12  38.45 -107.30  0.10E-11
2021   2  16  12  38.50 -107.30  0.14E-11
2021   2  16  12  38.55 -107.30  0.27E-11
2021   2  16  12  38.60 -107.30  0.36E-11
2021   2  16  12  38.65 -107.30  0.35E-11
2021   2  16  12  38.70 -107.30  0.15E-11
2021   2  16  12  38.75 -107.30  0.13E-12
2021   2  16  12  38.40 -107.25  0.21E-12
2021   2  16  12  38.45 -107.25  0.11E-11
2021   2  16  12  38.50 -107.25  0.14E-11
2021   2  16  12  38.55 -107.25  0.26E-11
2021   2  16  12  38.60 -107.25  0.31E-11
2021   2  16  12  38.65 -107.25  0.33E-11
2021   2  16  12  38.70 -107.25  0.12E-11
2021   2  16  12  38.75 -107.25  0.11E-12
2021   2  16  12  38.40 -107.20  0.29E-12
2021   2  16  12  38.45 -107.20  0.76E-12
2021   2  16  12  38.50 -107.20  0.13E-11
2021   2  16  12  38.55 -107.20  0.22E-11
2021   2  16  12  38.60 -107.20  0.29E-11
2021   2  16  12  38.65 -107.20  0.33E-11
2021   2  16  12  38.70 -107.20  0.11E-11
2021   2  16  12  38.75 -107.20  0.11E-12
2021   2  16  12  38.35 -107.15  0.59E-13
2021   2  16  12  38.40 -107.15  0.26E-12
2021   2  16  12  38.45 -107.15  0.53E-12
2021   2  16  12  38.50 -107.15  0.13E-11
2021   2  16  12  38.55 -107.15  0.21E-11
2021   2  16  12  38.60 -107.15  0.23E-11
2021   2  16  12  38.65 -107.15  0.27E-11
2021   2  16  12  38.70 -107.15  0.10E-11
2021   2  16  12  38.75 -107.15  0.11E-12
2021   2  16  12  38.35 -107.10  0.88E-13
2021   2  16  12  38.40 -107.10  0.44E-12
2021   2  16  12  38.45 -107.10  0.85E-12
2021   2  16  12  38.50 -107.10  0.12E-11
2021   2  16  12  38.55 -107.10  0.21E-11
2021   2  16  12  38.60 -107.10  0.20E-11
2021   2  16  12  38.65 -107.10  0.23E-11
2021   2  16  12  38.70 -107.10  0.92E-12
2021   2  16  12  38.75 -107.10  0.11E-12
2021   2  16  12  38.35 -107.05  0.88E-13
2021   2  16  12  38.40 -107.05  0.42E-12
2021   2  16  12  38.45 -107.05  0.84E-12
2021   2  16  12  38.50 -107.05  0.11E-11
2021   2  16  12  38.55 -107.05  0.19E-11
2021   2  16  12  38.60 -107.05  0.14E-11
2021   2  16  12  38.65 -107.05  0.23E-11
2021   2  16  12  38.70 -107.05  0.86E-12
2021   2  16  12  38.75 -107.05  0.11E-12
2021   2  16  12  38.35 -107.00  0.59E-13
2021   2  16  12  38.40 -107.00  0.36E-12
2021   2  16  12  38.45 -107.00  0.76E-12
2021   2  16  12  38.50 -107.00  0.10E-11
2021   2  16  12  38.55 -107.00  0.18E-11
2021   2  16  12  38.60 -107.00  0.16E-11
2021   2  16  12  38.65 -107.00  0.20E-11
2021   2  16  12  38.70 -107.00  0.62E-12
2021   2  16  12  38.75 -107.00  0.79E-13
2021   2  16  12  38.35 -106.95  0.59E-13
2021   2  16  12  38.40 -106.95  0.24E-12
2021   2  16  12  38.45 -106.95  0.56E-12
2021   2  16  12  38.50 -106.95  0.11E-11
2021   2  16  12  38.55 -106.95  0.15E-11
2021   2  16  12  38.60 -106.95  0.16E-11
2021   2  16  12  38.65 -106.95  0.17E-11
2021   2  16  12  38.70 -106.95  0.66E-12
2021   2  16  12  38.75 -106.95  0.53E-13
2021   2  16  12  38.35 -106.90  0.88E-13
2021   2  16  12  38.40 -106.90  0.21E-12
2021   2  16  12  38.45 -106.90  0.61E-12
2021   2  16  12  38.50 -106.90  0.99E-12
2021   2  16  12  38.55 -106.90  0.13E-11
2021   2  16  12  38.60 -106.90  0.15E-11
2021   2  16  12  38.65 -106.90  0.14E-11
2021   2  16  12  38.70 -106.90  0.53E-12
2021   2  16  12  38.75 -106.90  0.26E-13
2021   2  16  12  38.40 -106.85  0.24E-12
2021   2  16  12  38.45 -106.85  0.64E-12
2021   2  16  12  38.50 -106.85  0.11E-11
2021   2  16  12  38.55 -106.85  0.10E-11
2021   2  16  12  38.60 -106.85  0.14E-11
2021   2  16  12  38.65 -106.85  0.11E-11
2021   2  16  12  38.70 -106.85  0.37E-12
2021   2  16  12  38.40 -106.80  0.18E-12
2021   2  16  12  38.45 -106.80  0.44E-12
2021   2  16  12  38.50 -106.80  0.10E-11
2021   2  16  12  38.55 -106.80  0.90E-12
2021   2  16  12  38.60 -106.80  0.11E-11
2021   2  16  12  38.65 -106.80  0.71E-12
2021   2  16  12  38.70 -106.80  0.32E-12
2021   2  16  12  38.40 -106.75  0.21E-12
2021   2  16  12  38.45 -106.75  0.58E-12
2021   2  16  12  38.50 -106.75  0.84E-12
2021   2  16  12  38.55 -106.75  0.73E-12
2021   2  16  12  38.60 -106.75  0.72E-12
2021   2  16  12  38.65 -106.75  0.42E-12
2021   2  16  12  38.70 -106.75  0.16E-12
2021   2  16  12  38.40 -106.70  0.30E-12
2021   2  16  12  38.45 -106.70  0.48E-12
2021   2  16  12  38.50 -106.70  0.72E-12
2021   2  16  12  38.55 -106.70  0.63E-12
2021   2  16  12  38.60 -106.70  0.61E-12
2021   2  16  12  38.65 -106.70  0.24E-12
2021   2  16  12  38.40 -106.65  0.24E-12
2021   2  16  12  38.45 -106.65  0.39E-12
2021   2  16  12  38.50 -106.65  0.78E-12
2021   2  16  12  38.55 -106.65  0.37E-12
2021   2  16  12  38.60 -106.65  0.58E-12
2021   2  16  12  38.65 -106.65  0.11E-12
2021   2  16  12  38.35 -106.60  0.58E-13
2021   2  16  12  38.40 -106.60  0.23E-12
2021   2  16  12  38.45 -106.60  0.39E-12
2021   2  16  12  38.50 -106.60  0.60E-12
2021   2  16  12  38.55 -106.60  0.40E-12
2021   2  16  12  38.60 -106.60  0.21E-12
2021   2  16  12  38.40 -106.55  0.28E-12
2021   2  16  12  38.45 -106.55  0.39E-12
2021   2  16  12  38.50 -106.55  0.51E-12
2021   2  16  12  38.55 -106.55  0.29E-12
2021   2  16  12  38.60 -106.55  0.79E-13
2021   2  16  12  38.40 -106.50  0.34E-12
2021   2  16  12  38.45 -106.50  0.26E-12
2021   2  16  12  38.50 -106.50  0.40E-12
2021   2  16  12  38.55 -106.50  0.16E-12
2021   2  16  12  38.35 -106.45  0.91E-13
2021   2  16  12  38.40 -106.45  0.33E-12
2021   2  16  12  38.45 -106.45  0.16E-12
2021   2  16  12  38.50 -106.45  0.21E-12
2021   2  16  12  38.55 -106.45  0.13E-12
2021   2  16  12  38.35 -106.40  0.30E-13
2021   2  16  12  38.40 -106.40  0.18E-12
2021   2  16  12  38.45 -106.40  0.13E-12
2021   2  16  12  38.50 -106.40  0.10E-12
2021   2  16  12  38.40 -106.35  0.18E-12
2021   2  16  12  38.45 -106.35  0.11E-12
2021   2  16  12  38.40 -106.30  0.11E-12
2021   2  16  12  38.45 -106.30  0.11E-12
2021   2  16  12  38.40 -106.25  0.53E-13
2021   2  16  12  38.45 -106.25  0.26E-13
2021   2  17   0  38.10 -109.10  0.20E-10
2021   2  17   0  38.15 -109.10  0.11E-09
2021   2  17   0  38.10 -109.05  0.45E-10
2021   2  17   0  38.15 -109.05  0.55E-10
2021   2  17   0  38.20 -109.05  0.40E-11
2021   2  17   0  38.05 -109.00  0.94E-11
2021   2  17   0  38.10 -109.00  0.59E-10
2021   2  17   0  38.15 -109.00  0.31E-10
2021   2  17   0  38.20 -109.00  0.18E-10
2021   2  17   0  38.00 -108.95  0.42E-12
2021   2  17   0  38.05 -108.95  0.43E-10
2021   2  17   0  38.10 -108.95  0.33E-10
2021   2  17   0  38.15 -108.95  0.22E-10
2021   2  17   0  38.20 -108.95  0.20E-10
2021   2  17   0  37.95 -108.90  0.52E-13
2021   2  17   0  38.00 -108.90  0.12E-10
2021   2  17   0  38.05 -108.90  0.38E-10
2021   2  17   0  38.10 -108.90  0.19E-10
2021   2  17   0  38.15 -108.90  0.19E-10
2021   2  17   0  38.20 -108.90  0.21E-10
2021   2  17   0  38.25 -108.90  0.32E-11
2021   2  17   0  37.95 -108.85  0.12E-11
2021   2  17   0  38.00 -108.85  0.28E-10
2021   2  17   0  38.05 -108.85  0.23E-10
2021   2  17   0  38.10 -108.85  0.15E-10
2021   2  17   0  38.15 -108.85  0.15E-10
2021   2  17   0  38.20 -108.85  0.17E-10
2021   2  17   0  38.25 -108.85  0.74E-11
2021   2  17   0  37.90 -108.80  0.52E-13
2021   2  17   0  37.95 -108.80  0.14E-10
2021   2  17   0  38.00 -108.80  0.29E-10
2021   2  17   0  38.05 -108.80  0.16E-10
2021   2  17   0  38.10 -108.80  0.13E-10
2021   2  17   0  38.15 -108.80  0.12E-10
2021   2  17   0  38.20 -108.80  0.15E-10
2021   2  17   0  38.25 -108.80  0.13E-10
2021   2  17   0  37.85 -108.75  0.52E-13
2021   2  17   0  37.90 -108.75  0.38E-11
2021   2  17   0  37.95 -108.75  0.24E-10
2021   2  17   0  38.00 -108.75  0.20E-10
2021   2  17   0  38.05 -108.75  0.12E-10
2021   2  17   0  38.10 -108.75  0.11E-10
2021   2  17   0  38.15 -108.75  0.11E-10
2021   2  17   0  38.20 -108.75  0.13E-10
2021   2  17   0  38.25 -108.75  0.13E-10
2021   2  17   0  38.30 -108.75  0.12E-11
2021   2  17   0  37.85 -108.70  0.72E-12
2021   2  17   0  37.90 -108.70  0.12E-10
2021   2  17   0  37.95 -108.70  0.20E-10
2021   2  17   0  38.00 -108.70  0.14E-10
2021   2  17   0  38.05 -108.70  0.98E-11
2021   2  17   0  38.10 -108.70  0.93E-11
2021   2  17   0  38.15 -108.70  0.91E-11
2021   2  17   0  38.20 -108.70  0.12E-10
2021   2  17   0  38.25 -108.70  0.12E-10
2021   2  17   0  38.30 -108.70  0.54E-11
2021   2  17   0  37.80 -108.65  0.31E-12
2021   2  17   0  37.85 -108.65  0.44E-11
2021   2  17   0  37.90 -108.65  0.17E-10
2021   2  17   0  37.95 -108.65  0.14E-10
2021   2  17   0  38.00 -108.65  0.11E-10
2021   2  17   0  38.05 -108.65  0.90E-11
2021   2  17   0  38.10 -108.65  0.77E-11
2021   2  17   0  38.15 -108.65  0.86E-11
2021   2  17   0  38.20 -108.65  0.10E-10
2021   2  17   0  38.25 -108.65  0.11E-10
2021   2  17   0  38.30 -108.65  0.83E-11
2021   2  17   0  37.75 -108.60  0.51E-13
2021   2  17   0  37.80 -108.60  0.18E-11
2021   2  17   0  37.85 -108.60  0.11E-10
2021   2  17   0  37.90 -108.60  0.15E-10
2021   2  17   0  37.95 -108.60  0.12E-10
2021   2  17   0  38.00 -108.60  0.86E-11
2021   2  17   0  38.05 -108.60  0.78E-11
2021   2  17   0  38.10 -108.60  0.72E-11
2021   2  17   0  38.15 -108.60  0.84E-11
2021   2  17   0  38.20 -108.60  0.94E-11
2021   2  17   0  38.25 -108.60  0.90E-11
2021   2  17   0  38.30 -108.60  0.10E-10
2021   2  17   0  38.35 -108.60  0.31E-12
2021   2  17   0  37.75 -108.55  0.56E-12
2021   2  17   0  37.80 -108.55  0.56E-11
2021   2  17   0  37.85 -108.55  0.15E-10
2021   2  17   0  37.90 -108.55  0.12E-10
2021   2  17   0  37.95 -108.55  0.84E-11
2021   2  17   0  38.00 -108.55  0.84E-11
2021   2  17   0  38.05 -108.55  0.65E-11
2021   2  17   0  38.10 -108.55  0.63E-11
2021   2  17   0  38.15 -108.55  0.77E-11
2021   2  17   0  38.20 -108.55  0.85E-11
2021   2  17   0  38.25 -108.55  0.92E-11
2021   2  17   0  38.30 -108.55  0.11E-10
2021   2  17   0  38.35 -108.55  0.20E-11
2021   2  17   0  37.70 -108.50  0.20E-12
2021   2  17   0  37.75 -108.50  0.26E-11
2021   2  17   0  37.80 -108.50  0.10E-10
2021   2  17   0  37.85 -108.50  0.12E-10
2021   2  17   0  37.90 -108.50  0.96E-11
2021   2  17   0  37.95 -108.50  0.75E-11
2021   2  17   0  38.00 -108.50  0.68E-11
2021   2  17   0  38.05 -108.50  0.60E-11
2021   2  17   0  38.10 -108.50  0.55E-11
2021   2  17   0  38.15 -108.50  0.74E-11
2021   2  17   0  38.20 -108.50  0.79E-11
2021   2  17   0  38.25 -108.50  0.83E-11
2021   2  17   0  38.30 -108.50  0.89E-11
2021   2  17   0  38.35 -108.50  0.41E-11
2021   2  17   0  37.65 -108.45  0.51E-13
2021   2  17   0  37.70 -108.45  0.11E-11
2021   2  17   0  37.75 -108.45  0.50E-11
2021   2  17   0  37.80 -108.45  0.12E-10
2021   2  17   0  37.85 -108.45  0.91E-11
2021   2  17   0  37.90 -108.45  0.74E-11
2021   2  17   0  37.95 -108.45  0.72E-11
2021   2  17   0  38.00 -108.45  0.54E-11
2021   2  17   0  38.05 -108.45  0.57E-11
2021   2  17   0  38.10 -108.45  0.54E-11
2021   2  17   0  38.15 -108.45  0.71E-11
2021   2  17   0  38.20 -108.45  0.70E-11
2021   2  17   0  38.25 -108.45  0.82E-11
2021   2  17   0  38.30 -108.45  0.86E-11
2021   2  17   0  38.35 -108.45  0.63E-11
2021   2  17   0  38.40 -108.45  0.91E-13
2021   2  17   0  37.65 -108.40  0.51E-12
2021   2  17   0  37.70 -108.40  0.25E-11
2021   2  17   0  37.75 -108.40  0.81E-11
2021   2  17   0  37.80 -108.40  0.96E-11
2021   2  17   0  37.85 -108.40  0.75E-11
2021   2  17   0  37.90 -108.40  0.67E-11
2021   2  17   0  37.95 -108.40  0.55E-11
2021   2  17   0  38.00 -108.40  0.48E-11
2021   2  17   0  38.05 -108.40  0.45E-11
2021   2  17   0  38.10 -108.40  0.63E-11
2021   2  17   0  38.15 -108.40  0.54E-11
2021   2  17   0  38.20 -108.40  0.60E-11
2021   2  17   0  38.25 -108.40  0.77E-11
2021   2  17   0  38.30 -108.40  0.74E-11
2021   2  17   0  38.35 -108.40  0.74E-11
2021   2  17   0  38.40 -108.40  0.64E-12
2021   2  17   0  37.60 -108.35  0.30E-12
2021   2  17   0  37.65 -108.35  0.16E-11
2021   2  17   0  37.70 -108.35  0.46E-11
2021   2  17   0  37.75 -108.35  0.96E-11
2021   2  17   0  37.80 -108.35  0.81E-11
2021   2  17   0  37.85 -108.35  0.58E-11
2021   2  17   0  37.90 -108.35  0.60E-11
2021   2  17   0  37.95 -108.35  0.48E-11
2021   2  17   0  38.00 -108.35  0.50E-11
2021   2  17   0  38.05 -108.35  0.45E-11
2021   2  17   0  38.10 -108.35  0.57E-11
2021   2  17   0  38.15 -108.35  0.53E-11
2021   2  17   0  38.20 -108.35  0.60E-11
2021   2  17   0  38.25 -108.35  0.71E-11
2021   2  17   0  38.30 -108.35  0.72E-11
2021   2  17   0  38.35 -108.35  0.77E-11
2021   2  17   0  38.40 -108.35  0.22E-11
2021   2  17   0  37.55 -108.30  0.20E-12
2021   2  17   0  37.60 -108.30  0.40E-12
2021   2  17   0  37.65 -108.30  0.25E-11
2021   2  17   0  37.70 -108.30  0.72E-11
2021   2  17   0  37.75 -108.30  0.82E-11
2021   2  17   0  37.80 -108.30  0.59E-11
2021   2  17   0  37.85 -108.30  0.61E-11
2021   2  17   0  37.90 -108.30  0.53E-11
2021   2  17   0  37.95 -108.30  0.44E-11
2021   2  17   0  38.00 -108.30  0.37E-11
2021   2  17   0  38.05 -108.30  0.49E-11
2021   2  17   0  38.10 -108.30  0.53E-11
2021   2  17   0  38.15 -108.30  0.55E-11
2021   2  17   0  38.20 -108.30  0.53E-11
2021   2  17   0  38.25 -108.30  0.66E-11
2021   2  17   0  38.30 -108.30  0.66E-11
2021   2  17   0  38.35 -108.30  0.73E-11
2021   2  17   0  38.40 -108.30  0.35E-11
2021   2  17   0  38.45 -108.30  0.30E-13
2021   2  17   0  37.55 -108.25  0.49E-13
2021   2  17   0  37.60 -108.25  0.13E-11
2021   2  17   0  37.65 -108.25  0.41E-11
2021   2  17   0  37.70 -108.25  0.74E-11
2021   2  17   0  37.75 -108.25  0.69E-11
2021   2  17   0  37.80 -108.25  0.53E-11
2021   2  17   0  37.85 -108.25  0.55E-11
2021   2  17   0  37.90 -108.25  0.43E-11
2021   2  17   0  37.95 -108.25  0.43E-11
2021   2  17   0  38.00 -108.25  0.39E-11
2021   2  17   0  38.05 -108.25  0.45E-11
2021   2  17   0  38.10 -108.25  0.53E-11
2021   2  17   0  38.15 -108.25  0.49E-11
2021   2  17   0  38.20 -108.25  0.48E-11
2021   2  17   0  38.25 -108.25  0.68E-11
2021   2  17   0  38.30 -108.25  0.61E-11
2021   2  17   0  38.35 -108.25  0.69E-11
2021   2  17   0  38.40 -108.25  0.47E-11
2021   2  17   0  38.45 -108.25  0.24E-12
2021   2  17   0  37.50 -108.20  0.49E-13
2021   2  17   0  37.55 -108.20  0.84E-12
2021   2  17   0  37.60 -108.20  0.26E-11
2021   2  17   0  37.65 -108.20  0.53E-11
2021   2  17   0  37.70 -108.20  0.65E-11
2021   2  17   0  37.75 -108.20  0.52E-11
2021   2  17   0  37.80 -108.20  0.46E-11
2021   2  17   0  37.85 -108.20  0.48E-11
2021   2  17   0  37.90 -108.20  0.37E-11
2021   2  17   0  37.95 -108.20  0.35E-11
2021   2  17   0  38.00 -108.20  0.41E-11
2021   2  17   0  38.05 -108.20  0.46E-11
2021   2  17   0  38.10 -108.20  0.40E-11
2021   2  17   0  38.15 -108.20  0.46E-11
2021   2  17   0  38.20 -108.20  0.46E-11
2021   2  17   0  38.25 -108.20  0.63E-11
2021   2  17   0  38.30 -108.20  0.58E-11
2021   2  17   0  38.35 -108.20  0.65E-11
2021   2  17   0  38.40 -108.20  0.56E-11
2021   2  17   0  38.45 -108.20  0.91E-12
2021   2  17   0  37.50 -108.15  0.25E-12
2021   2  17   0  37.55 -108.15  0.12E-11
2021   2  17   0  37.60 -108.15  0.35E-11
2021   2  17   0  37.65 -108.15  0.61E-11
2021   2  17   0  37.70 -108.15  0.51E-11
2021   2  17   0  37.75 -108.15  0.41E-11
2021   2  17   0  37.80 -108.15  0.51E-11
2021   2  17   0  37.85 -108.15  0.33E-11
2021   2  17   0  37.90 -108.15  0.40E-11
2021   2  17   0  37.95 -108.15  0.32E-11
2021   2  17   0  38.00 -108.15  0.41E-11
2021   2  17   0  38.05 -108.15  0.47E-11
2021   2  17   0  38.10 -108.15  0.40E-11
2021   2  17   0  38.15 -108.15  0.38E-11
2021   2  17   0  38.20 -108.15  0.51E-11
2021   2  17   0  38.25 -108.15  0.53E-11
2021   2  17   0  38.30 -108.15  0.60E-11
2021   2  17   0  38.35 -108.15  0.61E-11
2021   2  17   0  38.40 -108.15  0.56E-11
2021   2  17   0  38.45 -108.15  0.21E-11
2021   2  17   0  37.45 -108.10  0.98E-13
2021   2  17   0  37.50 -108.10  0.49E-12
2021   2  17   0  37.55 -108.10  0.18E-11
2021   2  17   0  37.60 -108.10  0.38E-11
2021   2  17   0  37.65 -108.10  0.55E-11
2021   2  17   0  37.70 -108.10  0.41E-11
2021   2  17   0  37.75 -108.10  0.38E-11
2021   2  17   0  37.80 -108.10  0.43E-11
2021   2  17   0  37.85 -108.10  0.28E-11
2021   2  17   0  37.90 -108.10  0.30E-11
2021   2  17   0  37.95 -108.10  0.45E-11
2021   2  17   0  38.00 -108.10  0.39E-11
2021   2  17   0  38.05 -108.10  0.41E-11
2021   2  17   0  38.10 -108.10  0.35E-11
2021   2  17   0  38.15 -108.10  0.36E-11
2021   2  17   0  38.20 -108.10  0.54E-11
2021   2  17   0  38.25 -108.10  0.51E-11
2021   2  17   0  38.30 -108.10  0.56E-11
2021   2  17   0  38.35 -108.10  0.61E-11
2021   2  17   0  38.40 -108.10  0.54E-11
2021   2  17   0  38.45 -108.10  0.31E-11
2021   2  17   0  38.50 -108.10  0.12E-12
2021   2  17   0  37.45 -108.05  0.29E-12
2021   2  17   0  37.50 -108.05  0.11E-11
2021   2  17   0  37.55 -108.05  0.24E-11
2021   2  17   0  37.60 -108.05  0.46E-11
2021   2  17   0  37.65 -108.05  0.44E-11
2021   2  17   0  37.70 -108.05  0.36E-11
2021   2  17   0  37.75 -108.05  0.43E-11
2021   2  17   0  37.80 -108.05  0.29E-11
2021   2  17   0  37.85 -108.05  0.31E-11
2021   2  17   0  37.90 -108.05  0.34E-11
2021   2  17   0  37.95 -108.05  0.41E-11
2021   2  17   0  38.00 -108.05  0.33E-11
2021   2  17   0  38.05 -108.05  0.34E-11
2021   2  17   0  38.10 -108.05  0.35E-11
2021   2  17   0  38.15 -108.05  0.37E-11
2021   2  17   0  38.20 -108.05  0.49E-11
2021   2  17   0  38.25 -108.05  0.46E-11
2021   2  17   0  38.30 -108.05  0.52E-11
2021   2  17   0  38.35 -108.05  0.53E-11
2021   2  17   0  38.40 -108.05  0.54E-11
2021   2  17   0  38.45 -108.05  0.35E-11
2021   2  17   0  38.50 -108.05  0.27E-12
2021   2  17   0  37.40 -108.00  0.29E-12
2021   2  17   0  37.45 -108.00  0.59E-12
2021   2  17   0  37.50 -108.00  0.15E-11
2021   2  17   0  37.55 -108.00  0.34E-11
2021   2  17   0  37.60 -108.00  0.40E-11
2021   2  17   0  37.65 -108.00  0.36E-11
2021   2  17   0  37.70 -108.00  0.42E-11
2021   2  17   0  37.75 -108.00  0.35E-11
2021   2  17   0  37.80 -108.00  0.28E-11
2021   2  17   0  37.85 -108.00  0.30E-11
2021   2  17   0  37.90 -108.00  0.37E-11
2021   2  17   0  37.95 -108.00  0.28E-11
2021   2  17   0  38.00 -108.00  0.39E-11
2021   2  17   0  38.05 -108.00  0.29E-11
2021   2  17   0  38.10 -108.00  0.31E-11
2021   2  17   0  38.15 -108.00  0.37E-11
2021   2  17   0  38.20 -108.00  0.46E-11
2021   2  17   0  38.25 -108.00  0.43E-11
2021   2  17   0  38.30 -108.00  0.58E-11
2021   2  17   0  38.35 -108.00  0.53E-11
2021   2  17   0  38.40 -108.00  0.49E-11
2021   2  17   0  38.45 -108.00  0.39E-11
2021   2  17   0  38.50 -108.00  0.66E-12
2021   2  17   0  37.40 -107.95  0.39E-12
2021   2  17   0  37.45 -107.95  0.92E-12
2021   2  17   0  37.50 -107.95  0.22E-11
2021   2  17   0  37.55 -107.95  0.36E-11
2021   2  17   0  37.60 -107.95  0.32E-11
2021   2  17   0  37.65 -107.95  0.42E-11
2021   2  17   0  37.70 -107.95  0.36E-11
2021   2  17   0  37.75 -107.95  0.26E-11
2021   2  17   0  37.80 -107.95  0.28E-11
2021   2  17   0  37.85 -107.95  0.34E-11
2021   2  17   0  37.90 -107.95  0.36E-11
2021   2  17   0  37.95 -107.95  0.34E-11
2021   2  17   0  38.00 -107.95  0.32E-11
2021   2  17   0  38.05 -107.95  0.28E-11
2021   2  17   0  38.10 -107.95  0.25E-11
2021   2  17   0  38.15 -107.95  0.41E-11
2021   2  17   0  38.20 -107.95  0.38E-11
2021   2  17   0  38.25 -107.95  0.39E-11
2021   2  17   0  38.30 -107.95  0.52E-11
2021   2  17   0  38.35 -107.95  0.50E-11
2021   2  17   0  38.40 -107.95  0.50E-11
2021   2  17   0  38.45 -107.95  0.40E-11
2021   2  17   0  38.50 -107.95  0.99E-12
2021   2  17   0  37.35 -107.90  0.48E-13
2021   2  17   0  37.40 -107.90  0.44E-12
2021   2  17   0  37.45 -107.90  0.16E-11
2021   2  17   0  37.50 -107.90  0.24E-11
2021   2  17   0  37.55 -107.90  0.30E-11
2021   2  17   0  37.60 -107.90  0.40E-11
2021   2  17   0  37.65 -107.90  0.34E-11
2021   2  17   0  37.70 -107.90  0.26E-11
2021   2  17   0  37.75 -107.90  0.28E-11
2021   2  17   0  37.80 -107.90  0.30E-11
2021   2  17   0  37.85 -107.90  0.32E-11
2021   2  17   0  37.90 -107.90  0.24E-11
2021   2  17   0  37.95 -107.90  0.35E-11
2021   2  17   0  38.00 -107.90  0.27E-11
2021   2  17   0  38.05 -107.90  0.22E-11
2021   2  17   0  38.10 -107.90  0.31E-11
2021   2  17   0  38.15 -107.90  0.40E-11
2021   2  17   0  38.20 -107.90  0.34E-11
2021   2  17   0  38.25 -107.90  0.44E-11
2021   2  17   0  38.30 -107.90  0.53E-11
2021   2  17   0  38.35 -107.90  0.41E-11
2021   2  17   0  38.40 -107.90  0.44E-11
2021   2  17   0  38.45 -107.90  0.40E-11
2021   2  17   0  38.50 -107.90  0.17E-11
2021   2  17   0  38.55 -107.90  0.90E-13
2021   2  17   0  37.30 -107.85  0.48E-13
2021   2  17   0  37.35 -107.85  0.97E-13
2021   2  17   0  37.40 -107.85  0.58E-12
2021   2  17   0  37.45 -107.85  0.16E-11
2021   2  17   0  37.50 -107.85  0.22E-11
2021   2  17   0  37.55 -107.85  0.35E-11
2021   2  17   0  37.60 -107.85  0.34E-11
2021   2  17   0  37.65 -107.85  0.26E-11
2021   2  17   0  37.70 -107.85  0.24E-11
2021   2  17   0  37.75 -107.85  0.23E-11
2021   2  17   0  37.80 -107.85  0.29E-11
2021   2  17   0  37.85 -107.85  0.27E-11
2021   2  17   0  37.90 -107.85  0.35E-11
2021   2  17   0  37.95 -107.85  0.23E-11
2021   2  17   0  38.00 -107.85  0.31E-11
2021   2  17   0  38.05 -107.85  0.21E-11
2021   2  17   0  38.10 -107.85  0.32E-11
2021   2  17   0  38.15 -107.85  0.37E-11
2021   2  17   0  38.20 -107.85  0.33E-11
2021   2  17   0  38.25 -107.85  0.42E-11
2021   2  17   0  38.30 -107.85  0.49E-11
2021   2  17   0  38.35 -107.85  0.40E-11
2021   2  17   0  38.40 -107.85  0.45E-11
2021   2  17   0  38.45 -107.85  0.42E-11
2021   2  17   0  38.50 -107.85  0.18E-11
2021   2  17   0  38.55 -107.85  0.48E-12
2021   2  17   0  37.30 -107.80  0.48E-13
2021   2  17   0  37.35 -107.80  0.24E-12
2021   2  17   0  37.40 -107.80  0.92E-12
2021   2  17   0  37.45 -107.80  0.13E-11
2021   2  17   0  37.50 -107.80  0.22E-11
2021   2  17   0  37.55 -107.80  0.34E-11
2021   2  17   0  37.60 -107.80  0.28E-11
2021   2  17   0  37.65 -107.80  0.23E-11
2021   2  17   0  37.70 -107.80  0.23E-11
2021   2  17   0  37.75 -107.80  0.27E-11
2021   2  17   0  37.80 -107.80  0.29E-11
2021   2  17   0  37.85 -107.80  0.27E-11
2021   2  17   0  37.90 -107.80  0.27E-11
2021   2  17   0  37.95 -107.80  0.25E-11
2021   2  17   0  38.00 -107.80  0.23E-11
2021   2  17   0  38.05 -107.80  0.25E-11
2021   2  17   0  38.10 -107.80  0.35E-11
2021   2  17   0  38.15 -107.80  0.39E-11
2021   2  17   0  38.20 -107.80  0.30E-11
2021   2  17   0  38.25 -107.80  0.43E-11
2021   2  17   0  38.30 -107.80  0.48E-11
2021   2  17   0  38.35 -107.80  0.39E-11
2021   2  17   0  38.40 -107.80  0.46E-11
2021   2  17   0  38.45 -107.80  0.41E-11
2021   2  17   0  38.50 -107.80  0.22E-11
2021   2  17   0  38.55 -107.80  0.80E-12
2021   2  17   0  37.30 -107.75  0.48E-13
2021   2  17   0  37.35 -107.75  0.53E-12
2021   2  17   0  37.40 -107.75  0.96E-12
2021   2  17   0  37.45 -107.75  0.15E-11
2021   2  17   0  37.50 -107.75  0.28E-11
2021   2  17   0  37.55 -107.75  0.28E-11
2021   2  17   0  37.60 -107.75  0.23E-11
2021   2  17   0  37.65 -107.75  0.26E-11
2021   2  17   0  37.70 -107.75  0.26E-11
2021   2  17   0  37.75 -107.75  0.31E-11
2021   2  17   0  37.80 -107.75  0.26E-11
2021   2  17   0  37.85 -107.75  0.26E-11
2021   2  17   0  37.90 -107.75  0.29E-11
2021   2  17   0  37.95 -107.75  0.20E-11
2021   2  17   0  38.00 -107.75  0.21E-11
2021   2  17   0  38.05 -107.75  0.28E-11
2021   2  17   0  38.10 -107.75  0.33E-11
2021   2  17   0  38.15 -107.75  0.28E-11
2021   2  17   0  38.20 -107.75  0.38E-11
2021   2  17   0  38.25 -107.75  0.40E-11
2021   2  17   0  38.30 -107.75  0.44E-11
2021   2  17   0  38.35 -107.75  0.37E-11
2021   2  17   0  38.40 -107.75  0.38E-11
2021   2  17   0  38.45 -107.75  0.41E-11
2021   2  17   0  38.50 -107.75  0.26E-11
2021   2  17   0  38.55 -107.75  0.98E-12
2021   2  17   0  37.30 -107.70  0.24E-12
2021   2  17   0  37.35 -107.70  0.38E-12
2021   2  17   0  37.40 -107.70  0.82E-12
2021   2  17   0  37.45 -107.70  0.16E-11
2021   2  17   0  37.50 -107.70  0.27E-11
2021   2  17   0  37.55 -107.70  0.26E-11
2021   2  17   0  37.60 -107.70  0.25E-11
2021   2  17   0  37.65 -107.70  0.22E-11
2021   2  17   0  37.70 -107.70  0.32E-11
2021   2  17   0  37.75 -107.70  0.27E-11
2021   2  17   0  37.80 -107.70  0.27E-11
2021   2  17   0  37.85 -107.70  0.26E-11
2021   2  17   0  37.90 -107.70  0.21E-11
2021   2  17   0  37.95 -107.70  0.21E-11
2021   2  17   0  38.00 -107.70  0.22E-11
2021   2  17   0  38.05 -107.70  0.28E-11
2021   2  17   0  38.10 -107.70  0.34E-11
2021   2  17   0  38.15 -107.70  0.25E-11
2021   2  17   0  38.20 -107.70  0.41E-11
2021   2  17   0  38.25 -107.70  0.42E-11
2021   2  17   0  38.30 -107.70  0.41E-11
2021   2  17   0  38.35 -107.70  0.37E-11
2021   2  17   0  38.40 -107.70  0.41E-11
2021   2  17   0  38.45 -107.70  0.41E-11
2021   2  17   0  38.50 -107.70  0.27E-11
2021   2  17   0  38.55 -107.70  0.14E-11
2021   2  17   0  37.30 -107.65  0.19E-12
2021   2  17   0  37.35 -107.65  0.34E-12
2021   2  17   0  37.40 -107.65  0.11E-11
2021   2  17   0  37.45 -107.65  0.21E-11
2021   2  17   0  37.50 -107.65  0.23E-11
2021   2  17   0  37.55 -107.65  0.27E-11
2021   2  17   0  37.60 -107.65  0.24E-11
2021   2  17   0  37.65 -107.65  0.27E-11
2021   2  17   0  37.70 -107.65  0.27E-11
2021   2  17   0  37.75 -107.65  0.27E-11
2021   2  17   0  37.80 -107.65  0.21E-11
2021   2  17   0  37.85 -107.65  0.25E-11
2021   2  17   0  37.90 -107.65  0.20E-11
2021   2  17   0  37.95 -107.65  0.20E-11
2021   2  17   0  38.00 -107.65  0.27E-11
2021   2  17   0  38.05 -107.65  0.27E-11
2021   2  17   0  38.10 -107.65  0.32E-11
2021   2  17   0  38.15 -107.65  0.24E-11
2021   2  17   0  38.20 -107.65  0.36E-11
2021   2  17   0  38.25 -107.65  0.39E-11
2021   2  17   0  38.30 -107.65  0.40E-11
2021   2  17   0  38.35 -107.65  0.35E-11
2021   2  17   0  38.40 -107.65  0.42E-11
2021   2  17   0  38.45 -107.65  0.39E-11
2021   2  17   0  38.50 -107.65  0.26E-11
2021   2  17   0  38.55 -107.65  0.15E-11
2021   2  17   0  37.25 -107.60  0.96E-13
2021   2  17   0  37.30 -107.60  0.24E-12
2021   2  17   0  37.35 -107.60  0.48E-12
2021   2  17   0  37.40 -107.60  0.12E-11
2021   2  17   0  37.45 -107.60  0.24E-11
2021   2  17   0  37.50 -107.60  0.23E-11
2021   2  17   0  37.55 -107.60  0.22E-11
2021   2  17   0  37.60 -107.60  0.23E-11
2021   2  17   0  37.65 -107.60  0.27E-11
2021   2  17   0  37.70 -107.60  0.27E-11
2021   2  17   0  37.75 -107.60  0.19E-11
2021   2  17   0  37.80 -107.60  0.28E-11
2021   2  17   0  37.85 -107.60  0.20E-11
2021   2  17   0  37.90 -107.60  0.23E-11
2021   2  17   0  37.95 -107.60  0.20E-11
2021   2  17   0  38.00 -107.60  0.21E-11
2021   2  17   0  38.05 -107.60  0.38E-11
2021   2  17   0  38.10 -107.60  0.22E-11
2021   2  17   0  38.15 -107.60  0.34E-11
2021   2  17   0  38.20 -107.60  0.30E-11
2021   2  17   0  38.25 -107.60  0.43E-11
2021   2  17   0  38.30 -107.60  0.33E-11
2021   2  17   0  38.35 -107.60  0.35E-11
2021   2  17   0  38.40 -107.60  0.39E-11
2021   2  17   0  38.45 -107.60  0.36E-11
2021   2  17   0  38.50 -107.60  0.25E-11
2021   2  17   0  38.55 -107.60  0.15E-11
2021   2  17   0  38.60 -107.60  0.30E-13
2021   2  17   0  37.25 -107.55  0.19E-12
2021   2  17   0  37.30 -107.55  0.19E-12
2021   2  17   0  37.35 -107.55  0.67E-12
2021   2  17   0  37.40 -107.55  0.13E-11
2021   2  17   0  37.45 -107.55  0.23E-11
2021   2  17   0  37.50 -107.55  0.23E-11
2021   2  17   0  37.55 -107.55  0.17E-11
2021   2  17   0  37.60 -107.55  0.25E-11
2021   2  17   0  37.65 -107.55  0.25E-11
2021   2  17   0  37.70 -107.55  0.21E-11
2021   2  17   0  37.75 -107.55  0.24E-11
2021   2  17   0  37.80 -107.55  0.21E-11
2021   2  17   0  37.85 -107.55  0.22E-11
2021   2  17   0  37.90 -107.55  0.19E-11
2021   2  17   0  37.95 -107.55  0.23E-11
2021   2  17   0  38.00 -107.55  0.32E-11
2021   2  17   0  38.05 -107.55  0.28E-11
2021   2  17   0  38.10 -107.55  0.21E-11
2021   2  17   0  38.15 -107.55  0.32E-11
2021   2  17   0  38.20 -107.55  0.36E-11
2021   2  17   0  38.25 -107.55  0.42E-11
2021   2  17   0  38.30 -107.55  0.27E-11
2021   2  17   0  38.35 -107.55  0.38E-11
2021   2  17   0  38.40 -107.55  0.37E-11
2021   2  17   0  38.45 -107.55  0.32E-11
2021   2  17   0  38.50 -107.55  0.30E-11
2021   2  17   0  38.55 -107.55  0.17E-11
2021   2  17   0  38.60 -107.55  0.59E-13
2021   2  17   0  37.20 -107.50  0.48E-13
2021   2  17   0  37.25 -107.50  0.48E-13
2021   2  17   0  37.30 -107.50  0.95E-13
2021   2  17   0  37.35 -107.50  0.81E-12
2021   2  17   0  37.40 -107.50  0.11E-11
2021   2  17   0  37.45 -107.50  0.18E-11
2021   2  17   0  37.50 -107.50  0.22E-11
2021   2  17   0  37.55 -107.50  0.26E-11
2021   2  17   0  37.60 -107.50  0.26E-11
2021   2  17   0  37.65 -107.50  0.22E-11
2021   2  17   0  37.70 -107.50  0.23E-11
2021   2  17   0  37.75 -107.50  0.23E-11
2021   2  17   0  37.80 -107.50  0.25E-11
2021   2  17   0  37.85 -107.50  0.17E-11
2021   2  17   0  37.90 -107.50  0.21E-11
2021   2  17   0  37.95 -107.50  0.24E-11
2021   2  17   0  38.00 -107.50  0.37E-11
2021   2  17   0  38.05 -107.50  0.17E-11
2021   2  17   0  38.10 -107.50  0.27E-11
2021   2  17   0  38.15 -107.50  0.37E-11
2021   2  17   0  38.20 -107.50  0.34E-11
2021   2  17   0  38.25 -107.50  0.36E-11
2021   2  17   0  38.30 -107.50  0.24E-11
2021   2  17   0  38.35 -107.50  0.40E-11
2021   2  17   0  38.40 -107.50  0.35E-11
2021   2  17   0  38.45 -107.50  0.32E-11
2021   2  17   0  38.50 -107.50  0.30E-11
2021   2  17   0  38.55 -107.50  0.20E-11
2021   2  17   0  38.60 -107.50  0.18E-12
2021   2  17   0  37.30 -107.45  0.38E-12
2021   2  17   0  37.35 -107.45  0.52E-12
2021   2  17   0  37.40 -107.45  0.15E-11
2021   2  17   0  37.45 -107.45  0.16E-11
2021   2  17   0  37.50 -107.45  0.25E-11
2021   2  17   0  37.55 -107.45  0.24E-11
2021   2  17   0  37.60 -107.45  0.22E-11
2021   2  17   0  37.65 -107.45  0.24E-11
2021   2  17   0  37.70 -107.45  0.25E-11
2021   2  17   0  37.75 -107.45  0.19E-11
2021   2  17   0  37.80 -107.45  0.13E-11
2021   2  17   0  37.85 -107.45  0.22E-11
2021   2  17   0  37.90 -107.45  0.18E-11
2021   2  17   0  37.95 -107.45  0.32E-11
2021   2  17   0  38.00 -107.45  0.24E-11
2021   2  17   0  38.05 -107.45  0.18E-11
2021   2  17   0  38.10 -107.45  0.34E-11
2021   2  17   0  38.15 -107.45  0.31E-11
2021   2  17   0  38.20 -107.45  0.34E-11
2021   2  17   0  38.25 -107.45  0.38E-11
2021   2  17   0  38.30 -107.45  0.24E-11
2021   2  17   0  38.35 -107.45  0.34E-11
2021   2  17   0  38.40 -107.45  0.37E-11
2021   2  17   0  38.45 -107.45  0.29E-11
2021   2  17   0  38.50 -107.45  0.31E-11
2021   2  17   0  38.55 -107.45  0.16E-11
2021   2  17   0  38.60 -107.45  0.50E-12
2021   2  17   0  37.25 -107.40  0.19E-12
2021   2  17   0  37.30 -107.40  0.33E-12
2021   2  17   0  37.35 -107.40  0.67E-12
2021   2  17   0  37.40 -107.40  0.15E-11
2021   2  17   0  37.45 -107.40  0.16E-11
2021   2  17   0  37.50 -107.40  0.24E-11
2021   2  17   0  37.55 -107.40  0.22E-11
2021   2  17   0  37.60 -107.40  0.24E-11
2021   2  17   0  37.65 -107.40  0.25E-11
2021   2  17   0  37.70 -107.40  0.16E-11
2021   2  17   0  37.75 -107.40  0.18E-11
2021   2  17   0  37.80 -107.40  0.22E-11
2021   2  17   0  37.85 -107.40  0.19E-11
2021   2  17   0  37.90 -107.40  0.22E-11
2021   2  17   0  37.95 -107.40  0.30E-11
2021   2  17   0  38.00 -107.40  0.18E-11
2021   2  17   0  38.05 -107.40  0.26E-11
2021   2  17   0  38.10 -107.40  0.31E-11
2021   2  17   0  38.15 -107.40  0.32E-11
2021   2  17   0  38.20 -107.40  0.40E-11
2021   2  17   0  38.25 -107.40  0.27E-11
2021   2  17   0  38.30 -107.40  0.32E-11
2021   2  17   0  38.35 -107.40  0.42E-11
2021   2  17   0  38.40 -107.40  0.34E-11
2021   2  17   0  38.45 -107.40  0.26E-11
2021   2  17   0  38.50 -107.40  0.33E-11
2021   2  17   0  38.55 -107.40  0.18E-11
2021   2  17   0  38.60 -107.40  0.91E-12
2021   2  17   0  37.20 -107.35  0.47E-13
2021   2  17   0  37.25 -107.35  0.24E-12
2021   2  17   0  37.30 -107.35  0.24E-12
2021   2  17   0  37.35 -107.35  0.76E-12
2021   2  17   0  37.40 -107.35  0.15E-11
2021   2  17   0  37.45 -107.35  0.20E-11
2021   2  17   0  37.50 -107.35  0.25E-11
2021   2  17   0  37.55 -107.35  0.21E-11
2021   2  17   0  37.60 -107.35  0.22E-11
2021   2  17   0  37.65 -107.35  0.21E-11
2021   2  17   0  37.70 -107.35  0.20E-11
2021   2  17   0  37.75 -107.35  0.18E-11
2021   2  17   0  37.80 -107.35  0.17E-11
2021   2  17   0  37.85 -107.35  0.25E-11
2021   2  17   0  37.90 -107.35  0.38E-11
2021   2  17   0  37.95 -107.35  0.17E-11
2021   2  17   0  38.00 -107.35  0.17E-11
2021   2  17   0  38.05 -107.35  0.31E-11
2021   2  17   0  38.10 -107.35  0.37E-11
2021   2  17   0  38.15 -107.35  0.27E-11
2021   2  17   0  38.20 -107.35  0.38E-11
2021   2  17   0  38.25 -107.35  0.24E-11
2021   2  17   0  38.30 -107.35  0.35E-11
2021   2  17   0  38.35 -107.35  0.36E-11
2021   2  17   0  38.40 -107.35  0.31E-11
2021   2  17   0  38.45 -107.35  0.29E-11
2021   2  17   0  38.50 -107.35  0.29E-11
2021   2  17   0  38.55 -107.35  0.19E-11
2021   2  17   0  38.60 -107.35  0.11E-11
2021   2  17   0  37.25 -107.30  0.47E-13
2021   2  17   0  37.30 -107.30  0.57E-12
2021   2  17   0  37.35 -107.30  0.76E-12
2021   2  17   0  37.40 -107.30  0.13E-11
2021   2  17   0  37.45 -107.30  0.21E-11
2021   2  17   0  37.50 -107.30  0.18E-11
2021   2  17   0  37.55 -107.30  0.23E-11
2021   2  17   0  37.60 -107.30  0.25E-11
2021   2  17   0  37.65 -107.30  0.21E-11
2021   2  17   0  37.70 -107.30  0.19E-11
2021   2  17   0  37.75 -107.30  0.19E-11
2021   2  17   0  37.80 -107.30  0.20E-11
2021   2  17   0  37.85 -107.30  0.30E-11
2021   2  17   0  37.90 -107.30  0.24E-11
2021   2  17   0  37.95 -107.30  0.17E-11
2021   2  17   0  38.00 -107.30  0.29E-11
2021   2  17   0  38.05 -107.30  0.33E-11
2021   2  17   0  38.10 -107.30  0.28E-11
2021   2  17   0  38.15 -107.30  0.32E-11
2021   2  17   0  38.20 -107.30  0.33E-11
2021   2  17   0  38.25 -107.30  0.24E-11
2021   2  17   0  38.30 -107.30  0.42E-11
2021   2  17   0  38.35 -107.30  0.35E-11
2021   2  17   0  38.40 -107.30  0.31E-11
2021   2  17   0  38.45 -107.30  0.33E-11
2021   2  17   0  38.50 -107.30  0.28E-11
2021   2  17   0  38.55 -107.30  0.19E-11
2021   2  17   0  38.60 -107.30  0.11E-11
2021   2  17   0  37.25 -107.25  0.14E-12
2021   2  17   0  37.30 -107.25  0.24E-12
2021   2  17   0  37.35 -107.25  0.10E-11
2021   2  17   0  37.40 -107.25  0.11E-11
2021   2  17   0  37.45 -107.25  0.17E-11
2021   2  17   0  37.50 -107.25  0.26E-11
2021   2  17   0  37.55 -107.25  0.23E-11
2021   2  17   0  37.60 -107.25  0.20E-11
2021   2  17   0  37.65 -107.25  0.17E-11
2021   2  17   0  37.70 -107.25  0.22E-11
2021   2  17   0  37.75 -107.25  0.19E-11
2021   2  17   0  37.80 -107.25  0.31E-11
2021   2  17   0  37.85 -107.25  0.28E-11
2021   2  17   0  37.90 -107.25  0.18E-11
2021   2  17   0  37.95 -107.25  0.21E-11
2021   2  17   0  38.00 -107.25  0.31E-11
2021   2  17   0  38.05 -107.25  0.33E-11
2021   2  17   0  38.10 -107.25  0.28E-11
2021   2  17   0  38.15 -107.25  0.35E-11
2021   2  17   0  38.20 -107.25  0.26E-11
2021   2  17   0  38.25 -107.25  0.26E-11
2021   2  17   0  38.30 -107.25  0.38E-11
2021   2  17   0  38.35 -107.25  0.37E-11
2021   2  17   0  38.40 -107.25  0.31E-11
2021   2  17   0  38.45 -107.25  0.33E-11
2021   2  17   0  38.50 -107.25  0.27E-11
2021   2  17   0  38.55 -107.25  0.19E-11
2021   2  17   0  38.60 -107.25  0.13E-11
2021   2  17   0  38.65 -107.25  0.58E-13
2021   2  17   0  37.25 -107.20  0.94E-13
2021   2  17   0  37.30 -107.20  0.80E-12
2021   2  17   0  37.35 -107.20  0.99E-12
2021   2  17   0  37.40 -107.20  0.16E-11
2021   2  17   0  37.45 -107.20  0.20E-11
2021   2  17   0  37.50 -107.20  0.19E-11
2021   2  17   0  37.55 -107.20  0.20E-11
2021   2  17   0  37.60 -107.20  0.15E-11
2021   2  17   0  37.65 -107.20  0.21E-11
2021   2  17   0  37.70 -107.20  0.17E-11
2021   2  17   0  37.75 -107.20  0.28E-11
2021   2  17   0  37.80 -107.20  0.28E-11
2021   2  17   0  37.85 -107.20  0.22E-11
2021   2  17   0  37.90 -107.20  0.16E-11
2021   2  17   0  37.95 -107.20  0.28E-11
2021   2  17   0  38.00 -107.20  0.31E-11
2021   2  17   0  38.05 -107.20  0.27E-11
2021   2  17   0  38.10 -107.20  0.30E-11
2021   2  17   0  38.15 -107.20  0.31E-11
2021   2  17   0  38.20 -107.20  0.27E-11
2021   2  17   0  38.25 -107.20  0.29E-11
2021   2  17   0  38.30 -107.20  0.30E-11
2021   2  17   0  38.35 -107.20  0.39E-11
2021   2  17   0  38.40 -107.20  0.28E-11
2021   2  17   0  38.45 -107.20  0.35E-11
2021   2  17   0  38.50 -107.20  0.23E-11
2021   2  17   0  38.55 -107.20  0.22E-11
2021   2  17   0  38.60 -107.20  0.11E-11
2021   2  17   0  38.65 -107.20  0.15E-12
2021   2  17   0  37.25 -107.15  0.23E-12
2021   2  17   0  37.30 -107.15  0.23E-12
2021   2  17   0  37.35 -107.15  0.94E-12
2021   2  17   0  37.40 -107.15  0.12E-11
2021   2  17   0  37.45 -107.15  0.14E-11
2021   2  17   0  37.50 -107.15  0.19E-11
2021   2  17   0  37.55 -107.15  0.15E-11
2021   2  17   0  37.60 -107.15  0.23E-11
2021   2  17   0  37.65 -107.15  0.16E-11
2021   2  17   0  37.70 -107.15  0.25E-11
2021   2  17   0  37.75 -107.15  0.29E-11
2021   2  17   0  37.80 -107.15  0.21E-11
2021   2  17   0  37.85 -107.15  0.16E-11
2021   2  17   0  37.90 -107.15  0.20E-11
2021   2  17   0  37.95 -107.15  0.31E-11
2021   2  17   0  38.00 -107.15  0.27E-11
2021   2  17   0  38.05 -107.15  0.29E-11
2021   2  17   0  38.10 -107.15  0.32E-11
2021   2  17   0  38.15 -107.15  0.29E-11
2021   2  17   0  38.20 -107.15  0.26E-11
2021   2  17   0  38.25 -107.15  0.36E-11
2021   2  17   0  38.30 -107.15  0.33E-11
2021   2  17   0  38.35 -107.15  0.36E-11
2021   2  17   0  38.40 -107.15  0.27E-11
2021   2  17   0  38.45 -107.15  0.33E-11
2021   2  17   0  38.50 -107.15  0.29E-11
2021   2  17   0  38.55 -107.15  0.23E-11
2021   2  17   0  38.60 -107.15  0.16E-11
2021   2  17   0  38.65 -107.15  0.35E-12
2021   2  17   0  37.20 -107.10  0.94E-13
2021   2  17   0  37.25 -107.10  0.19E-12
2021   2  17   0  37.30 -107.10  0.56E-12
2021   2  17   0  37.35 -107.10  0.11E-11
2021   2  17   0  37.40 -107.10  0.13E-11
2021   2  17   0  37.45 -107.10  0.19E-11
2021   2  17   0  37.50 -107.10  0.16E-11
2021   2  17   0  37.55 -107.10  0.25E-11
2021   2  17   0  37.60 -107.10  0.17E-11
2021   2  17   0  37.65 -107.10  0.24E-11
2021   2  17   0  37.70 -107.10  0.29E-11
2021   2  17   0  37.75 -107.10  0.24E-11
2021   2  17   0  37.80 -107.10  0.17E-11
2021   2  17   0  37.85 -107.10  0.21E-11
2021   2  17   0  37.90 -107.10  0.28E-11
2021   2  17   0  37.95 -107.10  0.32E-11
2021   2  17   0  38.00 -107.10  0.28E-11
2021   2  17   0  38.05 -107.10  0.29E-11
2021   2  17   0  38.10 -107.10  0.32E-11
2021   2  17   0  38.15 -107.10  0.26E-11
2021   2  17   0  38.20 -107.10  0.26E-11
2021   2  17   0  38.25 -107.10  0.37E-11
2021   2  17   0  38.30 -107.10  0.28E-11
2021   2  17   0  38.35 -107.10  0.36E-11
2021   2  17   0  38.40 -107.10  0.29E-11
2021   2  17   0  38.45 -107.10  0.32E-11
2021   2  17   0  38.50 -107.10  0.32E-11
2021   2  17   0  38.55 -107.10  0.21E-11
2021   2  17   0  38.60 -107.10  0.17E-11
2021   2  17   0  38.65 -107.10  0.49E-12
2021   2  17   0  37.20 -107.05  0.93E-13
2021   2  17   0  37.25 -107.05  0.23E-12
2021   2  17   0  37.30 -107.05  0.66E-12
2021   2  17   0  37.35 -107.05  0.84E-12
2021   2  17   0  37.40 -107.05  0.11E-11
2021   2  17   0  37.45 -107.05  0.12E-11
2021   2  17   0  37.50 -107.05  0.17E-11
2021   2  17   0  37.55 -107.05  0.15E-11
2021   2  17   0  37.60 -107.05  0.24E-11
2021   2  17   0  37.65 -107.05  0.27E-11
2021   2  17   0  37.70 -107.05  0.26E-11
2021   2  17   0  37.75 -107.05  0.21E-11
2021   2  17   0  37.80 -107.05  0.19E-11
2021   2  17   0  37.85 -107.05  0.22E-11
2021   2  17   0  37.90 -107.05  0.29E-11
2021   2  17   0  37.95 -107.05  0.31E-11
2021   2  17   0  38.00 -107.05  0.32E-11
2021   2  17   0  38.05 -107.05  0.29E-11
2021   2  17   0  38.10 -107.05  0.31E-11
2021   2  17   0  38.15 -107.05  0.29E-11
2021   2  17   0  38.20 -107.05  0.27E-11
2021   2  17   0  38.25 -107.05  0.31E-11
2021   2  17   0  38.30 -107.05  0.34E-11
2021   2  17   0  38.35 -107.05  0.30E-11
2021   2  17   0  38.40 -107.05  0.34E-11
2021   2  17   0  38.45 -107.05  0.35E-11
2021   2  17   0  38.50 -107.05  0.30E-11
2021   2  17   0  38.55 -107.05  0.23E-11
2021   2  17   0  38.60 -107.05  0.19E-11
2021   2  17   0  38.65 -107.05  0.55E-12
2021   2  17   0  37.25 -107.00  0.19E-12
2021   2  17   0  37.30 -107.00  0.28E-12
2021   2  17   0  37.35 -107.00  0.84E-12
2021   2  17   0  37.40 -107.00  0.11E-11
2021   2  17   0  37.45 -107.00  0.13E-11
2021   2  17   0  37.50 -107.00  0.16E-11
2021   2  17   0  37.55 -107.00  0.23E-11
2021   2  17   0  37.60 -107.00  0.24E-11
2021   2  17   0  37.65 -107.00  0.25E-11
2021   2  17   0  37.70 -107.00  0.22E-11
2021   2  17   0  37.75 -107.00  0.22E-11
2021   2  17   0  37.80 -107.00  0.18E-11
2021   2  17   0  37.85 -107.00  0.29E-11
2021   2  17   0  37.90 -107.00  0.32E-11
2021   2  17   0  37.95 -107.00  0.31E-11
2021   2  17   0  38.00 -107.00  0.28E-11
2021   2  17   0  38.05 -107.00  0.35E-11
2021   2  17   0  38.10 -107.00  0.24E-11
2021   2  17   0  38.15 -107.00  0.28E-11
2021   2  17   0  38.20 -107.00  0.29E-11
2021   2  17   0  38.25 -107.00  0.34E-11
2021   2  17   0  38.30 -107.00  0.30E-11
2021   2  17   0  38.35 -107.00  0.28E-11
2021   2  17   0  38.40 -107.00  0.36E-11
2021   2  17   0  38.45 -107.00  0.30E-11
2021   2  17   0  38.50 -107.00  0.30E-11
2021   2  17   0  38.55 -107.00  0.22E-11
2021   2  17   0  38.60 -107.00  0.20E-11
2021   2  17   0  38.65 -107.00  0.59E-12
2021   2  17   0  37.25 -106.95  0.46E-13
2021   2  17   0  37.30 -106.95  0.51E-12
2021   2  17   0  37.35 -106.95  0.56E-12
2021   2  17   0  37.40 -106.95  0.65E-12
2021   2  17   0  37.45 -106.95  0.89E-12
2021   2  17   0  37.50 -106.95  0.12E-11
2021   2  17   0  37.55 -106.95  0.25E-11
2021   2  17   0  37.60 -106.95  0.28E-11
2021   2  17   0  37.65 -106.95  0.19E-11
2021   2  17   0  37.70 -106.95  0.22E-11
2021   2  17   0  37.75 -106.95  0.18E-11
2021   2  17   0  37.80 -106.95  0.29E-11
2021   2  17   0  37.85 -106.95  0.33E-11
2021   2  17   0  37.90 -106.95  0.32E-11
2021   2  17   0  37.95 -106.95  0.32E-11
2021   2  17   0  38.00 -106.95  0.25E-11
2021   2  17   0  38.05 -106.95  0.28E-11
2021   2  17   0  38.10 -106.95  0.24E-11
2021   2  17   0  38.15 -106.95  0.27E-11
2021   2  17   0  38.20 -106.95  0.31E-11
2021   2  17   0  38.25 -106.95  0.29E-11
2021   2  17   0  38.30 -106.95  0.31E-11
2021   2  17   0  38.35 -106.95  0.29E-11
2021   2  17   0  38.40 -106.95  0.36E-11
2021   2  17   0  38.45 -106.95  0.30E-11
2021   2  17   0  38.50 -106.95  0.31E-11
2021   2  17   0  38.55 -106.95  0.21E-11
2021   2  17   0  38.60 -106.95  0.20E-11
2021   2  17   0  38.65 -106.95  0.56E-12
2021   2  17   0  38.70 -106.95  0.61E-13
2021   2  17   0  37.25 -106.90  0.46E-13
2021   2  17   0  37.30 -106.90  0.33E-12
2021   2  17   0  37.35 -106.90  0.23E-12
2021   2  17   0  37.40 -106.90  0.74E-12
2021   2  17   0  37.45 -106.90  0.98E-12
2021   2  17   0  37.50 -106.90  0.22E-11
2021   2  17   0  37.55 -106.90  0.27E-11
2021   2  17   0  37.60 -106.90  0.21E-11
2021   2  17   0  37.65 -106.90  0.23E-11
2021   2  17   0  37.70 -106.90  0.18E-11
2021   2  17   0  37.75 -106.90  0.23E-11
2021   2  17   0  37.80 -106.90  0.29E-11
2021   2  17   0  37.85 -106.90  0.31E-11
2021   2  17   0  37.90 -106.90  0.30E-11
2021   2  17   0  37.95 -106.90  0.26E-11
2021   2  17   0  38.00 -106.90  0.31E-11
2021   2  17   0  38.05 -106.90  0.26E-11
2021   2  17   0  38.10 -106.90  0.30E-11
2021   2  17   0  38.15 -106.90  0.28E-11
2021   2  17   0  38.20 -106.90  0.35E-11
2021   2  17   0  38.25 -106.90  0.29E-11
2021   2  17   0  38.30 -106.90  0.33E-11
2021   2  17   0  38.35 -106.90  0.34E-11
2021   2  17   0  38.40 -106.90  0.38E-11
2021   2  17   0  38.45 -106.90  0.31E-11
2021   2  17   0  38.50 -106.90  0.29E-11
2021   2  17   0  38.55 -106.90  0.24E-11
2021   2  17   0  38.60 -106.90  0.20E-11
2021   2  17   0  38.65 -106.90  0.71E-12
2021   2  17   0  38.70 -106.90  0.16E-12
2021   2  17   0  37.25 -106.85  0.46E-13
2021   2  17   0  37.35 -106.85  0.32E-12
2021   2  17   0  37.40 -106.85  0.93E-12
2021   2  17   0  37.45 -106.85  0.19E-11
2021   2  17   0  37.50 -106.85  0.17E-11
2021   2  17   0  37.55 -106.85  0.17E-11
2021   2  17   0  37.60 -106.85  0.22E-11
2021   2  17   0  37.65 -106.85  0.16E-11
2021   2  17   0  37.70 -106.85  0.21E-11
2021   2  17   0  37.75 -106.85  0.29E-11
2021   2  17   0  37.80 -106.85  0.31E-11
2021   2  17   0  37.85 -106.85  0.34E-11
2021   2  17   0  37.90 -106.85  0.28E-11
2021   2  17   0  37.95 -106.85  0.28E-11
2021   2  17   0  38.00 -106.85  0.24E-11
2021   2  17   0  38.05 -106.85  0.26E-11
2021   2  17   0  38.10 -106.85  0.31E-11
2021   2  17   0  38.15 -106.85  0.32E-11
2021   2  17   0  38.20 -106.85  0.34E-11
2021   2  17   0  38.25 -106.85  0.32E-11
2021   2  17   0  38.30 -106.85  0.30E-11
2021   2  17   0  38.35 -106.85  0.33E-11
2021   2  17   0  38.40 -106.85  0.33E-11
2021   2  17   0  38.45 -106.85  0.28E-11
2021   2  17   0  38.50 -106.85  0.29E-11
2021   2  17   0  38.55 -106.85  0.22E-11
2021   2  17   0  38.60 -106.85  0.19E-11
2021   2  17   0  38.65 -106.85  0.11E-11
2021   2  17   0  38.70 -106.85  0.18E-12
2021   2  17   0  37.30 -106.80  0.93E-13
2021   2  17   0  37.35 -106.80  0.60E-12
2021   2  17   0  37.40 -106.80  0.13E-11
2021   2  17   0  37.45 -106.80  0.12E-11
2021   2  17   0  37.50 -106.80  0.14E-11
2021   2  17   0  37.55 -106.80  0.18E-11
2021   2  17   0  37.60 -106.80  0.19E-11
2021   2  17   0  37.65 -106.80  0.22E-11
2021   2  17   0  37.70 -106.80  0.30E-11
2021   2  17   0  37.75 -106.80  0.30E-11
2021   2  17   0  37.80 -106.80  0.38E-11
2021   2  17   0  37.85 -106.80  0.32E-11
2021   2  17   0  37.90 -106.80  0.22E-11
2021   2  17   0  37.95 -106.80  0.29E-11
2021   2  17   0  38.00 -106.80  0.28E-11
2021   2  17   0  38.05 -106.80  0.29E-11
2021   2  17   0  38.10 -106.80  0.31E-11
2021   2  17   0  38.15 -106.80  0.32E-11
2021   2  17   0  38.20 -106.80  0.33E-11
2021   2  17   0  38.25 -106.80  0.28E-11
2021   2  17   0  38.30 -106.80  0.34E-11
2021   2  17   0  38.35 -106.80  0.31E-11
2021   2  17   0  38.40 -106.80  0.32E-11
2021   2  17   0  38.45 -106.80  0.37E-11
2021   2  17   0  38.50 -106.80  0.25E-11
2021   2  17   0  38.55 -106.80  0.26E-11
2021   2  17   0  38.60 -106.80  0.19E-11
2021   2  17   0  38.65 -106.80  0.13E-11
2021   2  17   0  38.70 -106.80  0.29E-12
2021   2  17   0  37.25 -106.75  0.92E-13
2021   2  17   0  37.30 -106.75  0.46E-12
2021   2  17   0  37.35 -106.75  0.65E-12
2021   2  17   0  37.40 -106.75  0.83E-12
2021   2  17   0  37.45 -106.75  0.13E-11
2021   2  17   0  37.50 -106.75  0.16E-11
2021   2  17   0  37.55 -106.75  0.14E-11
2021   2  17   0  37.60 -106.75  0.22E-11
2021   2  17   0  37.65 -106.75  0.26E-11
2021   2  17   0  37.70 -106.75  0.24E-11
2021   2  17   0  37.75 -106.75  0.40E-11
2021   2  17   0  37.80 -106.75  0.32E-11
2021   2  17   0  37.85 -106.75  0.21E-11
2021   2  17   0  37.90 -106.75  0.28E-11
2021   2  17   0  37.95 -106.75  0.22E-11
2021   2  17   0  38.00 -106.75  0.30E-11
2021   2  17   0  38.05 -106.75  0.30E-11
2021   2  17   0  38.10 -106.75  0.36E-11
2021   2  17   0  38.15 -106.75  0.29E-11
2021   2  17   0  38.20 -106.75  0.35E-11
2021   2  17   0  38.25 -106.75  0.24E-11
2021   2  17   0  38.30 -106.75  0.35E-11
2021   2  17   0  38.35 -106.75  0.33E-11
2021   2  17   0  38.40 -106.75  0.35E-11
2021   2  17   0  38.45 -106.75  0.33E-11
2021   2  17   0  38.50 -106.75  0.29E-11
2021   2  17   0  38.55 -106.75  0.22E-11
2021   2  17   0  38.60 -106.75  0.21E-11
2021   2  17   0  38.65 -106.75  0.16E-11
2021   2  17   0  38.70 -106.75  0.45E-12
2021   2  17   0  37.25 -106.70  0.18E-12
2021   2  17   0  37.30 -106.70  0.28E-12
2021   2  17   0  37.35 -106.70  0.65E-12
2021   2  17   0  37.40 -106.70  0.97E-12
2021   2  17   0  37.45 -106.70  0.11E-11
2021   2  17   0  37.50 -106.70  0.11E-11
2021   2  17   0  37.55 -106.70  0.18E-11
2021   2  17   0  37.60 -106.70  0.26E-11
2021   2  17   0  37.65 -106.70  0.25E-11
2021   2  17   0  37.70 -106.70  0.48E-11
2021   2  17   0  37.75 -106.70  0.28E-11
2021   2  17   0  37.80 -106.70  0.25E-11
2021   2  17   0  37.85 -106.70  0.25E-11
2021   2  17   0  37.90 -106.70  0.22E-11
2021   2  17   0  37.95 -106.70  0.27E-11
2021   2  17   0  38.00 -106.70  0.29E-11
2021   2  17   0  38.05 -106.70  0.27E-11
2021   2  17   0  38.10 -106.70  0.28E-11
2021   2  17   0  38.15 -106.70  0.35E-11
2021   2  17   0  38.20 -106.70  0.27E-11
2021   2  17   0  38.25 -106.70  0.33E-11
2021   2  17   0  38.30 -106.70  0.30E-11
2021   2  17   0  38.35 -106.70  0.30E-11
2021   2  17   0  38.40 -106.70  0.37E-11
2021   2  17   0  38.45 -106.70  0.31E-11
2021   2  17   0  38.50 -106.70  0.30E-11
2021   2  17   0  38.55 -106.70  0.26E-11
2021   2  17   0  38.60 -106.70  0.20E-11
2021   2  17   0  38.65 -106.70  0.16E-11
2021   2  17   0  38.70 -106.70  0.55E-12
2021   2  17   0  37.25 -106.65  0.92E-13
2021   2  17   0  37.30 -106.65  0.23E-12
2021   2  17   0  37.35 -106.65  0.65E-12
2021   2  17   0  37.40 -106.65  0.69E-12
2021   2  17   0  37.45 -106.65  0.65E-12
2021   2  17   0  37.50 -106.65  0.14E-11
2021   2  17   0  37.55 -106.65  0.16E-11
2021   2  17   0  37.60 -106.65  0.28E-11
2021   2  17   0  37.65 -106.65  0.44E-11
2021   2  17   0  37.70 -106.65  0.29E-11
2021   2  17   0  37.75 -106.65  0.26E-11
2021   2  17   0  37.80 -106.65  0.21E-11
2021   2  17   0  37.85 -106.65  0.22E-11
2021   2  17   0  37.90 -106.65  0.26E-11
2021   2  17   0  37.95 -106.65  0.29E-11
2021   2  17   0  38.00 -106.65  0.27E-11
2021   2  17   0  38.05 -106.65  0.34E-11
2021   2  17   0  38.10 -106.65  0.31E-11
2021   2  17   0  38.15 -106.65  0.33E-11
2021   2  17   0  38.20 -106.65  0.26E-11
2021   2  17   0  38.25 -106.65  0.33E-11
2021   2  17   0  38.30 -106.65  0.33E-11
2021   2  17   0  38.35 -106.65  0.32E-11
2021   2  17   0  38.40 -106.65  0.40E-11
2021   2  17   0  38.45 -106.65  0.29E-11
2021   2  17   0  38.50 -106.65  0.24E-11
2021   2  17   0  38.55 -106.65  0.27E-11
2021   2  17   0  38.60 -106.65  0.22E-11
2021   2  17   0  38.65 -106.65  0.15E-11
2021   2  17   0  38.70 -106.65  0.55E-12
2021   2  17   0  37.25 -106.60  0.46E-13
2021   2  17   0  37.30 -106.60  0.46E-13
2021   2  17   0  37.35 -106.60  0.37E-12
2021   2  17   0  37.40 -106.60  0.55E-12
2021   2  17   0  37.45 -106.60  0.11E-11
2021   2  17   0  37.50 -106.60  0.11E-11
2021   2  17   0  37.55 -106.60  0.25E-11
2021   2  17   0  37.60 -106.60  0.32E-11
2021   2  17   0  37.65 -106.60  0.24E-11
2021   2  17   0  37.70 -106.60  0.28E-11
2021   2  17   0  37.75 -106.60  0.21E-11
2021   2  17   0  37.80 -106.60  0.17E-11
2021   2  17   0  37.85 -106.60  0.28E-11
2021   2  17   0  37.90 -106.60  0.21E-11
2021   2  17   0  37.95 -106.60  0.26E-11
2021   2  17   0  38.00 -106.60  0.31E-11
2021   2  17   0  38.05 -106.60  0.24E-11
2021   2  17   0  38.10 -106.60  0.35E-11
2021   2  17   0  38.15 -106.60  0.27E-11
2021   2  17   0  38.20 -106.60  0.28E-11
2021   2  17   0  38.25 -106.60  0.37E-11
2021   2  17   0  38.30 -106.60  0.31E-11
2021   2  17   0  38.35 -106.60  0.34E-11
2021   2  17   0  38.40 -106.60  0.36E-11
2021   2  17   0  38.45 -106.60  0.31E-11
2021   2  17   0  38.50 -106.60  0.25E-11
2021   2  17   0  38.55 -106.60  0.28E-11
2021   2  17   0  38.60 -106.60  0.23E-11
2021   2  17   0  38.65 -106.60  0.13E-11
2021   2  17   0  38.70 -106.60  0.44E-12
2021   2  17   0  37.30 -106.55  0.92E-13
2021   2  17   0  37.35 -106.55  0.27E-12
2021   2  17   0  37.40 -106.55  0.55E-12
2021   2  17   0  37.45 -106.55  0.87E-12
2021   2  17   0  37.50 -106.55  0.21E-11
2021   2  17   0  37.55 -106.55  0.27E-11
2021   2  17   0  37.60 -106.55  0.21E-11
2021   2  17   0  37.65 -106.55  0.24E-11
2021   2  17   0  37.70 -106.55  0.24E-11
2021   2  17   0  37.75 -106.55  0.25E-11
2021   2  17   0  37.80 -106.55  0.33E-11
2021   2  17   0  37.85 -106.55  0.25E-11
2021   2  17   0  37.90 -106.55  0.30E-11
2021   2  17   0  37.95 -106.55  0.27E-11
2021   2  17   0  38.00 -106.55  0.25E-11
2021   2  17   0  38.05 -106.55  0.35E-11
2021   2  17   0  38.10 -106.55  0.27E-11
2021   2  17   0  38.15 -106.55  0.27E-11
2021   2  17   0  38.20 -106.55  0.31E-11
2021   2  17   0  38.25 -106.55  0.34E-11
2021   2  17   0  38.30 -106.55  0.32E-11
2021   2  17   0  38.35 -106.55  0.37E-11
2021   2  17   0  38.40 -106.55  0.29E-11
2021   2  17   0  38.45 -106.55  0.28E-11
2021   2  17   0  38.50 -106.55  0.26E-11
2021   2  17   0  38.55 -106.55  0.28E-11
2021   2  17   0  38.60 -106.55  0.25E-11
2021   2  17   0  38.65 -106.55  0.14E-11
2021   2  17   0  38.70 -106.55  0.39E-12
2021   2  17   0  37.30 -106.50  0.91E-13
2021   2  17   0  37.35 -106.50  0.92E-13
2021   2  17   0  37.40 -106.50  0.78E-12
2021   2  17   0  37.45 -106.50  0.10E-11
2021   2  17   0  37.50 -106.50  0.13E-11
2021   2  17   0  37.55 -106.50  0.11E-11
2021   2  17   0  37.60 -106.50  0.19E-11
2021   2  17   0  37.65 -106.50  0.26E-11
2021   2  17   0  37.70 -106.50  0.23E-11
2021   2  17   0  37.75 -106.50  0.31E-11
2021   2  17   0  37.80 -106.50  0.27E-11
2021   2  17   0  37.85 -106.50  0.25E-11
2021   2  17   0  37.90 -106.50  0.25E-11
2021   2  17   0  37.95 -106.50  0.25E-11
2021   2  17   0  38.00 -106.50  0.28E-11
2021   2  17   0  38.05 -106.50  0.28E-11
2021   2  17   0  38.10 -106.50  0.25E-11
2021   2  17   0  38.15 -106.50  0.31E-11
2021   2  17   0  38.20 -106.50  0.35E-11
2021   2  17   0  38.25 -106.50  0.35E-11
2021   2  17   0  38.30 -106.50  0.39E-11
2021   2  17   0  38.35 -106.50  0.36E-11
2021   2  17   0  38.40 -106.50  0.29E-11
2021   2  17   0  38.45 -106.50  0.34E-11
2021   2  17   0  38.50 -106.50  0.27E-11
2021   2  17   0  38.55 -106.50  0.23E-11
2021   2  17   0  38.60 -106.50  0.29E-11
2021   2  17   0  38.65 -106.50  0.12E-11
2021   2  17   0  38.70 -106.50  0.36E-12
2021   2  17   0  37.35 -106.45  0.91E-13
2021   2  17   0  37.40 -106.45  0.68E-12
2021   2  17   0  37.45 -106.45  0.55E-12
2021   2  17   0  37.50 -106.45  0.11E-11
2021   2  17   0  37.55 -106.45  0.15E-11
2021   2  17   0  37.60 -106.45  0.20E-11
2021   2  17   0  37.65 -106.45  0.19E-11
2021   2  17   0  37.70 -106.45  0.26E-11
2021   2  17   0  37.75 -106.45  0.26E-11
2021   2  17   0  37.80 -106.45  0.30E-11
2021   2  17   0  37.85 -106.45  0.25E-11
2021   2  17   0  37.90 -106.45  0.23E-11
2021   2  17   0  37.95 -106.45  0.32E-11
2021   2  17   0  38.00 -106.45  0.26E-11
2021   2  17   0  38.05 -106.45  0.32E-11
2021   2  17   0  38.10 -106.45  0.34E-11
2021   2  17   0  38.15 -106.45  0.31E-11
2021   2  17   0  38.20 -106.45  0.36E-11
2021   2  17   0  38.25 -106.45  0.33E-11
2021   2  17   0  38.30 -106.45  0.36E-11
2021   2  17   0  38.35 -106.45  0.36E-11
2021   2  17   0  38.40 -106.45  0.33E-11
2021   2  17   0  38.45 -106.45  0.33E-11
2021   2  17   0  38.50 -106.45  0.24E-11
2021   2  17   0  38.55 -106.45  0.25E-11
2021   2  17   0  38.60 -106.45  0.28E-11
2021   2  17   0  38.65 -106.45  0.14E-11
2021   2  17   0  38.70 -106.45  0.26E-12
2021   2  17   0  37.35 -106.40  0.91E-13
2021   2  17   0  37.40 -106.40  0.23E-12
2021   2  17   0  37.45 -106.40  0.46E-12
2021   2  17   0  37.50 -106.40  0.64E-12
2021   2  17   0  37.55 -106.40  0.12E-11
2021   2  17   0  37.60 -106.40  0.16E-11
2021   2  17   0  37.65 -106.40  0.20E-11
2021   2  17   0  37.70 -106.40  0.19E-11
2021   2  17   0  37.75 -106.40  0.26E-11
2021   2  17   0  37.80 -106.40  0.27E-11
2021   2  17   0  37.85 -106.40  0.30E-11
2021   2  17   0  37.90 -106.40  0.27E-11
2021   2  17   0  37.95 -106.40  0.26E-11
2021   2  17   0  38.00 -106.40  0.30E-11
2021   2  17   0  38.05 -106.40  0.28E-11
2021   2  17   0  38.10 -106.40  0.34E-11
2021   2  17   0  38.15 -106.40  0.35E-11
2021   2  17   0  38.20 -106.40  0.31E-11
2021   2  17   0  38.25 -106.40  0.41E-11
2021   2  17   0  38.30 -106.40  0.37E-11
2021   2  17   0  38.35 -106.40  0.32E-11
2021   2  17   0  38.40 -106.40  0.36E-11
2021   2  17   0  38.45 -106.40  0.28E-11
2021   2  17   0  38.50 -106.40  0.29E-11
2021   2  17   0  38.55 -106.40  0.24E-11
2021   2  17   0  38.60 -106.40  0.26E-11
2021   2  17   0  38.65 -106.40  0.12E-11
2021   2  17   0  38.70 -106.40  0.18E-12
2021   2  17   0  37.35 -106.35  0.91E-13
2021   2  17   0  37.40 -106.35  0.36E-12
2021   2  17   0  37.45 -106.35  0.46E-12
2021   2  17   0  37.50 -106.35  0.73E-12
2021   2  17   0  37.55 -106.35  0.12E-11
2021   2  17   0  37.60 -106.35  0.12E-11
2021   2  17   0  37.65 -106.35  0.16E-11
2021   2  17   0  37.70 -106.35  0.22E-11
2021   2  17   0  37.75 -106.35  0.27E-11
2021   2  17   0  37.80 -106.35  0.32E-11
2021   2  17   0  37.85 -106.35  0.25E-11
2021   2  17   0  37.90 -106.35  0.24E-11
2021   2  17   0  37.95 -106.35  0.30E-11
2021   2  17   0  38.00 -106.35  0.31E-11
2021   2  17   0  38.05 -106.35  0.31E-11
2021   2  17   0  38.10 -106.35  0.37E-11
2021   2  17   0  38.15 -106.35  0.30E-11
2021   2  17   0  38.20 -106.35  0.32E-11
2021   2  17   0  38.25 -106.35  0.36E-11
2021   2  17   0  38.30 -106.35  0.34E-11
2021   2  17   0  38.35 -106.35  0.35E-11
2021   2  17   0  38.40 -106.35  0.33E-11
2021   2  17   0  38.45 -106.35  0.33E-11
2021   2  17   0  38.50 -106.35  0.33E-11
2021   2  17   0  38.55 -106.35  0.25E-11
2021   2  17   0  38.60 -106.35  0.28E-11
2021   2  17   0  38.65 -106.35  0.96E-12
2021   2  17   0  38.70 -106.35  0.16E-12
2021   2  17   0  37.40 -106.30  0.18E-12
2021   2  17   0  37.45 -106.30  0.36E-12
2021   2  17   0  37.50 -106.30  0.36E-12
2021   2  17   0  37.55 -106.30  0.11E-11
2021   2  17   0  37.60 -106.30  0.15E-11
2021   2  17   0  37.65 -106.30  0.21E-11
2021   2  17   0  37.70 -106.30  0.24E-11
2021   2  17   0  37.75 -106.30  0.29E-11
2021   2  17   0  37.80 -106.30  0.26E-11
2021   2  17   0  37.85 -106.30  0.30E-11
2021   2  17   0  37.90 -106.30  0.34E-11
2021   2  17   0  37.95 -106.30  0.30E-11
2021   2  17   0  38.00 -106.30  0.30E-11
2021   2  17   0  38.05 -106.30  0.33E-11
2021   2  17   0  38.10 -106.30  0.29E-11
2021   2  17   0  38.15 -106.30  0.29E-11
2021   2  17   0  38.20 -106.30  0.30E-11
2021   2  17   0  38.25 -106.30  0.41E-11
2021   2  17   0  38.30 -106.30  0.30E-11
2021   2  17   0  38.35 -106.30  0.40E-11
2021   2  17   0  38.40 -106.30  0.40E-11
2021   2  17   0  38.45 -106.30  0.29E-11
2021   2  17   0  38.50 -106.30  0.30E-11
2021   2  17   0  38.55 -106.30  0.21E-11
2021   2  17   0  38.60 -106.30  0.25E-11
2021   2  17   0  38.65 -106.30  0.88E-12
2021   2  17   0  38.70 -106.30  0.16E-12
2021   2  17   0  37.40 -106.25  0.45E-13
2021   2  17   0  37.45 -106.25  0.23E-12
2021   2  17   0  37.50 -106.25  0.81E-12
2021   2  17   0  37.55 -106.25  0.12E-11
2021   2  17   0  37.60 -106.25  0.14E-11
2021   2  17   0  37.65 -106.25  0.18E-11
2021   2  17   0  37.70 -106.25  0.19E-11
2021   2  17   0  37.75 -106.25  0.22E-11
2021   2  17   0  37.80 -106.25  0.26E-11
2021   2  17   0  37.85 -106.25  0.27E-11
2021   2  17   0  37.90 -106.25  0.26E-11
2021   2  17   0  37.95 -106.25  0.32E-11
2021   2  17   0  38.00 -106.25  0.40E-11
2021   2  17   0  38.05 -106.25  0.27E-11
2021   2  17   0  38.10 -106.25  0.33E-11
2021   2  17   0  38.15 -106.25  0.28E-11
2021   2  17   0  38.20 -106.25  0.28E-11
2021   2  17   0  38.25 -106.25  0.39E-11
2021   2  17   0  38.30 -106.25  0.34E-11
2021   2  17   0  38.35 -106.25  0.31E-11
2021   2  17   0  38.40 -106.25  0.42E-11
2021   2  17   0  38.45 -106.25  0.31E-11
2021   2  17   0  38.50 -106.25  0.31E-11
2021   2  17   0  38.55 -106.25  0.25E-11
2021   2  17   0  38.60 -106.25  0.23E-11
2021   2  17   0  38.65 -106.25  0.77E-12
2021   2  17   0  38.70 -106.25  0.15E-12
2021   2  17   0  37.45 -106.20  0.18E-12
2021   2  17   0  37.50 -106.20  0.45E-12
2021   2  17   0  37.55 -106.20  0.77E-12
2021   2  17   0  37.60 -106.20  0.99E-12
2021   2  17   0  37.65 -106.20  0.13E-11
2021   2  17   0  37.70 -106.20  0.20E-11
2021   2  17   0  37.75 -106.20  0.20E-11
2021   2  17   0  37.80 -106.20  0.23E-11
2021   2  17   0  37.85 -106.20  0.27E-11
2021   2  17   0  37.90 -106.20  0.25E-11
2021   2  17   0  37.95 -106.20  0.39E-11
2021   2  17   0  38.00 -106.20  0.28E-11
2021   2  17   0  38.05 -106.20  0.42E-11
2021   2  17   0  38.10 -106.20  0.27E-11
2021   2  17   0  38.15 -106.20  0.31E-11
2021   2  17   0  38.20 -106.20  0.32E-11
2021   2  17   0  38.25 -106.20  0.39E-11
2021   2  17   0  38.30 -106.20  0.31E-11
2021   2  17   0  38.35 -106.20  0.39E-11
2021   2  17   0  38.40 -106.20  0.44E-11
2021   2  17   0  38.45 -106.20  0.25E-11
2021   2  17   0  38.50 -106.20  0.33E-11
2021   2  17   0  38.55 -106.20  0.24E-11
2021   2  17   0  38.60 -106.20  0.22E-11
2021   2  17   0  38.65 -106.20  0.54E-12
2021   2  17   0  38.70 -106.20  0.10E-12
2021   2  17   0  37.50 -106.15  0.13E-12
2021   2  17   0  37.55 -106.15  0.63E-12
2021   2  17   0  37.60 -106.15  0.11E-11
2021   2  17   0  37.65 -106.15  0.15E-11
2021   2  17   0  37.70 -106.15  0.17E-11
2021   2  17   0  37.75 -106.15  0.19E-11
2021   2  17   0  37.80 -106.15  0.21E-11
2021   2  17   0  37.85 -106.15  0.31E-11
2021   2  17   0  37.90 -106.15  0.41E-11
2021   2  17   0  37.95 -106.15  0.28E-11
2021   2  17   0  38.00 -106.15  0.34E-11
2021   2  17   0  38.05 -106.15  0.30E-11
2021   2  17   0  38.10 -106.15  0.34E-11
2021   2  17   0  38.15 -106.15  0.30E-11
2021   2  17   0  38.20 -106.15  0.40E-11
2021   2  17   0  38.25 -106.15  0.35E-11
2021   2  17   0  38.30 -106.15  0.35E-11
2021   2  17   0  38.35 -106.15  0.36E-11
2021   2  17   0  38.40 -106.15  0.44E-11
2021   2  17   0  38.45 -106.15  0.22E-11
2021   2  17   0  38.50 -106.15  0.35E-11
2021   2  17   0  38.55 -106.15  0.23E-11
2021   2  17   0  38.60 -106.15  0.21E-11
2021   2  17   0  38.65 -106.15  0.46E-12
2021   2  17   0  38.70 -106.15  0.77E-13
2021   2  17   0  37.45 -106.10  0.45E-13
2021   2  17   0  37.50 -106.10  0.45E-13
2021   2  17   0  37.55 -106.10  0.22E-12
2021   2  17   0  37.60 -106.10  0.40E-12
2021   2  17   0  37.65 -106.10  0.81E-12
2021   2  17   0  37.70 -106.10  0.12E-11
2021   2  17   0  37.75 -106.10  0.19E-11
2021   2  17   0  37.80 -106.10  0.34E-11
2021   2  17   0  37.85 -106.10  0.32E-11
2021   2  17   0  37.90 -106.10  0.25E-11
2021   2  17   0  37.95 -106.10  0.35E-11
2021   2  17   0  38.00 -106.10  0.32E-11
2021   2  17   0  38.05 -106.10  0.32E-11
2021   2  17   0  38.10 -106.10  0.36E-11
2021   2  17   0  38.15 -106.10  0.29E-11
2021   2  17   0  38.20 -106.10  0.40E-11
2021   2  17   0  38.25 -106.10  0.40E-11
2021   2  17   0  38.30 -106.10  0.38E-11
2021   2  17   0  38.35 -106.10  0.39E-11
2021   2  17   0  38.40 -106.10  0.40E-11
2021   2  17   0  38.45 -106.10  0.27E-11
2021   2  17   0  38.50 -106.10  0.34E-11
2021   2  17   0  38.55 -106.10  0.26E-11
2021   2  17   0  38.60 -106.10  0.16E-11
2021   2  17   0  38.65 -106.10  0.33E-12
2021   2  17   0  38.70 -106.10  0.10E-12
2021   2  17   0  37.45 -106.05  0.90E-13
2021   2  17   0  37.50 -106.05  0.18E-12
2021   2  17   0  37.55 -106.05  0.36E-12
2021   2  17   0  37.60 -106.05  0.59E-12
2021   2  17   0  37.65 -106.05  0.12E-11
2021   2  17   0  37.70 -106.05  0.24E-11
2021   2  17   0  37.75 -106.05  0.29E-11
2021   2  17   0  37.80 -106.05  0.28E-11
2021   2  17   0  37.85 -106.05  0.30E-11
2021   2  17   0  37.90 -106.05  0.31E-11
2021   2  17   0  37.95 -106.05  0.27E-11
2021   2  17   0  38.00 -106.05  0.34E-11
2021   2  17   0  38.05 -106.05  0.30E-11
2021   2  17   0  38.10 -106.05  0.26E-11
2021   2  17   0  38.15 -106.05  0.39E-11
2021   2  17   0  38.20 -106.05  0.52E-11
2021   2  17   0  38.25 -106.05  0.39E-11
2021   2  17   0  38.30 -106.05  0.42E-11
2021   2  17   0  38.35 -106.05  0.40E-11
2021   2  17   0  38.40 -106.05  0.42E-11
2021   2  17   0  38.45 -106.05  0.30E-11
2021   2  17   0  38.50 -106.05  0.30E-11
2021   2  17   0  38.55 -106.05  0.30E-11
2021   2  17   0  38.60 -106.05  0.12E-11
2021   2  17   0  38.65 -106.05  0.33E-12
2021   2  17   0  38.70 -106.05  0.10E-12
2021   2  17   0  37.55 -106.00  0.45E-12
2021   2  17   0  37.60 -106.00  0.11E-11
2021   2  17   0  37.65 -106.00  0.13E-11
2021   2  17   0  37.70 -106.00  0.12E-11
2021   2  17   0  37.75 -106.00  0.18E-11
2021   2  17   0  37.80 -106.00  0.28E-11
2021   2  17   0  37.85 -106.00  0.29E-11
2021   2  17   0  37.90 -106.00  0.27E-11
2021   2  17   0  37.95 -106.00  0.32E-11
2021   2  17   0  38.00 -106.00  0.29E-11
2021   2  17   0  38.05 -106.00  0.37E-11
2021   2  17   0  38.10 -106.00  0.33E-11
2021   2  17   0  38.15 -106.00  0.45E-11
2021   2  17   0  38.20 -106.00  0.45E-11
2021   2  17   0  38.25 -106.00  0.40E-11
2021   2  17   0  38.30 -106.00  0.39E-11
2021   2  17   0  38.35 -106.00  0.47E-11
2021   2  17   0  38.40 -106.00  0.34E-11
2021   2  17   0  38.45 -106.00  0.31E-11
2021   2  17   0  38.50 -106.00  0.28E-11
2021   2  17   0  38.55 -106.00  0.26E-11
2021   2  17   0  38.60 -106.00  0.10E-11
2021   2  17   0  38.65 -106.00  0.20E-12
2021   2  17   0  38.70 -106.00  0.10E-12
2021   2  17   0  37.50 -105.95  0.45E-13
2021   2  17   0  37.55 -105.95  0.90E-13
2021   2  17   0  37.60 -105.95  0.31E-12
2021   2  17   0  37.65 -105.95  0.10E-11
2021   2  17   0  37.70 -105.95  0.11E-11
2021   2  17   0  37.75 -105.95  0.19E-11
2021   2  17   0  37.80 -105.95  0.19E-11
2021   2  17   0  37.85 -105.95  0.26E-11
2021   2  17   0  37.90 -105.95  0.24E-11
2021   2  17   0  37.95 -105.95  0.24E-11
2021   2  17   0  38.00 -105.95  0.32E-11
2021   2  17   0  38.05 -105.95  0.31E-11
2021   2  17   0  38.10 -105.95  0.40E-11
2021   2  17   0  38.15 -105.95  0.46E-11
2021   2  17   0  38.20 -105.95  0.36E-11
2021   2  17   0  38.25 -105.95  0.34E-11
2021   2  17   0  38.30 -105.95  0.32E-11
2021   2  17   0  38.35 -105.95  0.60E-11
2021   2  17   0  38.40 -105.95  0.30E-11
2021   2  17   0  38.45 -105.95  0.30E-11
2021   2  17   0  38.50 -105.95  0.32E-11
2021   2  17   0  38.55 -105.95  0.28E-11
2021   2  17   0  38.60 -105.95  0.93E-12
2021   2  17   0  38.65 -105.95  0.23E-12
2021   2  17   0  38.70 -105.95  0.25E-13
2021   2  17   0  37.55 -105.90  0.89E-13
2021   2  17   0  37.60 -105.90  0.18E-12
2021   2  17   0  37.65 -105.90  0.22E-12
2021   2  17   0  37.70 -105.90  0.67E-12
2021   2  17   0  37.75 -105.90  0.15E-11
2021   2  17   0  37.80 -105.90  0.22E-11
2021   2  17   0  37.85 -105.90  0.27E-11
2021   2  17   0  37.90 -105.90  0.36E-11
2021   2  17   0  37.95 -105.90  0.36E-11
2021   2  17   0  38.00 -105.90  0.29E-11
2021   2  17   0  38.05 -105.90  0.37E-11
2021   2  17   0  38.10 -105.90  0.49E-11
2021   2  17   0  38.15 -105.90  0.42E-11
2021   2  17   0  38.20 -105.90  0.24E-11
2021   2  17   0  38.25 -105.90  0.43E-11
2021   2  17   0  38.30 -105.90  0.44E-11
2021   2  17   0  38.35 -105.90  0.53E-11
2021   2  17   0  38.40 -105.90  0.27E-11
2021   2  17   0  38.45 -105.90  0.35E-11
2021   2  17   0  38.50 -105.90  0.35E-11
2021   2  17   0  38.55 -105.90  0.26E-11
2021   2  17   0  38.60 -105.90  0.68E-12
2021   2  17   0  38.65 -105.90  0.23E-12
2021   2  17   0  37.60 -105.85  0.89E-13
2021   2  17   0  37.65 -105.85  0.62E-12
2021   2  17   0  37.70 -105.85  0.14E-11
2021   2  17   0  37.75 -105.85  0.15E-11
2021   2  17   0  37.80 -105.85  0.18E-11
2021   2  17   0  37.85 -105.85  0.23E-11
2021   2  17   0  37.90 -105.85  0.25E-11
2021   2  17   0  37.95 -105.85  0.32E-11
2021   2  17   0  38.00 -105.85  0.50E-11
2021   2  17   0  38.05 -105.85  0.55E-11
2021   2  17   0  38.10 -105.85  0.43E-11
2021   2  17   0  38.15 -105.85  0.32E-11
2021   2  17   0  38.20 -105.85  0.45E-11
2021   2  17   0  38.25 -105.85  0.38E-11
2021   2  17   0  38.30 -105.85  0.56E-11
2021   2  17   0  38.35 -105.85  0.40E-11
2021   2  17   0  38.40 -105.85  0.28E-11
2021   2  17   0  38.45 -105.85  0.45E-11
2021   2  17   0  38.50 -105.85  0.29E-11
2021   2  17   0  38.55 -105.85  0.19E-11
2021   2  17   0  38.60 -105.85  0.63E-12
2021   2  17   0  38.65 -105.85  0.15E-12
2021   2  17   0  37.65 -105.80  0.13E-12
2021   2  17   0  37.70 -105.80  0.49E-12
2021   2  17   0  37.75 -105.80  0.71E-12
2021   2  17   0  37.80 -105.80  0.21E-11
2021   2  17   0  37.85 -105.80  0.26E-11
2021   2  17   0  37.90 -105.80  0.34E-11
2021   2  17   0  37.95 -105.80  0.41E-11
2021   2  17   0  38.00 -105.80  0.36E-11
2021   2  17   0  38.05 -105.80  0.36E-11
2021   2  17   0  38.10 -105.80  0.31E-11
2021   2  17   0  38.15 -105.80  0.39E-11
2021   2  17   0  38.20 -105.80  0.39E-11
2021   2  17   0  38.25 -105.80  0.42E-11
2021   2  17   0  38.30 -105.80  0.37E-11
2021   2  17   0  38.35 -105.80  0.46E-11
2021   2  17   0  38.40 -105.80  0.39E-11
2021   2  17   0  38.45 -105.80  0.44E-11
2021   2  17   0  38.50 -105.80  0.20E-11
2021   2  17   0  38.55 -105.80  0.16E-11
2021   2  17   0  38.60 -105.80  0.35E-12
2021   2  17   0  38.65 -105.80  0.15E-12
2021   2  17   0  37.60 -105.75  0.22E-12
2021   2  17   0  37.65 -105.75  0.31E-12
2021   2  17   0  37.70 -105.75  0.67E-12
2021   2  17   0  37.75 -105.75  0.98E-12
2021   2  17   0  37.80 -105.75  0.12E-11
2021   2  17   0  37.85 -105.75  0.22E-11
2021   2  17   0  37.90 -105.75  0.28E-11
2021   2  17   0  37.95 -105.75  0.27E-11
2021   2  17   0  38.00 -105.75  0.32E-11
2021   2  17   0  38.05 -105.75  0.30E-11
2021   2  17   0  38.10 -105.75  0.35E-11
2021   2  17   0  38.15 -105.75  0.42E-11
2021   2  17   0  38.20 -105.75  0.42E-11
2021   2  17   0  38.25 -105.75  0.42E-11
2021   2  17   0  38.30 -105.75  0.49E-11
2021   2  17   0  38.35 -105.75  0.45E-11
2021   2  17   0  38.40 -105.75  0.48E-11
2021   2  17   0  38.45 -105.75  0.29E-11
2021   2  17   0  38.50 -105.75  0.17E-11
2021   2  17   0  38.55 -105.75  0.11E-11
2021   2  17   0  38.60 -105.75  0.20E-12
2021   2  17   0  38.65 -105.75  0.75E-13
2021   2  17   0  37.65 -105.70  0.22E-12
2021   2  17   0  37.70 -105.70  0.44E-12
2021   2  17   0  37.75 -105.70  0.11E-11
2021   2  17   0  37.80 -105.70  0.17E-11
2021   2  17   0  37.85 -105.70  0.16E-11
2021   2  17   0  37.90 -105.70  0.19E-11
2021   2  17   0  37.95 -105.70  0.24E-11
2021   2  17   0  38.00 -105.70  0.24E-11
2021   2  17   0  38.05 -105.70  0.29E-11
2021   2  17   0  38.10 -105.70  0.27E-11
2021   2  17   0  38.15 -105.70  0.29E-11
2021   2  17   0  38.20 -105.70  0.35E-11
2021   2  17   0  38.25 -105.70  0.40E-11
2021   2  17   0  38.30 -105.70  0.60E-11
2021   2  17   0  38.35 -105.70  0.44E-11
2021   2  17   0  38.40 -105.70  0.37E-11
2021   2  17   0  38.45 -105.70  0.20E-11
2021   2  17   0  38.50 -105.70  0.15E-11
2021   2  17   0  38.55 -105.70  0.62E-12
2021   2  17   0  38.60 -105.70  0.17E-12
2021   2  17   0  37.60 -105.65  0.18E-12
2021   2  17   0  37.65 -105.65  0.35E-12
2021   2  17   0  37.70 -105.65  0.58E-12
2021   2  17   0  37.75 -105.65  0.10E-11
2021   2  17   0  37.80 -105.65  0.12E-11
2021   2  17   0  37.85 -105.65  0.14E-11
2021   2  17   0  37.90 -105.65  0.17E-11
2021   2  17   0  37.95 -105.65  0.17E-11
2021   2  17   0  38.00 -105.65  0.26E-11
2021   2  17   0  38.05 -105.65  0.33E-11
2021   2  17   0  38.10 -105.65  0.30E-11
2021   2  17   0  38.15 -105.65  0.45E-11
2021   2  17   0  38.20 -105.65  0.50E-11
2021   2  17   0  38.25 -105.65  0.52E-11
2021   2  17   0  38.30 -105.65  0.54E-11
2021   2  17   0  38.35 -105.65  0.42E-11
2021   2  17   0  38.40 -105.65  0.27E-11
2021   2  17   0  38.45 -105.65  0.22E-11
2021   2  17   0  38.50 -105.65  0.12E-11
2021   2  17   0  38.55 -105.65  0.37E-12
2021   2  17   0  37.60 -105.60  0.44E-13
2021   2  17   0  37.70 -105.60  0.18E-12
2021   2  17   0  37.75 -105.60  0.62E-12
2021   2  17   0  37.80 -105.60  0.10E-11
2021   2  17   0  37.85 -105.60  0.17E-11
2021   2  17   0  37.90 -105.60  0.21E-11
2021   2  17   0  37.95 -105.60  0.29E-11
2021   2  17   0  38.00 -105.60  0.33E-11
2021   2  17   0  38.05 -105.60  0.35E-11
2021   2  17   0  38.10 -105.60  0.47E-11
2021   2  17   0  38.15 -105.60  0.53E-11
2021   2  17   0  38.20 -105.60  0.45E-11
2021   2  17   0  38.25 -105.60  0.51E-11
2021   2  17   0  38.30 -105.60  0.50E-11
2021   2  17   0  38.35 -105.60  0.37E-11
2021   2  17   0  38.40 -105.60  0.31E-11
2021   2  17   0  38.45 -105.60  0.14E-11
2021   2  17   0  38.50 -105.60  0.43E-12
2021   2  17   0  38.55 -105.60  0.15E-12
2021   2  17   0  37.70 -105.55  0.26E-12
2021   2  17   0  37.75 -105.55  0.44E-12
2021   2  17   0  37.80 -105.55  0.81E-12
2021   2  17   0  37.85 -105.55  0.86E-12
2021   2  17   0  37.90 -105.55  0.12E-11
2021   2  17   0  37.95 -105.55  0.19E-11
2021   2  17   0  38.00 -105.55  0.28E-11
2021   2  17   0  38.05 -105.55  0.32E-11
2021   2  17   0  38.10 -105.55  0.30E-11
2021   2  17   0  38.15 -105.55  0.34E-11
2021   2  17   0  38.20 -105.55  0.33E-11
2021   2  17   0  38.25 -105.55  0.40E-11
2021   2  17   0  38.30 -105.55  0.40E-11
2021   2  17   0  38.35 -105.55  0.28E-11
2021   2  17   0  38.40 -105.55  0.16E-11
2021   2  17   0  38.45 -105.55  0.81E-12
2021   2  17   0  38.50 -105.55  0.20E-12
2021   2  17   0  38.55 -105.55  0.50E-13
2021   2  17   0  37.70 -105.50  0.44E-13
2021   2  17   0  37.75 -105.50  0.49E-12
2021   2  17   0  37.80 -105.50  0.58E-12
2021   2  17   0  37.85 -105.50  0.12E-11
2021   2  17   0  37.90 -105.50  0.18E-11
2021   2  17   0  37.95 -105.50  0.20E-11
2021   2  17   0  38.00 -105.50  0.22E-11
2021   2  17   0  38.05 -105.50  0.31E-11
2021   2  17   0  38.10 -105.50  0.27E-11
2021   2  17   0  38.15 -105.50  0.34E-11
2021   2  17   0  38.20 -105.50  0.41E-11
2021   2  17   0  38.25 -105.50  0.44E-11
2021   2  17   0  38.30 -105.50  0.31E-11
2021   2  17   0  38.35 -105.50  0.21E-11
2021   2  17   0  38.40 -105.50  0.99E-12
2021   2  17   0  38.45 -105.50  0.44E-12
2021   2  17   0  38.50 -105.50  0.25E-12
2021   2  17   0  37.70 -105.45  0.13E-12
2021   2  17   0  37.75 -105.45  0.90E-13
2021   2  17   0  37.80 -105.45  0.18E-12
2021   2  17   0  37.85 -105.45  0.22E-12
2021   2  17   0  37.90 -105.45  0.63E-12
2021   2  17   0  37.95 -105.45  0.14E-11
2021   2  17   0  38.00 -105.45  0.15E-11
2021   2  17   0  38.05 -105.45  0.17E-11
2021   2  17   0  38.10 -105.45  0.19E-11
2021   2  17   0  38.15 -105.45  0.21E-11
2021   2  17   0  38.20 -105.45  0.31E-11
2021   2  17   0  38.25 -105.45  0.31E-11
2021   2  17   0  38.30 -105.45  0.28E-11
2021   2  17   0  38.35 -105.45  0.13E-11
2021   2  17   0  38.40 -105.45  0.60E-12
2021   2  17   0  38.45 -105.45  0.17E-12
2021   2  17   0  37.80 -105.40  0.23E-12
2021   2  17   0  37.85 -105.40  0.66E-12
2021   2  17   0  37.90 -105.40  0.88E-12
2021   2  17   0  37.95 -105.40  0.14E-11
2021   2  17   0  38.00 -105.40  0.19E-11
2021   2  17   0  38.05 -105.40  0.18E-11
2021   2  17   0  38.10 -105.40  0.24E-11
2021   2  17   0  38.15 -105.40  0.28E-11
2021   2  17   0  38.20 -105.40  0.25E-11
2021   2  17   0  38.25 -105.40  0.19E-11
2021   2  17   0  38.30 -105.40  0.18E-11
2021   2  17   0  38.35 -105.40  0.28E-12
2021   2  17   0  38.40 -105.40  0.24E-12
2021   2  17   0  37.80 -105.35  0.41E-12
2021   2  17   0  37.85 -105.35  0.67E-12
2021   2  17   0  37.90 -105.35  0.88E-12
2021   2  17   0  37.95 -105.35  0.11E-11
2021   2  17   0  38.00 -105.35  0.11E-11
2021   2  17   0  38.05 -105.35  0.18E-11
2021   2  17   0  38.10 -105.35  0.19E-11
2021   2  17   0  38.15 -105.35  0.20E-11
2021   2  17   0  38.20 -105.35  0.25E-11
2021   2  17   0  38.25 -105.35  0.19E-11
2021   2  17   0  38.30 -105.35  0.88E-12
2021   2  17   0  38.35 -105.35  0.45E-12
2021   2  17   0  38.40 -105.35  0.83E-13
2021   2  17   0  37.80 -105.30  0.79E-13
2021   2  17   0  37.85 -105.30  0.38E-12
2021   2  17   0  37.90 -105.30  0.11E-11
2021   2  17   0  37.95 -105.30  0.14E-11
2021   2  17   0  38.00 -105.30  0.18E-11
2021   2  17   0  38.05 -105.30  0.16E-11
2021   2  17   0  38.10 -105.30  0.15E-11
2021   2  17   0  38.15 -105.30  0.19E-11
2021   2  17   0  38.20 -105.30  0.14E-11
2021   2  17   0  38.25 -105.30  0.12E-11
2021   2  17   0  38.30 -105.30  0.16E-12
2021   2  17   0  37.80 -105.25  0.40E-13
2021   2  17   0  37.85 -105.25  0.12E-12
2021   2  17   0  37.90 -105.25  0.24E-12
2021   2  17   0  37.95 -105.25  0.53E-12
2021   2  17   0  38.00 -105.25  0.79E-12
2021   2  17   0  38.05 -105.25  0.98E-12
2021   2  17   0  38.10 -105.25  0.11E-11
2021   2  17   0  38.15 -105.25  0.11E-11
2021   2  17   0  38.20 -105.25  0.10E-11
2021   2  17   0  38.25 -105.25  0.18E-12
2021   2  17   0  37.85 -105.20  0.40E-13
2021   2  17   0  37.90 -105.20  0.12E-12
2021   2  17   0  37.95 -105.20  0.16E-12
2021   2  17   0  38.00 -105.20  0.52E-12
2021   2  17   0  38.05 -105.20  0.73E-12
2021   2  17   0  38.10 -105.20  0.65E-12
2021   2  17   0  38.15 -105.20  0.53E-12
2021   2  17   0  38.20 -105.20  0.12E-12
